Sample_ID	OmyY1	OmyY1	R18251	R18251	R23044	R23044	R30220	R30220	R34286	R34286	R38993	R38993	SH114448	SH114448	R000200	R000200	R033859	R033859	R09768	R09768	R12730	R12730	R24463	R24463	R00586	R00586	R19198	R19198	R23330	R23330	R30355	R30355	R34385	R34385	R39365	R39365	SH121006	SH121006	R018277	R018277	R03418	R03418	R10226	R10226	R13191	R13191	R24493	R24493	R12738	R12738	R19633	R19633	R23813	R23813	R30423	R30423	R34662	R34662	R40094	R40094	SH127236	SH127236	R02551	R02551	R03924	R03924	R10530	R10530	R16543	R16543	R26255	R26255	R13730	R13730	R19731	R19731	R24068	R24068	R30589	R30589	R35324	R35324	R40152	R40152	OMS00116	OMS00116	R02676	R02676	R04143	R04143	R11238	R11238	R19868	R19868	R27050	R27050	R14225	R14225	R21285	R21285	R24273	R24273	R30678	R30678	R37205	R37205	R40252	R40252	OMS00143	OMS00143	R02783	R02783	R04203	R04203	R11353	R11353	R19948	R19948	R30551	R30551	R14383	R14383	R21330	R21330	R24370	R24370	R33010	R33010	R37229	R37229	R40319	R40319	OMS00144	OMS00144	R02785	R02785	R04760	R04760	R11790	R11790	R20353	R20353	R32124	R32124	R14511	R14511	R21561	R21561	R28680	R28680	R33411	R33411	R37560	R37560	R40342	R40342	OMS00159	OMS00159	R03042	R03042	R04944	R04944	R12528	R12528	R21023	R21023	R32692	R32692	R14589	R14589	R22570	R22570	R30015	R30015	R33562	R33562	R38346	R38346	R40580	R40580	OMS00169	OMS00169	R03306	R03306	R08985	R08985	R12611	R12611	R22488	R22488	R36639	R36639
M015436_M145_10A	0	0	4	4	2	2	1	1	4	4	3	3	0	0	1	1	3	3	2	2	2	2	0	0	3	3	3	3	4	4	4	4	2	2	1	1	2	2	2	2	4	4	2	2	3	3	4	4	1	1	4	4	2	2	3	3	0	0	3	3	3	3	2	2	4	4	3	3	2	2	3	3	1	1	2	4	2	2	4	4	3	3	1	3	1	4	1	1	1	1	1	3	1	1	4	4	2	2	2	2	4	4	3	3	3	3	4	4	2	2	3	3	2	2	1	3	3	3	1	1	1	1	1	1	3	3	1	1	0	0	2	2	2	2	4	4	4	4	1	1	1	1	0	0	4	4	1	1	1	1	1	1	1	1	2	2	2	2	4	4	4	4	4	4	2	2	3	3	4	4	0	0	3	3	1	1	1	1	4	4	1	1	2	2	4	4	3	3	4	4	3	3
M015444_M145_11A	0	0	4	4	2	2	1	1	4	4	3	3	0	0	1	3	3	3	2	2	2	2	0	0	3	3	3	3	4	4	3	4	2	2	1	1	2	2	2	2	4	4	2	2	3	3	4	4	1	1	4	4	2	2	2	3	0	0	3	3	3	3	0	0	4	4	3	3	2	2	1	3	1	1	2	2	2	2	4	4	0	0	1	1	4	4	1	1	1	1	1	1	1	1	4	4	2	2	2	2	4	4	2	3	3	3	4	4	2	2	3	3	2	2	1	1	3	3	1	1	1	1	1	1	3	3	1	1	0	0	2	2	2	2	4	4	4	4	1	1	1	1	0	0	4	4	1	1	1	1	1	3	1	1	2	2	2	2	1	4	4	4	4	4	2	2	3	3	4	4	0	0	3	3	1	1	1	1	4	4	1	1	2	2	4	4	3	3	4	4	3	3
M015452_M145_12A	0	0	4	4	2	2	1	1	4	4	3	3	0	0	1	1	3	3	2	2	2	2	0	0	3	3	3	3	4	4	3	3	2	2	1	4	2	2	2	2	4	4	2	2	3	3	4	4	1	1	4	4	2	2	2	3	0	0	3	3	3	3	2	2	4	4	3	3	2	2	1	1	1	1	2	4	2	2	4	4	1	1	1	1	4	4	1	1	1	1	1	1	1	1	4	4	2	2	2	2	1	4	2	2	3	3	4	4	2	2	3	3	2	2	1	1	1	3	1	1	1	1	1	1	3	3	1	1	0	0	2	2	2	2	4	4	4	4	1	1	1	1	0	0	4	4	1	1	1	1	1	1	1	1	2	2	2	2	0	0	4	4	4	4	2	2	3	3	4	4	0	0	3	3	1	1	1	1	4	4	1	1	2	2	4	4	3	3	4	4	3	3
M015852_M150_2A	0	0	4	4	2	2	1	1	4	4	3	3	4	4	1	3	3	3	2	2	2	2	0	0	3	3	3	3	4	4	3	4	2	2	1	1	2	2	4	2	4	4	2	2	3	3	4	4	1	1	2	4	2	2	3	3	0	0	3	3	3	3	2	2	4	4	3	3	2	2	1	3	1	1	4	4	2	2	4	4	1	3	1	1	1	4	1	1	1	1	1	3	1	1	4	4	2	2	0	0	0	0	2	3	3	3	4	4	4	2	3	3	2	2	1	1	1	3	1	1	1	1	1	1	3	3	1	1	0	0	2	2	2	2	4	4	4	4	1	1	1	1	0	0	4	4	1	1	1	1	1	3	1	1	2	2	2	2	4	4	4	4	4	4	2	2	3	3	4	4	0	0	3	3	1	1	1	1	4	4	1	1	1	1	4	4	3	3	4	4	3	3
M015860_M150_3A	0	0	4	4	2	2	2	2	3	3	3	3	2	4	3	3	3	3	2	2	0	0	0	0	3	3	1	1	0	0	0	0	1	1	1	1	1	2	2	2	1	1	0	0	0	0	4	4	1	1	0	0	2	2	3	3	0	0	3	3	2	2	1	1	4	4	3	3	1	2	3	3	1	1	4	4	1	2	3	4	0	0	3	3	1	4	0	0	3	3	0	0	2	2	0	0	2	4	4	4	4	4	2	2	3	3	0	0	2	2	3	3	1	2	3	3	3	3	2	2	1	1	1	1	1	1	1	3	0	0	4	4	2	2	0	0	2	2	1	1	0	0	0	0	2	2	3	3	4	4	3	3	3	3	4	4	2	2	0	0	2	2	0	0	2	2	3	3	0	0	0	0	2	2	3	3	1	1	2	4	1	1	2	2	2	2	1	3	2	2	3	3
M014996_M141_3A	0	0	4	4	2	2	2	2	3	3	3	3	2	2	1	1	3	3	2	2	4	4	0	0	3	3	1	1	3	3	3	3	1	1	1	1	1	1	4	4	1	1	4	4	4	4	4	4	1	1	2	2	2	2	3	3	0	0	3	3	2	2	1	1	4	4	3	3	2	2	3	3	1	1	4	4	2	2	3	4	3	3	3	3	1	1	3	3	3	3	3	3	2	2	3	3	2	2	4	4	4	4	2	2	3	3	1	1	2	2	3	3	2	2	3	3	3	3	2	2	1	2	1	1	1	1	1	1	0	0	4	4	2	2	3	3	2	2	1	1	3	3	0	0	2	2	3	3	4	4	3	3	3	3	2	2	2	2	1	1	2	2	2	2	2	3	3	3	1	1	0	0	3	3	3	3	1	1	4	4	1	1	1	1	2	2	1	1	2	2	3	3
M015004_M141_4A	0	0	4	4	2	2	2	2	3	3	3	3	2	2	1	1	3	3	2	2	4	4	0	0	3	3	1	1	3	3	3	3	1	1	1	1	1	2	4	4	1	1	4	4	4	4	4	2	1	1	2	2	2	2	3	3	0	0	3	3	2	2	1	1	4	4	3	3	2	2	3	3	1	1	4	4	2	2	3	4	3	3	3	3	1	1	3	3	3	3	3	3	2	2	3	3	2	2	4	4	4	4	2	2	3	3	1	1	2	2	3	3	1	2	3	3	1	3	2	2	1	1	1	1	1	1	1	1	0	0	4	4	2	2	3	3	2	2	1	3	3	3	0	0	2	2	3	3	4	4	3	3	3	3	2	2	2	2	1	1	2	2	2	2	2	2	3	3	1	1	0	0	2	2	3	3	1	1	4	4	1	1	1	2	2	2	1	1	2	2	3	3
M015012_M141_5A	0	0	4	4	2	2	1	1	4	4	3	3	4	4	1	1	3	3	2	2	2	2	0	0	3	3	3	3	4	4	3	4	2	2	1	1	2	2	4	2	4	4	2	2	3	3	4	4	1	1	2	4	2	2	2	3	0	0	3	3	3	3	2	2	4	4	3	3	2	2	3	3	1	1	4	4	2	2	4	4	1	1	1	1	1	4	1	1	1	1	1	3	1	1	4	4	2	2	2	4	4	4	2	2	3	3	4	4	2	2	3	3	2	2	1	1	1	1	1	1	1	1	1	1	3	3	1	1	0	0	2	2	2	2	4	4	4	4	1	1	1	1	0	0	4	4	1	1	1	1	1	3	1	1	2	2	2	2	1	4	4	4	4	4	2	2	3	3	4	4	0	0	3	3	1	1	1	1	4	4	1	1	0	0	4	4	3	3	4	4	3	3
M015020_M141_6A	0	0	4	4	2	2	2	2	3	3	3	3	2	2	1	1	3	3	2	2	4	4	0	0	3	3	1	1	3	3	3	3	1	1	1	1	1	1	4	4	1	1	4	4	4	4	4	4	1	1	2	2	2	2	3	3	0	0	3	3	2	2	1	1	4	4	3	3	1	2	3	3	2	2	4	4	1	2	3	3	3	3	3	3	1	1	3	3	3	3	3	3	2	2	3	3	2	2	4	4	4	4	2	2	3	3	1	1	2	2	3	3	1	2	3	3	1	3	2	2	1	1	1	1	1	1	1	3	0	0	4	4	2	2	3	3	2	2	1	1	3	3	0	0	2	2	1	3	4	4	3	3	3	3	4	4	2	2	1	1	2	2	2	2	2	2	3	3	1	1	0	0	2	2	3	3	1	1	4	4	1	1	1	1	2	2	0	0	2	2	3	3
M015160_M142_11E	0	0	4	4	2	2	1	1	4	4	4	4	0	0	1	1	3	3	2	2	2	2	0	0	3	3	3	3	4	4	4	4	2	2	4	4	2	2	2	2	4	4	2	2	3	3	4	4	1	1	4	4	2	2	2	3	0	0	3	3	3	3	2	2	4	4	3	3	2	2	3	3	1	1	2	4	2	2	4	4	3	3	3	3	1	4	1	1	1	1	3	3	1	1	4	4	2	2	2	2	4	4	2	2	3	3	4	4	2	2	3	3	2	2	1	1	1	1	1	1	1	1	1	1	3	3	1	1	0	0	2	2	2	2	4	4	4	4	1	1	1	1	0	0	4	4	1	1	1	1	1	3	1	1	2	2	2	2	1	4	4	4	4	4	2	2	3	3	4	4	0	0	3	3	1	1	1	1	4	4	1	1	2	2	4	4	3	3	4	4	3	3
M015429_M145_9B	0	0	4	4	2	2	1	1	4	4	3	4	4	4	1	3	3	3	2	2	2	2	0	0	3	3	3	3	4	4	3	3	2	2	1	4	2	2	2	2	4	4	2	2	3	3	4	4	1	1	2	4	2	2	2	3	0	0	3	3	3	3	2	2	4	4	3	3	2	2	1	1	1	1	2	2	2	2	4	4	1	1	1	1	4	4	1	1	1	1	1	1	1	1	4	4	2	2	2	2	4	4	2	3	3	3	4	4	2	2	3	3	2	2	1	3	1	3	1	1	1	1	1	1	3	3	1	1	0	0	2	2	2	2	4	4	4	4	1	1	1	1	0	0	4	4	1	1	1	1	1	1	1	1	2	2	2	2	1	4	4	4	4	4	2	2	3	3	4	4	0	0	3	3	1	1	1	1	4	4	1	1	2	2	4	4	3	3	4	4	3	3
M015437_M145_10B	0	0	4	4	2	2	0	0	3	4	3	4	2	4	1	1	3	3	2	2	4	2	0	0	3	3	1	3	3	4	3	3	1	2	1	1	1	2	2	2	1	4	2	4	3	4	4	4	1	1	2	4	2	2	3	3	0	0	3	3	3	2	1	2	4	4	3	3	2	2	1	3	1	1	2	4	2	2	3	4	1	3	1	3	4	4	1	3	1	3	1	3	1	2	3	4	2	2	2	4	4	4	2	3	3	3	1	4	2	2	3	3	2	2	3	3	1	3	1	2	1	1	1	1	1	3	1	1	0	0	2	4	2	2	3	4	4	2	1	1	1	3	0	0	2	4	1	3	1	4	3	3	1	1	2	2	2	2	1	1	2	4	4	2	2	2	3	3	1	4	0	0	3	3	1	3	1	1	4	4	1	1	2	2	4	2	3	3	4	2	3	3
M015445_M145_11B	0	0	4	4	2	2	1	1	4	4	3	3	4	4	1	1	3	3	2	2	2	2	0	0	3	3	3	3	4	4	3	4	2	2	1	1	2	2	2	2	4	4	2	2	3	3	4	4	1	2	4	4	2	2	2	2	0	0	3	3	3	3	2	2	4	4	3	3	2	2	1	1	1	1	2	4	2	2	4	4	1	1	1	3	4	4	1	1	1	1	1	1	1	1	4	4	2	2	2	2	4	4	3	3	3	3	4	4	2	2	3	3	2	2	1	3	3	3	1	1	1	1	1	1	3	3	1	1	0	0	2	2	2	2	4	4	4	4	1	1	1	1	0	0	4	4	1	1	1	1	3	3	1	1	2	2	2	2	1	1	4	4	4	4	2	2	3	3	4	4	0	0	3	3	1	1	1	1	4	4	1	1	2	2	4	4	3	3	4	4	3	3
M015453_M145_12B	0	0	4	4	2	2	1	1	4	4	3	3	4	4	1	1	3	3	2	2	2	2	0	0	3	3	3	3	4	4	3	3	2	2	4	4	2	2	2	2	4	4	2	2	3	3	4	4	1	2	4	4	2	2	3	3	0	0	3	3	3	3	2	2	4	4	3	3	2	2	1	1	1	1	4	4	2	2	4	4	3	3	1	1	1	4	1	1	1	1	1	1	1	1	4	4	2	2	2	2	4	4	2	3	3	3	4	4	2	2	3	3	2	2	1	1	3	3	1	1	1	1	1	1	3	3	1	1	0	0	2	2	2	2	4	4	4	4	1	1	1	1	0	0	4	4	1	1	1	1	1	1	1	1	2	2	2	2	1	4	4	4	4	4	2	2	3	3	4	4	0	0	3	3	1	1	1	1	4	4	1	1	2	2	4	4	3	3	4	4	3	3
M015853_M150_2B	0	0	4	4	2	2	1	1	4	4	3	3	4	4	1	3	3	3	2	2	2	2	0	0	3	3	3	3	4	4	3	4	2	2	1	4	2	2	2	2	4	4	2	2	3	3	4	4	1	1	2	4	2	2	2	2	0	0	3	3	0	0	2	2	4	4	3	3	2	2	1	3	1	1	2	4	2	2	4	4	1	3	1	1	1	1	1	1	1	1	1	3	1	1	4	4	2	2	2	2	1	4	0	0	3	3	4	4	2	2	3	3	2	2	1	1	3	3	1	1	1	1	1	2	3	3	1	1	0	0	2	2	2	2	4	4	4	4	1	1	1	1	0	0	4	4	1	1	1	1	1	3	1	1	2	2	2	2	4	4	4	4	4	4	2	2	3	3	4	4	0	0	3	3	1	1	1	1	4	4	1	1	2	2	4	4	3	3	4	4	3	3
M015861_M150_3B	0	0	4	4	2	2	1	2	3	4	3	3	2	4	1	1	3	3	2	2	4	2	0	0	3	3	1	3	3	4	3	4	1	2	1	1	1	2	4	2	1	4	2	4	3	4	4	4	1	1	2	2	2	2	3	3	0	0	3	3	3	2	1	2	4	4	3	3	2	2	3	3	1	1	4	4	2	2	3	4	3	3	1	3	1	1	1	3	1	3	3	3	1	2	3	4	2	2	2	4	4	4	2	2	3	3	1	4	2	2	3	3	0	0	1	3	0	0	0	0	1	1	1	1	1	3	1	1	0	0	2	4	2	2	3	4	4	2	1	1	1	3	0	0	2	4	1	3	1	4	1	3	0	0	2	2	2	2	1	1	2	4	4	2	2	2	3	3	1	4	0	0	3	3	1	3	1	1	4	4	1	1	2	2	4	2	3	3	4	2	3	3
M015869_M150_4B	0	0	4	4	2	2	1	2	3	4	3	3	2	4	3	3	3	3	2	2	4	2	0	0	1	3	1	3	3	4	3	4	1	2	1	1	1	2	0	0	1	4	2	4	3	4	4	2	1	1	2	4	2	2	3	3	0	0	3	3	3	2	1	2	4	4	3	3	1	2	3	3	1	1	4	4	2	2	4	4	3	3	1	3	1	1	1	3	1	3	1	3	1	2	3	4	2	2	2	4	1	4	2	3	3	3	1	4	2	2	3	3	1	2	3	3	3	3	1	2	1	1	1	1	1	3	1	3	0	0	0	0	2	2	3	4	4	2	1	1	1	3	0	0	2	4	1	3	1	4	1	3	1	3	2	2	2	2	1	4	2	4	4	2	2	2	3	3	1	4	0	0	2	2	1	3	1	1	2	4	1	1	1	2	4	2	3	3	4	2	3	3
M014997_M141_3B	0	0	4	4	2	2	2	2	3	3	3	3	2	2	1	1	3	3	2	2	4	4	0	0	3	3	1	1	3	3	3	3	1	1	1	1	1	1	4	2	1	1	4	4	4	4	4	4	1	1	2	2	2	2	3	3	0	0	3	3	2	2	1	1	4	4	3	3	1	2	3	3	1	2	4	4	1	2	3	4	3	3	3	3	1	1	3	3	3	3	3	3	2	2	3	3	2	2	4	4	4	4	2	2	3	3	1	1	2	2	3	3	0	0	3	3	1	3	2	2	1	1	1	1	1	1	1	3	0	0	4	4	2	2	3	3	2	2	1	1	3	3	0	0	2	2	1	3	4	4	3	3	3	3	2	4	2	2	1	1	2	2	2	2	2	3	3	3	1	1	0	0	2	2	3	3	1	1	4	4	1	1	1	2	2	2	0	0	2	2	3	3
M015005_M141_4B	0	0	4	4	2	2	0	0	3	4	3	4	2	4	1	1	3	3	2	2	4	2	0	0	3	3	1	3	3	4	3	4	1	2	1	1	1	2	4	2	1	4	2	4	3	4	4	4	1	1	2	4	2	2	2	3	0	0	3	3	3	2	1	2	4	4	3	3	2	2	3	3	1	1	4	4	2	2	3	4	3	3	3	3	1	1	1	3	1	3	1	3	1	2	3	4	2	2	2	4	4	4	2	2	3	3	1	4	2	2	3	3	2	2	3	3	1	3	1	2	1	1	1	1	1	3	1	1	0	0	2	4	2	2	3	4	4	2	1	1	1	3	0	0	2	4	1	3	1	4	1	3	1	3	2	2	2	2	1	4	2	4	4	2	2	2	3	3	1	4	0	0	3	3	1	3	1	1	4	4	1	1	2	2	4	2	3	3	4	2	3	3
M015013_M141_5B	0	0	4	4	2	2	2	2	3	4	3	3	2	4	1	1	3	3	2	2	4	2	0	0	1	3	1	3	3	4	3	4	1	2	1	1	1	2	4	4	1	4	2	4	3	4	4	4	1	1	2	4	2	2	3	3	0	0	3	3	3	2	1	2	4	4	3	3	2	2	3	3	1	1	4	4	2	2	3	4	3	3	1	3	1	1	1	3	1	3	1	3	1	2	3	4	2	2	2	4	4	4	2	3	3	3	1	4	2	2	3	3	2	2	1	3	3	3	1	2	1	2	1	1	1	3	1	1	0	0	2	4	2	2	3	4	4	2	1	1	1	3	0	0	2	4	1	3	1	4	3	3	1	1	2	2	2	2	1	1	2	4	4	2	2	3	3	3	1	4	0	0	3	3	1	3	1	1	4	4	1	1	2	2	4	2	3	3	4	2	3	3
M015021_M141_6B	0	0	4	4	2	2	2	2	3	3	3	3	2	2	1	3	3	3	2	2	4	4	0	0	3	3	1	1	3	3	3	3	1	1	1	1	1	1	4	2	1	1	4	4	4	4	4	4	1	1	2	2	2	2	3	3	0	0	3	3	2	2	1	1	4	4	3	3	2	2	3	3	1	1	4	4	2	2	4	4	3	3	3	3	1	4	3	3	3	3	3	3	2	2	3	3	2	4	4	4	4	4	2	2	3	3	1	1	2	2	3	3	0	0	3	3	3	3	2	2	1	2	1	1	1	1	1	1	0	0	4	4	2	2	3	3	2	2	1	1	3	3	0	0	2	2	3	3	4	4	3	3	3	3	2	2	2	2	1	1	2	2	2	2	2	2	3	3	1	1	0	0	3	3	3	3	1	1	4	4	1	1	1	2	2	2	0	0	2	2	3	3
M015161_M142_11F	0	0	4	4	2	2	1	1	4	4	3	4	4	4	1	1	3	3	2	2	2	2	0	0	3	3	3	3	3	4	4	4	2	2	4	4	2	2	2	2	4	4	2	2	3	3	4	4	1	1	4	4	2	2	2	3	0	0	3	3	3	3	2	2	4	4	3	3	2	2	1	3	1	1	0	0	2	2	4	4	3	3	1	3	1	4	1	1	1	1	3	3	1	1	4	4	2	2	2	4	4	4	2	2	3	3	4	4	2	2	3	3	2	2	1	1	1	1	1	1	1	1	1	1	3	3	1	1	0	0	2	2	2	2	4	4	4	4	1	1	1	1	0	0	4	4	1	1	1	1	1	3	1	1	2	2	2	2	0	0	4	4	4	4	2	2	3	3	4	4	0	0	3	3	1	1	1	1	4	4	1	1	1	2	4	4	3	3	0	0	3	3
M015430_M145_9C	0	0	4	4	2	2	1	1	4	4	3	3	4	4	1	1	3	3	2	2	2	2	0	0	3	3	3	3	4	4	3	3	2	2	1	1	2	2	2	2	4	4	2	2	3	3	4	4	1	1	4	4	2	2	3	3	0	0	3	3	3	3	2	2	4	4	3	3	2	2	1	1	1	1	2	2	2	2	4	4	1	3	1	3	1	4	1	1	1	1	1	1	1	1	4	4	2	2	2	2	4	4	3	3	3	3	4	4	2	2	3	3	2	2	1	1	3	3	1	1	1	1	1	1	3	3	1	1	0	0	2	2	2	2	4	4	4	4	1	1	1	1	0	0	4	4	1	1	1	1	1	3	1	1	2	2	2	2	1	1	4	4	4	4	2	2	3	3	4	4	0	0	3	3	1	1	1	1	4	4	1	1	2	2	4	4	3	3	4	4	3	3
M015438_M145_10C	0	0	4	4	2	2	0	0	3	4	3	3	2	4	1	1	3	3	2	2	4	2	0	0	3	3	1	3	3	4	3	3	1	2	1	4	1	2	2	2	1	4	2	4	3	4	4	4	1	2	2	4	2	2	2	3	0	0	3	3	3	2	1	2	4	4	3	3	2	2	3	3	1	1	4	4	2	2	3	4	3	3	1	3	4	4	1	3	1	3	1	3	1	2	3	4	2	2	2	4	4	4	2	3	3	3	1	4	2	2	3	3	2	2	1	3	3	3	1	2	1	1	1	1	1	3	1	1	0	0	2	4	2	2	3	4	4	2	1	1	1	3	0	0	2	4	1	3	1	4	3	3	1	1	2	2	2	2	1	4	2	4	4	2	2	2	3	3	1	4	0	0	3	3	1	3	1	1	4	4	1	1	2	2	4	2	3	3	4	2	3	3
M015446_M145_11C	0	0	4	4	2	2	1	1	4	4	3	3	4	4	1	1	3	3	2	2	2	2	0	0	3	3	3	3	3	4	3	3	2	2	1	4	2	2	2	2	4	4	2	2	3	3	4	4	1	1	4	4	2	2	2	3	0	0	3	3	3	3	2	2	4	4	3	3	2	2	1	1	1	1	2	2	2	2	4	4	1	3	3	3	1	4	1	1	1	1	1	1	1	1	4	4	2	2	2	2	4	4	3	3	3	3	4	4	2	2	3	3	2	2	1	3	3	3	1	1	1	1	1	1	3	3	1	1	0	0	2	2	2	2	4	4	4	4	1	1	1	1	0	0	4	4	1	1	1	1	1	1	1	1	2	2	2	2	1	4	4	4	4	4	2	2	3	3	4	4	0	0	3	3	1	1	1	1	4	4	1	1	2	2	4	4	3	3	4	4	3	3
M015454_M145_12C	0	0	4	4	2	2	1	1	4	4	3	3	4	4	1	1	3	3	2	2	2	2	0	0	3	3	3	3	4	4	3	3	2	2	1	1	2	2	2	2	4	4	2	2	3	3	4	4	1	1	4	4	2	2	2	3	0	0	3	3	3	3	2	2	4	4	3	3	2	2	1	1	1	1	0	0	2	2	4	4	1	1	3	3	4	4	1	1	1	1	1	1	1	1	4	4	2	2	2	2	4	4	3	3	3	3	4	4	2	2	3	3	2	2	0	0	3	3	1	1	1	1	1	1	3	3	1	1	0	0	2	2	2	2	4	4	4	4	1	1	1	1	0	0	4	4	1	1	1	1	3	3	1	1	2	2	2	2	1	1	4	4	4	4	2	2	3	3	4	4	0	0	3	3	1	1	1	1	4	4	1	1	2	2	4	4	3	3	4	4	3	3
M015854_M150_2C	0	0	4	4	2	2	1	2	3	4	3	3	2	4	1	3	3	3	4	2	4	2	0	0	3	3	1	3	3	4	0	0	1	2	1	4	2	2	2	2	1	4	2	4	3	4	4	2	1	1	2	4	2	2	2	3	0	0	3	3	3	2	1	2	4	4	3	3	0	0	3	3	1	2	4	4	2	2	3	4	1	3	1	3	1	1	1	3	1	3	0	0	1	2	3	4	2	2	2	4	4	4	0	0	3	3	1	4	2	2	3	3	2	2	1	3	0	0	1	2	1	2	1	2	1	3	1	1	0	0	0	0	2	2	3	4	4	2	1	1	1	3	0	0	2	4	1	3	1	4	3	3	1	3	2	2	2	2	1	4	2	4	4	2	2	2	3	3	1	4	0	0	3	3	1	3	1	1	2	4	1	1	1	2	4	2	3	3	4	2	3	3
M015862_M150_3C	0	0	4	4	2	2	2	2	3	3	0	0	2	2	3	3	3	3	2	2	4	4	0	0	1	3	1	1	3	3	3	3	1	1	1	1	1	1	0	0	1	1	4	4	4	4	4	2	1	1	2	2	2	2	3	3	0	0	3	3	2	2	1	1	4	4	3	3	1	1	3	3	1	1	4	4	1	1	3	4	3	3	3	3	1	4	3	3	3	3	3	3	2	2	3	3	2	2	4	4	1	1	2	2	3	3	1	1	2	2	3	3	1	2	3	3	1	3	2	2	1	2	1	1	1	1	1	3	0	0	4	4	2	2	3	3	2	2	1	1	3	3	0	0	2	2	3	3	4	4	3	3	3	3	4	4	2	2	1	1	2	2	2	2	2	3	3	3	1	1	0	0	2	2	3	3	1	1	2	2	1	1	1	2	2	2	0	0	2	2	3	3
M015870_M150_4C	0	0	4	4	2	2	1	2	3	4	3	3	2	4	3	3	3	3	2	2	4	2	0	0	1	3	1	3	3	4	3	3	1	2	1	1	1	2	0	0	1	4	2	4	3	4	4	2	1	1	2	4	2	2	2	3	0	0	3	3	3	2	1	2	4	4	3	3	1	2	3	3	1	1	4	4	2	2	4	4	1	3	3	3	1	1	1	3	1	3	3	3	1	2	3	4	2	2	2	4	1	4	2	2	3	3	1	4	2	2	3	3	1	2	3	3	1	3	1	2	1	1	1	2	1	3	1	3	0	0	0	0	2	2	3	4	4	2	1	1	1	3	0	0	2	4	1	3	1	4	3	3	1	3	2	2	2	2	1	4	2	4	4	2	2	2	3	3	1	4	0	0	2	2	1	3	1	1	2	4	1	1	1	2	4	2	3	3	4	2	3	3
M014998_M141_3C	0	0	4	4	2	2	2	2	3	4	3	3	2	4	1	1	3	3	2	2	4	2	0	0	3	3	1	3	3	4	3	4	1	2	1	1	1	2	4	2	1	4	2	4	3	4	4	4	1	1	2	4	2	2	3	3	0	0	3	3	3	2	1	2	4	4	3	3	2	2	3	3	1	1	4	4	2	2	3	4	3	3	1	3	1	1	1	3	1	3	1	3	1	2	3	4	2	2	2	4	4	4	2	3	3	3	1	4	2	2	3	3	2	2	1	3	3	3	1	2	1	2	1	1	1	3	1	1	0	0	2	4	2	2	3	4	4	2	1	1	1	3	0	0	2	4	1	3	1	4	3	3	1	3	2	2	2	2	1	1	2	4	4	2	2	3	3	3	1	4	0	0	3	3	1	3	1	1	4	4	1	1	2	2	4	2	3	3	4	2	3	3
M015006_M141_4C	0	0	4	4	2	2	0	0	3	4	3	3	2	4	1	1	3	3	2	2	4	2	0	0	3	3	1	3	3	4	3	4	1	2	1	1	1	2	4	4	1	4	2	4	3	4	4	4	1	1	2	4	2	2	3	3	0	0	3	3	3	2	1	2	4	4	3	3	2	2	3	3	1	1	4	4	2	2	3	4	1	3	1	3	4	4	1	3	1	3	3	3	1	2	3	4	2	2	2	4	4	4	2	2	3	3	1	4	2	2	3	3	2	2	1	3	1	3	1	2	1	1	1	1	1	3	1	1	0	0	0	0	2	2	3	4	4	2	1	1	1	3	0	0	2	4	1	3	1	4	1	3	1	3	2	2	2	2	1	4	2	4	4	2	2	2	3	3	1	4	0	0	3	3	1	3	1	1	4	4	1	1	2	2	4	2	3	3	4	2	3	3
M015014_M141_5C	0	0	4	4	2	2	1	1	4	4	3	3	4	4	1	1	3	3	2	2	2	2	0	0	3	3	3	3	4	4	3	4	2	2	1	4	2	2	4	2	4	4	2	2	3	3	4	4	1	1	2	4	2	2	2	3	0	0	3	3	3	3	2	2	4	4	3	3	2	2	1	1	1	1	4	4	2	2	4	4	1	3	1	3	1	1	1	1	1	1	1	3	1	1	4	4	2	2	2	2	4	4	2	2	3	3	4	4	2	2	3	3	2	2	1	1	1	3	1	1	1	1	1	1	3	3	1	1	0	0	2	2	2	2	4	4	4	4	1	1	1	1	0	0	4	4	1	1	1	1	1	3	1	1	2	2	2	2	1	4	4	4	4	4	2	2	3	3	4	4	0	0	3	3	1	1	1	1	4	4	1	1	1	1	4	4	3	3	4	4	3	3
M015022_M141_6C	0	0	4	4	2	2	1	2	3	4	3	3	2	4	1	1	3	3	2	2	4	2	0	0	3	3	1	3	3	4	3	4	1	2	1	1	2	2	4	4	1	4	2	4	3	4	4	2	1	1	2	2	2	2	3	3	0	0	3	3	3	2	1	2	4	4	3	3	2	2	3	3	1	1	4	4	2	2	3	4	3	3	3	3	1	4	1	3	1	3	1	3	1	2	3	4	2	2	2	4	4	4	2	2	3	3	1	4	2	2	3	3	1	2	1	3	1	3	1	2	1	1	1	1	1	3	1	1	0	0	2	4	2	2	3	4	4	2	1	1	1	3	0	0	2	4	1	3	1	4	1	3	1	3	2	2	2	2	1	4	2	4	4	2	2	2	3	3	1	4	0	0	2	2	1	3	1	1	4	4	1	1	2	2	4	2	3	3	4	2	3	3
M015162_M142_11G	0	0	4	4	2	2	1	1	4	4	3	4	4	4	1	1	3	3	2	2	2	2	0	0	3	3	3	3	4	4	4	4	2	2	1	1	2	2	2	2	4	4	2	2	3	3	4	4	1	1	2	4	2	2	2	2	0	0	3	3	3	3	2	2	4	4	3	3	2	2	1	3	1	1	0	0	2	2	4	4	0	0	3	3	1	4	1	1	1	1	1	3	1	1	4	4	2	2	2	2	4	4	2	3	3	3	4	4	2	2	3	3	2	2	1	1	1	3	1	1	1	1	1	1	3	3	1	1	0	0	2	2	2	2	4	4	4	4	1	1	1	1	0	0	4	4	1	1	1	1	1	3	1	1	2	2	2	2	0	0	4	4	4	4	2	2	3	3	4	4	0	0	3	3	1	1	1	1	4	4	1	1	1	2	4	4	3	3	4	4	3	3
M015431_M145_9D	0	0	4	4	2	2	1	1	4	4	3	3	4	4	1	1	3	3	2	2	2	2	0	0	3	3	3	3	4	4	3	3	2	2	1	4	2	2	4	2	4	4	2	2	3	3	4	4	1	2	4	4	2	2	2	3	0	0	3	3	3	3	2	2	4	4	3	3	2	2	1	1	1	1	2	4	2	2	4	4	1	3	1	1	4	4	1	1	1	1	1	1	1	1	4	4	2	2	2	2	4	4	3	3	3	3	4	4	2	2	3	3	2	2	1	3	3	3	1	1	1	1	1	1	3	3	1	1	0	0	2	2	2	2	4	4	4	4	1	1	1	1	0	0	4	4	1	1	1	1	1	3	1	1	2	2	2	2	1	1	4	4	4	4	2	2	3	3	4	4	0	0	3	3	1	1	1	1	4	4	1	1	2	2	4	4	3	3	4	4	3	3
M015439_M145_10D	0	0	4	4	2	2	1	1	4	4	3	3	4	4	1	1	3	3	2	2	2	2	0	0	3	3	3	3	4	4	3	3	2	2	1	1	2	2	2	2	4	4	2	2	3	3	4	4	1	1	4	4	2	2	2	3	0	0	3	3	3	3	2	2	4	4	3	3	2	2	1	1	1	1	2	2	2	2	4	4	1	1	1	3	1	4	1	1	1	1	1	3	1	1	4	4	2	2	2	2	4	4	3	3	3	3	4	4	2	2	3	3	2	2	1	3	3	3	1	1	1	1	1	1	3	3	1	1	0	0	2	2	2	2	4	4	4	4	1	1	1	1	0	0	4	4	1	1	1	1	1	3	1	1	2	2	2	2	1	1	4	4	4	4	2	2	3	3	4	4	0	0	3	3	1	1	1	1	4	4	1	1	2	2	4	4	3	3	4	4	3	3
M015447_M145_11D	0	0	4	4	2	2	1	1	4	4	3	3	4	4	1	1	3	3	2	2	2	2	0	0	3	3	3	3	4	4	3	4	2	2	1	4	2	2	4	2	4	4	2	2	3	3	4	4	1	2	4	4	2	2	3	3	0	0	3	3	3	3	2	2	4	4	3	3	2	2	1	1	1	1	2	2	2	2	4	4	1	1	3	3	1	4	1	1	1	1	1	1	1	1	4	4	2	2	2	2	4	4	3	3	3	3	4	4	2	2	3	3	2	2	1	1	3	3	1	1	1	1	1	1	3	3	1	1	0	0	2	2	2	2	4	4	4	4	1	1	1	1	0	0	4	4	1	1	1	1	1	3	1	1	2	2	2	2	1	1	4	4	4	4	2	2	3	3	4	4	0	0	3	3	1	1	1	1	4	4	1	1	2	2	4	4	3	3	4	4	3	3
M015455_M145_12D	0	0	4	4	2	2	0	0	3	4	3	4	2	4	1	1	3	3	2	2	4	2	0	0	3	3	1	3	3	4	3	3	1	2	1	1	1	2	2	2	1	4	2	4	3	4	4	4	1	2	2	4	2	2	2	3	0	0	3	3	3	2	1	2	4	4	3	3	2	2	1	3	1	1	0	0	2	2	3	4	1	3	1	3	1	4	1	3	1	3	1	3	1	2	3	4	2	2	2	4	4	4	2	3	3	3	1	4	2	2	3	3	2	2	1	3	3	3	1	2	1	1	1	1	1	3	1	1	0	0	2	4	2	2	3	4	4	2	1	1	1	3	0	0	2	4	1	3	1	4	3	3	1	1	2	2	2	2	1	1	2	4	4	2	2	2	3	3	1	4	0	0	3	3	1	3	1	1	4	4	1	1	2	2	4	2	3	3	4	2	3	3
M015855_M150_2D	0	0	4	4	2	2	1	2	3	4	4	4	2	4	1	1	3	3	2	2	4	2	0	0	1	3	1	3	3	4	3	3	1	2	1	1	1	2	4	2	1	4	2	4	3	4	4	2	1	1	2	4	2	2	2	3	0	0	3	3	3	2	1	2	4	4	3	3	1	2	3	3	1	2	2	4	2	2	3	4	1	3	1	3	1	4	1	3	1	3	3	3	1	2	3	4	2	2	2	4	4	4	2	3	3	3	1	4	2	2	3	3	2	2	1	3	3	3	1	2	1	2	1	1	1	3	1	1	0	0	2	4	2	2	3	4	4	2	1	1	1	3	0	0	2	4	1	3	1	4	1	3	1	1	2	2	2	2	1	4	2	4	4	2	2	2	3	3	1	4	0	0	3	3	1	3	1	1	2	4	1	1	2	2	4	2	3	3	4	2	3	3
M015863_M150_3D	0	0	4	4	2	2	1	2	3	4	3	3	2	4	1	3	3	3	2	2	4	2	0	0	1	3	1	1	3	4	3	3	1	2	1	1	2	2	4	4	1	4	2	4	3	4	4	4	1	1	2	4	2	2	3	3	0	0	3	3	3	2	1	2	4	4	3	3	2	2	1	3	1	2	2	4	2	2	3	4	1	3	1	3	1	4	1	3	1	3	3	3	1	2	3	4	2	4	2	4	4	4	2	3	3	3	1	4	2	2	3	3	1	2	1	3	1	3	1	2	1	1	1	1	1	3	1	3	0	0	2	4	2	2	3	4	4	2	1	1	1	3	0	0	2	4	1	3	1	4	1	3	1	3	2	2	2	2	1	4	2	4	4	2	2	2	3	3	1	4	0	0	2	2	1	3	1	3	2	4	1	1	2	2	4	2	3	3	4	2	3	3
M015871_M150_4D	0	0	4	4	2	2	1	1	4	4	3	3	4	4	1	1	3	3	2	2	2	2	0	0	3	3	3	3	4	4	4	4	2	2	1	1	2	2	4	4	4	4	2	2	3	3	4	4	1	1	2	4	2	2	2	3	0	0	0	0	3	3	2	2	4	4	3	3	2	2	3	3	1	1	4	4	2	2	4	4	1	3	1	3	1	1	1	1	1	1	1	3	1	1	4	4	2	2	2	2	4	4	2	2	1	3	4	4	2	2	3	3	2	2	1	1	3	3	1	1	1	1	1	2	3	3	1	1	0	0	2	2	2	2	4	4	4	4	1	1	1	1	0	0	4	4	1	1	1	1	1	3	1	1	2	2	2	2	1	4	4	4	4	4	2	2	3	3	4	4	0	0	3	3	1	1	1	1	4	4	1	1	2	2	4	4	3	3	4	4	3	3
M014999_M141_3D	0	0	4	4	2	2	2	2	3	3	3	3	2	2	1	1	3	3	2	2	4	4	0	0	3	3	1	1	3	3	3	3	1	1	1	1	1	1	4	4	1	1	4	4	4	4	4	2	1	1	0	0	2	2	3	3	0	0	3	3	2	2	1	1	4	4	3	3	2	2	3	3	2	2	4	4	1	2	3	3	3	3	3	3	1	4	0	0	3	3	3	3	2	2	3	3	2	2	4	4	4	4	2	2	3	3	1	1	2	2	3	3	2	2	3	3	3	3	2	2	1	1	1	1	1	1	1	1	0	0	4	4	2	2	3	3	2	2	1	1	3	3	0	0	2	2	3	3	4	4	3	3	3	3	4	4	2	2	1	1	2	2	2	2	2	2	3	3	1	1	0	0	3	3	3	3	1	1	2	4	1	1	0	0	2	2	1	3	2	2	3	3
M015007_M141_4D	0	0	4	4	2	2	1	1	4	4	3	3	4	4	1	3	3	3	2	2	2	2	0	0	3	3	3	3	4	4	3	4	2	2	1	1	2	2	2	2	4	4	2	2	3	3	4	4	1	1	2	4	2	2	2	3	0	0	3	3	3	3	2	2	4	4	3	3	2	2	3	3	1	1	4	4	2	2	4	4	1	3	1	1	1	4	1	1	1	1	1	1	1	1	4	4	2	2	2	4	4	4	2	3	3	3	4	4	2	2	3	3	2	2	3	3	1	3	1	1	1	1	1	1	3	3	1	1	0	0	2	2	2	2	4	4	4	4	1	1	1	1	0	0	4	4	1	1	1	1	1	3	1	1	2	2	2	2	4	4	4	4	4	4	2	2	3	3	4	4	0	0	3	3	1	1	1	1	4	4	1	1	2	2	4	4	3	3	4	4	3	3
M015015_M141_5D	0	0	4	4	2	2	1	1	3	4	3	3	2	4	1	1	3	3	2	2	4	2	0	0	3	3	1	3	3	4	3	4	1	2	1	1	2	2	4	4	1	4	2	4	3	4	4	2	1	1	2	4	2	2	2	3	0	0	3	3	2	2	0	0	4	4	3	3	2	2	1	3	1	1	4	4	2	2	3	4	3	3	3	3	1	1	1	3	1	3	3	3	1	2	3	4	2	2	2	4	0	0	2	3	3	3	0	0	2	2	3	3	2	2	1	3	3	3	1	2	1	1	1	2	1	3	1	1	0	0	2	4	2	2	3	4	4	2	1	1	1	3	0	0	2	4	1	3	1	4	3	3	1	3	2	2	2	2	1	4	2	4	4	2	2	2	3	3	1	4	0	0	3	3	1	3	1	1	2	4	1	1	2	2	4	2	3	3	4	2	3	3
M015023_M141_6D	0	0	4	4	2	2	0	0	3	4	3	3	2	4	1	1	3	3	2	2	4	2	0	0	3	3	1	3	3	4	3	4	1	2	1	1	2	2	4	2	1	4	2	4	3	4	4	2	1	1	2	4	2	2	3	3	0	0	3	3	3	2	1	2	4	4	3	3	2	2	3	3	1	1	4	4	2	2	3	4	3	3	1	3	1	1	1	3	1	3	1	3	1	2	3	4	2	2	2	4	4	4	2	3	3	3	1	4	2	2	3	3	2	2	1	3	3	3	1	2	1	1	1	1	1	3	1	1	0	0	2	4	2	2	3	4	4	2	1	1	1	3	0	0	2	4	1	3	1	4	3	3	1	3	2	2	2	2	1	1	2	4	4	2	2	2	3	3	1	4	0	0	3	3	1	3	1	1	2	4	1	1	2	2	4	2	3	3	4	2	3	3
M015163_M142_11H	0	0	4	4	2	2	1	1	4	4	3	3	4	4	1	1	3	3	2	2	2	2	0	0	3	3	3	3	4	4	4	4	2	2	1	1	2	2	4	2	4	4	2	2	3	3	4	4	1	1	0	0	2	2	2	2	0	0	3	3	3	3	2	2	4	4	3	3	2	2	0	0	1	1	0	0	2	2	4	4	3	3	3	3	0	0	1	1	1	1	0	0	1	1	4	4	2	2	2	2	4	4	2	2	3	3	4	4	2	2	3	3	2	2	1	1	1	1	1	1	1	1	1	1	3	3	1	1	0	0	2	2	2	2	4	4	4	4	1	1	1	1	0	0	4	4	1	1	1	1	1	1	1	1	2	2	2	2	0	0	4	4	4	4	2	2	3	3	4	4	0	0	0	0	1	1	1	1	4	4	1	1	0	0	4	4	3	3	4	4	3	3
M015432_M145_9E	0	0	4	4	2	2	1	1	4	4	3	3	4	4	1	1	3	3	2	2	2	2	0	0	3	3	3	3	4	4	3	3	2	2	1	1	2	2	2	2	4	4	2	2	3	3	4	4	1	2	4	4	2	2	2	3	0	0	3	3	3	3	2	2	4	4	3	3	2	2	1	1	1	1	2	2	2	2	4	4	1	1	3	3	4	4	1	1	1	1	1	1	1	1	4	4	2	2	2	2	4	4	3	3	3	3	4	4	2	2	3	3	2	2	3	3	3	3	1	1	1	1	1	1	3	3	1	1	0	0	2	2	2	2	4	4	4	4	1	1	1	1	0	0	4	4	1	1	1	1	1	3	1	1	2	2	2	2	1	1	4	4	4	4	2	2	3	3	4	4	0	0	3	3	1	1	1	1	4	4	1	1	2	2	4	4	3	3	4	4	3	3
M015440_M145_10E	0	0	4	4	2	2	1	1	4	4	3	3	4	4	1	1	3	3	2	2	2	2	0	0	3	3	3	3	4	4	3	4	2	2	1	1	2	2	2	2	4	4	2	2	3	3	4	4	1	1	4	4	2	2	2	3	0	0	3	3	3	3	2	2	4	4	3	3	2	2	1	1	1	1	2	4	2	2	4	4	1	1	1	3	1	4	1	1	1	1	1	1	1	1	4	4	2	2	2	2	4	4	3	3	3	3	4	4	2	2	3	3	2	2	1	3	3	3	1	1	1	1	1	1	3	3	1	1	0	0	2	2	2	2	4	4	4	4	1	1	1	1	0	0	4	4	1	1	1	1	3	3	1	1	2	2	2	2	1	1	4	4	4	4	2	2	3	3	4	4	0	0	3	3	1	1	1	1	4	4	1	1	2	2	4	4	3	3	4	4	3	3
M015448_M145_11E	0	0	4	4	2	2	1	1	4	4	3	3	4	4	1	1	3	3	2	2	2	2	0	0	3	3	3	3	4	4	3	4	2	2	1	1	2	2	2	2	4	4	2	2	3	3	4	4	1	2	4	4	2	2	3	3	0	0	3	3	3	3	2	2	4	4	3	3	2	2	1	3	1	1	2	2	2	2	4	4	1	3	3	3	1	1	1	1	1	1	1	3	1	1	4	4	2	2	2	2	4	4	3	3	3	3	4	4	2	2	3	3	2	2	1	3	3	3	1	1	1	1	1	1	3	3	1	1	0	0	2	2	2	2	4	4	4	4	1	1	1	1	0	0	4	4	1	1	1	1	1	1	1	1	2	2	2	2	1	4	4	4	4	4	2	2	3	3	4	4	0	0	3	3	1	1	1	1	4	4	1	1	2	2	4	4	3	3	4	4	3	3
M015848_M150_1E	0	0	4	4	2	2	1	1	4	4	3	3	4	4	1	3	3	3	2	2	2	2	0	0	3	3	3	3	4	4	4	4	2	2	1	1	2	2	4	4	4	4	2	2	3	3	4	4	1	1	2	2	2	2	2	3	0	0	3	3	3	3	2	2	4	4	3	3	2	2	3	3	1	1	4	4	2	2	4	4	3	3	3	3	1	1	1	1	1	1	1	1	1	1	4	4	2	2	2	2	4	4	2	2	1	3	4	4	2	2	3	3	2	2	1	3	1	3	1	1	1	1	1	2	3	3	1	1	0	0	2	2	2	2	4	4	4	4	1	1	1	1	0	0	4	4	1	1	1	1	1	3	1	1	2	2	2	2	1	4	4	4	4	4	2	2	3	3	4	4	0	0	3	3	1	1	1	1	4	4	1	1	2	2	4	4	3	3	4	4	3	3
M015856_M150_2E	0	0	4	4	2	2	2	2	3	3	3	3	2	2	3	3	3	3	2	2	4	4	0	0	1	3	1	1	3	3	3	3	1	1	1	1	1	1	0	0	1	1	4	4	4	4	4	2	1	2	2	2	2	2	3	3	0	0	3	3	2	2	1	1	4	4	3	3	1	2	3	3	2	2	4	4	2	2	3	3	3	3	3	3	1	1	3	3	3	3	3	3	2	2	3	3	2	2	4	4	4	4	2	2	3	3	1	1	2	2	3	3	2	2	3	3	3	3	2	2	1	2	1	1	1	1	1	1	0	0	4	4	2	2	3	3	2	2	1	1	3	3	0	0	2	2	3	3	4	4	3	3	3	3	2	2	2	2	1	1	2	2	2	2	2	2	3	3	1	1	0	0	3	3	3	3	1	1	2	4	1	1	2	2	2	2	0	0	2	2	3	3
M015864_M150_3E	0	0	4	4	2	2	1	1	4	4	3	3	2	4	3	3	3	3	2	2	4	2	0	0	1	3	1	3	3	4	3	3	1	2	1	1	1	2	2	2	1	4	2	4	3	4	4	2	1	1	2	2	2	2	3	3	0	0	3	3	3	2	1	2	4	4	3	3	1	2	3	3	1	2	4	4	1	2	3	4	3	3	1	3	1	1	1	3	1	3	1	3	1	2	3	4	2	4	2	4	1	4	2	3	3	3	1	4	2	2	3	3	1	2	1	3	1	1	1	2	1	1	1	1	1	3	1	3	0	0	2	4	2	2	3	4	4	2	1	1	1	3	0	0	2	4	1	3	1	4	1	3	1	3	2	4	2	2	1	4	2	4	4	2	2	2	3	3	1	4	0	0	2	2	1	3	1	1	2	4	1	1	1	1	4	2	3	3	4	2	3	3
M015872_M150_4E	0	0	4	4	2	2	1	1	4	4	3	3	4	4	1	3	3	3	2	2	2	2	0	0	3	3	3	3	4	4	3	4	2	2	1	1	2	2	2	2	4	4	2	2	3	3	4	4	1	1	2	4	2	2	2	3	0	0	3	3	3	3	2	2	4	4	3	3	2	2	3	3	1	1	4	4	2	2	4	4	1	3	1	3	1	1	1	1	1	1	1	3	1	1	4	4	2	2	2	2	4	4	2	2	3	3	4	4	2	2	3	3	2	2	3	3	1	3	1	1	1	1	1	1	3	3	1	1	0	0	2	2	2	2	4	4	4	4	1	1	1	1	0	0	4	4	1	1	1	1	1	1	1	1	2	2	2	2	1	4	4	4	4	4	2	2	3	3	4	4	0	0	3	3	1	1	1	1	4	4	1	1	2	2	4	4	3	3	4	4	3	3
M015000_M141_3E	0	0	4	4	2	2	1	2	3	4	3	3	2	4	3	3	3	3	2	2	4	2	0	0	3	3	1	3	3	4	3	4	1	2	1	1	1	2	4	2	1	4	2	4	3	4	4	4	1	2	2	4	2	2	3	3	0	0	3	3	3	2	1	2	4	4	3	3	1	2	3	3	1	2	2	4	1	2	3	4	3	3	1	3	4	4	1	3	1	3	1	3	1	2	3	4	2	2	2	4	4	4	2	2	3	3	1	4	2	2	3	3	1	2	3	3	1	3	1	2	1	1	1	1	1	3	1	3	0	0	2	4	2	2	3	4	4	2	1	1	1	3	0	0	2	4	1	1	1	4	1	3	1	3	2	4	2	2	1	4	2	4	4	2	2	2	3	3	1	4	0	0	2	2	1	3	1	1	4	4	1	1	2	2	4	2	3	3	4	2	3	3
M015008_M141_4E	0	0	4	4	2	2	1	2	3	4	3	3	2	4	1	1	3	3	2	2	4	2	0	0	3	3	1	3	3	4	3	4	1	2	1	1	1	2	2	2	1	4	2	4	3	4	4	4	1	1	2	4	2	2	2	3	0	0	3	3	3	2	1	2	4	4	3	3	2	2	3	3	1	1	4	4	2	2	4	4	3	3	1	3	1	1	1	3	1	3	1	3	1	2	3	4	2	2	4	4	4	4	2	2	3	3	1	4	2	2	3	3	2	2	3	3	1	3	1	2	1	1	1	1	1	3	1	1	0	0	2	4	2	2	3	4	4	2	1	1	1	3	0	0	2	4	1	3	1	4	3	3	1	3	2	2	2	2	1	4	2	4	4	2	2	2	3	3	1	4	0	0	3	3	1	3	1	1	4	4	1	1	1	2	4	2	3	3	4	2	3	3
M015016_M141_5E	0	0	4	4	2	2	0	0	3	4	3	3	2	4	1	3	3	3	2	2	4	2	0	0	3	3	1	1	3	4	3	4	1	2	1	1	1	2	4	4	1	4	2	4	3	4	4	2	1	1	2	4	2	2	2	3	0	0	3	3	3	2	1	2	4	4	3	3	1	2	3	3	1	1	4	4	1	2	4	4	3	3	3	3	1	4	1	3	1	3	1	3	1	2	3	4	2	2	2	4	4	4	2	2	3	3	1	4	2	2	1	3	1	2	1	3	1	3	1	2	1	1	1	1	1	3	1	3	0	0	2	4	2	2	3	4	4	2	1	1	1	3	0	0	2	4	1	3	1	4	1	3	1	1	2	4	2	2	1	4	2	4	4	2	2	3	3	3	1	4	0	0	2	2	1	3	1	1	2	4	1	1	1	2	4	2	3	3	4	2	3	3
M015156_M142_11A	0	0	4	4	2	2	1	1	4	4	4	4	4	4	1	1	3	3	2	2	2	2	0	0	3	3	3	3	3	4	4	4	2	2	4	4	2	2	2	2	4	4	2	2	3	3	4	4	1	1	4	4	2	2	3	3	0	0	3	3	3	3	2	2	4	4	3	3	2	2	1	1	1	1	4	4	2	2	4	4	1	3	1	1	1	1	1	1	1	1	1	3	1	1	4	4	2	2	2	4	4	4	2	2	3	3	4	4	2	2	3	3	2	2	1	1	1	1	1	1	1	1	1	2	3	3	1	1	0	0	2	2	2	2	4	4	4	4	1	1	1	1	0	0	4	4	1	1	1	1	1	1	1	1	2	2	2	2	1	4	4	4	4	4	2	2	3	3	4	4	0	0	3	3	1	1	1	1	4	4	1	1	1	1	4	4	3	3	4	4	3	3
M015164_M142_12A	0	0	4	4	2	2	1	1	4	4	3	3	4	4	1	1	3	3	2	2	2	2	0	0	3	3	3	3	3	3	4	4	2	2	1	4	2	2	4	2	4	4	2	2	3	3	4	4	1	1	4	4	2	2	3	3	0	0	3	3	3	3	2	2	4	4	3	3	2	2	1	3	1	1	2	4	2	2	4	4	1	3	1	3	1	1	1	1	1	1	1	3	1	1	4	4	2	2	2	4	4	4	2	2	3	3	4	4	2	2	3	3	2	2	1	1	1	1	1	1	1	1	1	1	3	3	1	1	0	0	2	2	2	2	4	4	4	4	1	1	1	1	0	0	4	4	1	1	1	1	1	1	1	1	2	2	2	2	1	4	4	4	4	4	2	2	3	3	4	4	0	0	3	3	1	1	1	1	4	4	1	1	0	0	4	4	3	3	4	4	3	3
M015433_M145_9F	0	0	4	4	2	2	1	1	4	4	3	3	4	4	1	1	3	3	2	2	2	2	0	0	3	3	3	3	4	4	3	3	2	2	1	4	2	2	2	2	4	4	2	2	3	3	4	4	2	2	4	4	2	2	2	2	0	0	3	3	3	3	2	2	4	4	3	3	2	2	1	1	1	1	2	4	2	2	4	4	1	1	3	3	1	4	1	1	1	1	1	1	1	1	4	4	2	2	2	2	4	4	3	3	3	3	4	4	2	2	3	3	2	2	1	3	3	3	1	1	1	1	1	1	3	3	1	1	0	0	2	2	2	2	4	4	4	4	1	1	1	1	0	0	4	4	1	1	1	1	3	3	1	1	2	2	2	2	1	4	4	4	4	4	2	2	3	3	4	4	0	0	3	3	1	1	1	1	4	4	1	1	2	2	4	4	3	3	4	4	3	3
M015441_M145_10F	0	0	4	4	2	2	0	0	3	4	3	4	2	4	1	1	3	3	2	2	4	2	0	0	3	3	1	3	3	3	3	3	1	2	1	4	1	2	2	2	1	4	2	4	3	4	4	4	1	1	2	4	2	2	2	3	0	0	3	3	3	2	1	2	4	4	3	3	2	2	1	3	1	1	2	4	2	2	3	4	1	3	3	3	4	4	1	3	1	3	1	3	1	2	3	4	2	2	2	4	4	4	2	3	3	3	1	4	2	2	3	3	2	2	1	3	1	3	1	2	1	1	1	1	1	3	1	1	0	0	2	4	2	2	3	4	4	2	1	1	1	3	0	0	2	4	1	3	1	4	1	3	1	1	2	2	2	2	1	1	2	4	4	2	2	2	3	3	1	4	0	0	3	3	1	3	1	1	4	4	1	1	2	2	4	2	3	3	4	2	3	3
M015449_M145_11F	0	0	4	4	2	2	1	1	4	4	3	3	4	4	1	1	3	3	2	2	2	2	0	0	3	3	3	3	4	4	3	4	2	2	1	4	2	2	2	2	4	4	2	2	3	3	4	4	1	2	4	4	2	2	3	3	0	0	3	3	3	3	2	2	4	4	3	3	2	2	1	3	1	1	2	2	2	2	4	4	1	3	3	3	1	4	1	1	1	1	1	3	1	1	4	4	2	2	2	2	4	4	3	3	3	3	4	4	2	2	3	3	2	2	1	3	3	3	1	1	1	1	1	1	3	3	1	1	0	0	2	2	2	2	4	4	4	4	1	1	1	1	0	0	4	4	1	1	1	1	1	1	1	1	2	2	2	2	4	4	4	4	4	4	2	2	3	3	4	4	0	0	3	3	1	1	1	1	4	4	1	1	2	2	4	4	3	3	4	4	3	3
M015849_M150_1F	0	0	4	4	2	2	1	1	3	4	3	3	2	4	3	3	3	3	2	2	4	2	0	0	3	3	1	3	3	4	3	3	1	2	1	1	1	2	2	2	1	4	2	4	3	4	4	2	1	1	2	4	2	2	3	3	0	0	3	3	3	2	1	2	4	4	3	3	1	2	3	3	1	1	4	4	1	2	4	4	1	3	1	3	1	1	1	3	1	3	3	3	1	2	3	4	2	2	2	4	1	4	2	2	3	3	1	4	2	2	3	3	1	2	1	3	3	3	1	2	1	1	1	1	1	3	1	3	0	0	2	4	2	2	3	4	4	2	1	1	1	3	0	0	2	4	1	3	1	4	3	3	1	1	2	4	2	2	1	4	2	4	4	2	2	2	1	3	1	4	0	0	2	2	1	3	1	1	2	4	1	1	1	2	4	2	3	3	4	2	3	3
M015857_M150_2F	0	0	4	4	2	2	1	1	3	4	3	3	2	4	3	3	3	3	2	2	4	2	0	0	1	3	1	3	3	4	3	3	1	2	1	1	2	2	0	0	1	4	2	4	3	4	4	4	1	1	2	2	2	2	3	3	0	0	3	3	3	2	1	2	4	4	3	3	2	2	3	3	1	2	4	4	2	2	3	4	3	3	1	3	1	1	1	3	1	3	1	3	1	2	3	4	2	4	2	4	4	4	2	3	3	3	1	4	2	2	3	3	1	2	1	3	1	1	1	2	1	1	1	1	1	3	1	3	0	0	2	4	2	2	3	4	4	2	1	1	1	3	0	0	2	4	1	3	1	4	1	3	1	3	2	2	2	2	1	4	2	4	4	2	2	2	3	3	1	4	0	0	2	2	1	3	1	3	2	4	1	1	1	2	4	2	3	3	4	2	3	3
M015865_M150_3F	0	0	4	4	2	2	1	2	3	4	3	3	2	4	3	3	3	3	2	2	4	2	0	0	1	3	1	3	0	0	3	3	1	2	1	1	2	2	4	2	1	4	2	4	3	4	4	2	1	1	2	4	2	2	3	3	0	0	3	3	3	2	1	2	4	4	3	3	1	2	3	3	1	2	4	4	1	1	4	4	0	0	1	3	1	4	1	3	1	3	1	3	1	2	3	4	2	2	2	4	4	4	2	2	1	3	1	4	2	2	3	3	1	2	1	3	1	3	1	2	1	2	1	2	1	3	1	3	0	0	2	4	2	2	3	4	4	2	1	1	1	3	0	0	2	4	1	3	1	4	1	3	1	3	2	4	2	2	1	4	2	4	4	2	2	3	3	3	1	4	0	0	2	2	1	3	1	1	2	4	1	1	1	2	4	2	3	3	4	2	3	3
M015873_M150_4F	0	0	4	4	2	2	1	1	4	4	3	3	4	4	1	1	3	3	2	2	2	2	0	0	3	3	3	3	4	4	3	4	2	2	1	1	2	2	2	2	4	4	2	2	3	3	4	4	1	1	4	4	2	2	2	3	0	0	3	3	3	2	2	2	4	4	3	3	2	2	3	3	1	1	2	4	2	2	4	4	1	1	3	3	1	4	1	1	1	1	1	3	1	1	4	4	2	2	2	2	1	4	2	3	3	3	4	4	2	2	3	3	2	2	1	1	1	1	1	1	1	1	1	2	3	3	1	1	0	0	2	2	2	2	4	4	4	4	1	1	1	1	0	0	4	4	1	1	1	1	1	3	1	1	2	2	2	2	4	4	4	4	4	4	2	2	3	3	4	4	0	0	3	3	1	1	1	1	4	4	1	1	0	0	4	4	3	3	4	4	3	3
M015001_M141_3F	0	0	4	4	2	2	2	2	3	3	3	4	2	2	1	1	3	3	2	2	4	4	0	0	3	3	1	1	3	3	3	3	1	1	1	1	1	1	4	4	1	1	4	4	4	4	4	4	1	1	2	2	2	2	3	3	0	0	3	3	2	2	1	1	4	4	3	3	2	2	3	3	1	1	4	4	2	2	3	3	3	3	3	3	1	1	3	3	3	3	3	3	2	2	3	3	2	2	4	4	4	4	2	2	3	3	1	1	2	2	3	3	2	2	3	3	1	3	2	2	1	1	1	1	1	1	1	1	0	0	4	4	2	2	3	3	2	2	1	1	3	3	0	0	2	2	3	3	4	4	3	3	3	3	2	2	2	2	1	1	2	2	2	2	2	2	3	3	1	1	0	0	3	3	3	3	1	1	4	4	1	1	2	2	2	2	0	0	2	2	3	3
M015009_M141_4F	0	0	4	4	2	2	0	0	3	4	3	3	2	4	1	3	3	3	2	2	4	2	0	0	3	3	1	3	3	4	3	4	1	2	1	1	1	2	4	2	1	4	2	4	3	4	4	4	1	1	2	4	2	2	2	3	0	0	3	3	3	2	1	2	4	4	3	3	2	2	3	3	1	1	4	4	2	2	3	4	3	3	1	3	1	4	1	3	1	3	1	3	1	2	3	4	2	2	4	4	4	4	2	2	3	3	1	4	2	2	3	3	2	2	3	3	1	3	1	2	1	1	1	1	1	3	1	1	0	0	0	0	2	2	3	4	4	2	1	1	1	3	0	0	2	4	1	3	1	4	3	3	1	3	2	2	2	2	1	4	2	4	4	2	2	2	3	3	1	4	0	0	3	3	1	3	1	1	4	4	1	1	1	1	4	2	3	3	4	2	3	3
M015017_M141_5F	0	0	4	4	2	2	0	0	3	4	0	0	2	4	1	1	3	3	2	2	4	2	0	0	3	3	1	3	0	0	3	4	1	2	1	4	0	0	4	4	1	4	2	4	0	0	4	2	1	1	2	4	2	2	0	0	0	0	3	3	3	2	0	0	4	4	3	3	0	0	3	3	1	2	4	4	2	2	3	4	0	0	1	3	0	0	1	1	1	3	1	3	1	1	3	4	2	2	2	4	4	4	2	2	3	3	0	0	2	2	3	3	1	2	1	3	3	3	1	2	1	1	1	1	1	3	1	1	0	0	2	4	2	2	3	4	4	2	1	1	0	0	0	0	2	4	1	3	1	4	3	3	0	0	0	0	2	2	1	4	2	4	4	2	2	3	3	3	1	4	0	0	2	3	1	3	1	1	2	4	1	1	0	0	4	2	3	3	0	0	3	3
M015157_M142_11B	0	0	4	4	2	2	1	1	4	4	3	4	4	4	1	1	3	3	2	2	2	2	0	0	3	3	3	3	4	4	4	4	2	2	4	4	2	2	2	2	4	4	2	2	3	3	4	4	1	1	4	4	2	2	2	3	0	0	3	3	3	3	2	2	4	4	3	3	2	2	1	3	1	1	2	4	2	2	4	4	3	3	1	3	1	4	1	1	1	1	1	3	1	1	4	4	2	2	2	2	4	4	2	2	3	3	4	4	2	2	3	3	2	2	1	1	1	1	1	1	1	1	1	2	3	3	1	1	0	0	2	2	2	2	4	4	4	4	1	1	1	1	0	0	4	4	1	1	1	1	1	1	1	1	2	2	2	2	4	4	4	4	4	4	2	2	3	3	4	4	0	0	3	3	1	1	1	1	4	4	1	1	2	2	4	4	3	3	4	4	3	3
M015165_M142_12B	0	0	4	4	2	2	1	1	4	4	3	4	4	4	1	1	3	3	2	2	2	2	0	0	3	3	3	3	0	0	4	4	2	2	0	0	2	2	0	0	4	4	2	2	3	3	4	4	1	1	4	4	2	2	2	3	0	0	3	3	3	3	2	2	4	4	3	3	2	2	1	3	1	1	2	4	2	2	4	4	3	3	3	3	1	1	1	1	1	1	1	3	1	1	4	4	2	2	2	2	4	4	2	2	3	3	4	4	2	2	3	3	2	2	1	1	1	1	1	1	1	1	1	1	3	3	1	1	0	0	2	2	2	2	4	4	4	4	1	1	1	1	0	0	4	4	1	1	1	1	1	3	1	1	2	2	2	2	1	4	4	4	4	4	2	2	3	3	4	4	0	0	3	3	1	1	1	1	4	4	1	1	0	0	4	4	3	3	4	4	3	3
M015434_M145_9G	0	0	4	4	2	2	1	1	4	4	3	3	4	4	1	1	3	3	2	2	2	2	0	0	3	3	3	3	3	4	3	3	2	2	1	1	2	2	2	2	4	4	2	2	3	3	4	4	1	2	2	4	2	2	3	3	0	0	3	3	3	3	2	2	4	4	3	3	2	2	1	1	1	1	2	2	2	2	4	4	1	1	3	3	1	4	1	1	1	1	1	1	1	1	4	4	2	2	2	2	4	4	3	3	3	3	4	4	2	2	3	3	2	2	1	1	3	3	1	1	1	1	1	1	3	3	1	1	0	0	2	2	2	2	4	4	4	4	1	1	1	1	0	0	4	4	1	1	1	1	1	1	1	1	2	2	2	2	1	4	4	4	4	4	2	2	3	3	4	4	0	0	3	3	1	1	1	1	4	4	1	1	2	2	4	4	3	3	4	4	3	3
M015442_M145_10G	0	0	4	4	2	2	1	1	4	4	3	3	4	4	1	1	3	3	2	2	2	2	0	0	3	3	3	3	4	4	3	3	2	2	1	4	2	2	4	2	4	4	2	2	3	3	4	4	2	2	4	4	2	2	2	3	0	0	3	3	3	3	2	2	4	4	3	3	2	2	1	1	1	1	2	4	2	2	4	4	1	3	1	1	4	4	1	1	1	1	1	1	1	1	4	4	2	2	2	2	4	4	3	3	3	3	4	4	2	2	3	3	2	2	3	3	3	3	1	1	1	1	1	1	3	3	1	1	0	0	2	2	2	2	4	4	4	4	1	1	1	1	0	0	4	4	1	1	1	1	1	3	1	1	2	2	2	2	1	1	4	4	4	4	2	2	3	3	4	4	0	0	3	3	1	1	1	1	4	4	1	1	2	2	4	4	3	3	4	4	3	3
M015450_M145_11G	0	0	4	4	2	2	1	1	4	4	3	3	4	4	1	1	3	3	2	2	2	2	0	0	3	3	3	3	3	4	3	3	2	2	1	1	2	2	2	2	4	4	2	2	3	3	4	4	1	2	0	0	2	2	2	3	0	0	3	3	3	3	2	2	4	4	3	3	2	2	1	1	1	1	2	2	2	2	4	4	1	1	1	3	4	4	1	1	1	1	1	1	1	1	4	4	2	2	2	2	4	4	3	3	3	3	4	4	2	2	3	3	2	2	1	1	3	3	1	1	1	1	1	1	3	3	1	1	0	0	2	2	2	2	4	4	4	4	1	1	1	1	0	0	4	4	1	1	1	1	1	3	1	1	2	2	2	2	1	4	4	4	4	4	2	2	3	3	4	4	0	0	3	3	1	1	1	1	4	4	1	1	2	2	4	4	3	3	4	4	3	3
M015850_M150_1G	0	0	4	4	2	2	1	1	4	4	3	3	4	4	1	3	3	4	2	2	2	2	0	0	3	3	3	3	4	4	3	4	2	2	1	4	2	2	2	2	4	4	2	2	3	3	4	4	1	2	4	4	2	2	2	3	0	0	3	3	3	3	2	2	4	4	3	3	2	2	1	3	1	1	0	0	2	2	4	4	1	3	1	3	1	1	1	1	1	1	1	3	1	1	4	4	2	2	2	2	4	4	2	3	3	3	4	4	2	2	3	3	2	2	1	1	1	3	1	1	1	1	1	1	3	3	1	1	0	0	2	2	2	2	4	4	4	4	1	1	1	1	0	0	4	4	1	1	1	1	1	1	1	1	2	2	2	2	1	4	4	4	4	4	2	2	3	3	4	4	0	0	3	3	1	1	1	1	4	4	1	1	2	2	4	4	3	3	4	4	3	3
M015858_M150_2G	0	0	4	4	2	2	1	1	4	4	3	3	4	4	1	1	3	3	2	2	2	2	0	0	3	3	3	3	4	4	3	4	2	2	1	1	2	2	4	4	4	4	2	2	3	3	4	4	1	2	4	4	2	2	2	2	0	0	3	3	3	3	2	2	4	4	0	0	2	2	3	3	1	1	2	4	2	2	4	4	3	3	1	1	1	1	1	1	1	1	1	3	1	1	4	4	2	2	2	2	4	4	2	3	3	3	4	4	2	2	3	3	0	0	1	1	3	3	1	1	1	1	1	2	3	3	1	1	0	0	2	2	2	2	4	4	4	4	1	1	1	1	0	0	4	4	1	1	1	1	1	3	1	1	2	2	2	2	1	4	4	4	4	4	2	2	3	3	4	4	0	0	3	3	1	1	1	1	4	4	1	1	1	1	4	4	3	3	4	4	3	3
M015866_M150_3G	0	0	4	4	2	2	1	1	4	4	3	3	4	4	1	1	3	3	2	2	2	2	0	0	3	3	3	3	4	4	3	4	2	2	1	1	2	2	4	2	4	4	2	2	3	3	4	4	1	1	4	4	2	2	2	3	0	0	3	3	3	3	2	2	4	4	3	3	2	2	3	3	1	1	2	4	2	2	4	4	1	1	1	1	1	4	1	1	1	1	3	3	1	1	4	4	2	2	2	2	4	4	2	2	3	3	4	4	2	2	3	3	2	2	1	3	1	1	1	1	1	1	1	1	3	3	1	1	0	0	2	2	2	2	4	4	4	4	1	1	1	1	0	0	4	4	1	1	1	1	1	3	1	1	2	2	2	2	1	4	4	4	4	4	2	2	3	3	4	4	0	0	3	3	1	1	1	1	4	4	1	1	1	2	4	4	3	3	4	4	3	3
M015874_M150_4G	0	0	4	4	2	2	1	2	3	4	3	4	2	4	1	1	3	4	2	2	4	2	0	0	1	3	1	3	3	4	3	4	1	2	1	1	1	2	2	2	1	4	2	4	3	4	4	2	1	1	2	4	2	2	2	3	0	0	3	3	3	2	1	2	4	4	3	3	1	2	1	3	1	1	2	4	1	2	3	4	1	3	1	3	1	4	1	3	1	3	3	3	1	2	3	4	2	2	2	4	4	4	2	3	3	3	1	4	2	2	3	3	2	2	1	3	1	1	1	2	1	2	1	1	1	3	1	3	0	0	2	4	2	2	3	4	4	2	1	1	1	3	0	0	2	4	1	3	1	4	1	3	1	1	2	4	2	2	1	1	2	4	4	2	2	2	3	3	1	4	0	0	3	3	1	3	1	1	2	4	1	1	1	2	4	2	3	3	4	2	3	3
M015002_M141_3G	0	0	4	4	2	2	1	2	3	4	3	3	2	4	1	3	3	3	2	2	4	2	0	0	3	3	1	3	3	4	3	3	1	2	1	1	1	2	4	4	1	4	2	4	3	4	4	4	1	1	2	2	2	2	3	3	0	0	3	3	3	2	1	2	4	4	3	3	2	2	3	3	1	1	2	4	2	2	3	4	1	3	1	3	1	4	1	3	1	3	1	3	1	2	3	4	2	2	2	4	4	4	2	2	3	3	1	4	2	2	3	3	2	2	3	3	3	3	1	2	1	1	1	1	1	3	1	1	0	0	2	4	2	2	3	4	4	2	1	1	1	3	0	0	2	4	1	3	1	4	1	3	1	3	2	2	2	2	1	4	2	4	4	2	2	2	3	3	1	4	0	0	3	3	1	3	1	1	4	4	1	1	1	1	4	2	3	3	4	2	3	3
M015010_M141_4G	0	0	4	4	2	2	1	2	3	4	3	3	2	4	1	1	3	3	2	2	4	2	0	0	3	3	1	3	3	4	3	4	1	2	1	1	1	2	2	2	1	4	2	4	3	4	4	4	1	1	2	4	2	2	0	0	0	0	3	3	3	2	1	2	4	4	3	3	2	2	1	3	1	1	0	0	2	2	3	4	3	3	1	3	4	4	1	3	1	3	0	0	1	2	3	4	2	2	2	4	4	4	2	3	3	3	1	4	2	2	3	3	2	2	1	3	1	3	1	2	1	1	1	1	1	3	1	1	0	0	2	4	2	2	3	4	4	2	1	1	1	3	0	0	2	4	1	3	1	4	1	3	1	3	2	2	2	2	1	4	2	4	4	2	2	2	3	3	1	4	0	0	3	3	1	3	1	1	4	4	1	1	0	0	4	2	3	3	4	2	3	3
M015018_M141_5G	0	0	4	4	2	2	1	2	3	4	3	3	2	4	1	1	3	3	2	2	4	2	0	0	3	3	0	0	3	4	3	4	1	2	1	1	1	2	4	2	1	4	2	4	3	4	4	4	1	1	2	4	2	2	2	3	0	0	3	3	3	2	1	2	4	4	3	3	2	2	3	3	1	1	4	4	2	2	4	4	3	3	1	3	1	1	1	3	1	3	3	3	1	2	3	4	2	2	2	4	4	4	2	3	3	3	1	4	2	2	3	3	2	2	1	3	1	3	1	2	1	1	1	1	1	3	1	1	0	0	2	4	2	2	3	4	4	2	1	1	1	3	0	0	2	4	1	3	1	4	3	3	1	3	2	2	2	2	1	4	2	4	4	2	2	2	3	3	1	4	0	0	3	3	1	3	1	1	4	4	1	1	1	2	4	2	3	3	4	2	3	3
M015158_M142_11C	0	0	4	4	2	2	1	1	4	4	3	4	4	4	1	1	3	3	2	2	2	2	0	0	3	3	3	3	4	4	4	4	2	2	4	4	2	2	4	4	4	4	2	2	3	3	4	4	1	1	4	4	2	2	2	2	0	0	3	3	3	3	2	2	4	4	3	3	2	2	1	1	1	1	2	4	2	2	4	4	3	3	1	3	1	4	1	1	1	1	3	3	1	1	4	4	2	2	2	2	4	4	2	2	3	3	4	4	2	2	3	3	2	2	1	1	1	1	0	0	1	1	1	2	3	3	1	1	0	0	2	2	2	2	4	4	4	4	1	1	1	1	0	0	4	4	1	1	1	1	1	1	1	1	2	2	2	2	4	4	4	4	4	4	2	2	3	3	4	4	0	0	3	3	1	1	1	1	4	4	1	1	2	2	4	4	3	3	4	4	3	3
M015166_M142_12C	0	0	4	4	2	2	1	1	4	4	3	3	4	4	1	1	3	3	2	2	2	2	0	0	3	3	3	3	4	4	4	4	2	2	4	4	2	2	4	2	4	4	2	2	3	3	4	4	1	1	2	4	2	2	2	2	0	0	3	3	3	3	2	2	4	4	3	3	2	2	1	1	1	1	4	4	2	2	4	4	3	3	3	3	1	4	1	1	1	1	1	3	1	1	4	4	2	2	2	2	4	4	2	2	3	3	4	4	2	2	3	3	2	2	0	0	1	3	1	1	1	1	1	1	3	3	1	1	0	0	2	2	2	2	4	4	4	4	1	1	1	1	0	0	4	4	1	1	1	1	1	3	1	1	2	2	2	2	1	4	4	4	4	4	2	2	3	3	4	4	0	0	3	3	1	1	1	1	4	4	1	1	1	2	4	4	3	3	4	4	3	3
M015435_M145_9H	0	0	4	4	2	2	1	1	4	4	4	4	4	4	1	3	3	3	2	2	2	2	0	0	3	3	3	3	4	4	3	3	2	2	1	4	2	2	2	2	4	4	2	2	3	3	4	4	1	1	4	4	2	2	3	3	0	0	3	3	3	3	2	2	4	4	3	3	2	2	1	3	1	1	2	4	2	2	4	4	1	1	1	1	4	4	1	1	1	1	1	1	1	1	4	4	2	2	2	2	1	4	3	3	3	3	4	4	2	2	3	3	2	2	1	3	1	1	1	1	1	1	1	1	3	3	1	1	0	0	2	2	2	2	4	4	4	4	1	1	1	1	0	0	4	4	1	1	1	1	1	1	1	1	2	2	2	2	1	1	4	4	4	4	2	2	3	3	4	4	0	0	3	3	1	1	1	1	4	4	1	1	2	2	4	4	3	3	4	4	3	3
M015443_M145_10H	0	0	4	4	2	2	1	1	4	4	3	3	4	4	1	1	3	3	2	2	2	2	0	0	3	3	3	3	4	4	3	3	2	2	1	4	2	2	2	2	4	4	2	2	3	3	4	4	1	2	4	4	2	2	2	3	0	0	3	3	3	3	2	2	4	4	3	3	2	2	1	1	1	1	2	4	2	2	4	4	1	1	1	3	4	4	1	1	1	1	1	1	1	1	4	4	2	2	2	2	4	4	3	3	3	3	4	4	2	2	3	3	2	2	1	1	3	3	1	1	1	1	1	1	3	3	1	1	0	0	2	2	2	2	4	4	4	4	1	1	1	1	0	0	4	4	1	1	1	1	1	1	1	1	2	2	2	2	1	4	4	4	4	4	2	2	3	3	4	4	0	0	3	3	1	1	1	1	4	4	1	1	2	2	4	4	3	3	4	4	3	3
M015451_M145_11H	0	0	4	4	2	2	1	1	4	4	3	3	4	4	1	1	3	3	2	2	2	2	0	0	3	3	3	3	4	4	3	3	2	2	1	4	2	2	2	2	4	4	2	2	3	3	4	4	1	2	4	4	2	2	3	3	0	0	0	0	3	3	2	2	4	4	3	3	2	2	1	1	1	1	2	2	2	2	4	4	1	1	1	3	4	4	1	1	1	1	1	1	1	1	4	4	2	2	2	2	1	4	2	3	3	3	4	4	2	2	3	3	2	2	1	3	3	3	1	1	1	1	1	1	3	3	1	1	0	0	2	2	2	2	4	4	4	4	1	1	1	1	0	0	4	4	1	1	1	1	1	3	1	1	2	2	2	2	1	1	4	4	4	4	2	2	3	3	4	4	0	0	3	3	1	1	1	1	4	4	1	1	2	2	4	4	3	3	4	4	3	3
M015851_M150_1H	0	0	4	4	2	2	1	1	4	4	3	3	4	4	1	3	3	3	2	2	2	2	0	0	3	3	3	3	4	4	3	4	2	2	1	1	2	2	4	2	4	4	2	2	3	3	4	4	1	2	2	4	2	2	2	3	0	0	3	3	0	0	0	0	4	4	3	3	2	2	3	3	1	1	0	0	2	2	4	4	3	3	1	1	1	1	1	1	1	1	1	1	1	1	4	4	2	2	2	4	0	0	2	3	1	3	0	0	2	2	3	3	2	2	1	3	1	1	1	1	1	1	1	2	3	3	1	1	0	0	2	2	2	2	4	4	4	4	1	1	1	1	0	0	4	4	1	1	1	1	1	3	1	1	2	2	2	2	0	0	4	4	4	4	2	2	3	3	4	4	0	0	3	3	1	1	1	1	4	4	1	1	1	2	4	4	3	3	4	4	3	3
M015859_M150_2H	0	0	4	4	2	2	1	1	4	4	3	3	4	4	1	1	3	3	2	2	2	2	0	0	3	3	3	3	4	4	3	4	2	2	1	1	2	2	2	2	4	4	2	2	3	3	4	4	1	1	4	4	2	2	3	3	0	0	3	3	3	3	2	2	4	4	3	3	2	2	3	3	1	1	4	4	2	2	4	4	0	0	1	1	1	1	1	1	1	1	1	3	1	1	4	4	2	2	2	2	4	4	2	3	1	3	4	4	2	2	3	3	2	2	1	3	1	3	1	1	1	1	1	2	3	3	1	1	0	0	2	2	2	2	4	4	4	4	1	1	1	1	0	0	4	4	1	1	1	1	1	1	1	1	2	2	2	2	4	4	4	4	4	4	2	2	3	3	4	4	0	0	3	3	1	1	1	1	4	4	1	1	2	2	4	4	3	3	4	4	3	3
M015867_M150_3H	0	0	4	4	2	2	1	2	3	4	3	4	2	4	1	3	3	3	2	2	4	2	0	0	1	3	1	3	3	4	3	4	1	2	1	1	1	2	2	2	1	4	2	4	3	4	4	2	1	1	2	2	2	2	2	3	0	0	3	3	3	2	1	2	4	4	3	3	1	2	3	3	1	1	4	4	1	1	3	4	3	3	3	3	1	4	1	3	1	3	1	3	1	2	3	4	2	2	2	4	4	4	2	2	3	3	1	4	2	2	3	3	2	2	3	3	1	1	1	2	1	2	1	1	1	3	1	3	0	0	2	4	2	2	3	4	4	2	1	1	1	3	0	0	2	4	1	3	1	4	1	3	1	1	2	4	2	2	1	1	2	4	4	2	2	2	3	3	1	4	0	0	3	3	1	3	1	1	2	4	1	1	2	2	4	2	3	3	4	2	3	3
M015875_M150_4H	0	0	4	4	2	2	1	2	3	4	3	4	2	4	1	3	3	3	2	2	4	2	0	0	1	3	1	3	3	4	3	4	1	2	1	1	1	2	4	4	1	4	2	4	3	4	4	2	1	1	0	0	2	2	2	3	0	0	3	3	3	2	1	2	4	4	3	3	1	2	3	3	1	1	0	0	1	1	3	4	3	3	3	3	1	4	1	3	1	3	1	3	1	2	3	4	2	2	2	4	4	4	2	2	3	3	1	4	2	2	3	3	2	2	3	3	1	1	1	2	1	2	1	1	1	3	1	3	0	0	2	4	2	2	3	4	4	2	1	1	1	3	0	0	2	4	1	3	1	4	1	3	1	1	2	4	2	2	1	1	2	4	4	2	2	2	3	3	1	4	0	0	3	3	1	3	1	1	2	4	1	1	0	0	4	2	3	3	4	2	3	3
M015003_M141_3H	0	0	4	4	2	2	0	0	3	4	3	3	2	4	1	3	3	3	2	2	4	2	0	0	1	3	1	3	3	4	3	3	1	2	1	1	1	2	4	2	1	4	2	4	3	4	4	4	1	1	2	2	2	2	3	3	0	0	3	3	3	2	1	2	4	4	3	3	2	2	3	3	1	1	2	4	2	2	3	4	1	3	1	3	4	4	1	3	1	3	1	3	1	2	3	4	2	2	2	4	4	4	2	2	3	3	1	4	2	2	3	3	2	2	3	3	3	3	1	2	1	1	1	1	1	3	1	1	0	0	2	4	2	2	3	4	4	2	1	3	1	3	0	0	2	4	1	3	1	4	1	3	1	3	2	2	2	2	1	4	2	4	4	2	2	2	3	3	1	4	0	0	3	3	1	3	1	1	4	4	1	1	1	2	4	2	3	3	4	2	3	3
M015011_M141_4H	0	0	4	4	2	2	1	1	4	4	3	3	4	4	1	1	3	3	2	2	2	2	0	0	3	3	3	3	4	4	4	4	2	2	1	1	2	2	2	2	4	4	2	2	3	3	4	4	1	1	4	4	2	2	2	3	0	0	3	3	3	3	2	2	4	4	3	3	2	2	3	3	1	1	0	0	2	2	3	4	1	3	1	3	1	1	1	1	1	1	1	1	1	1	4	4	2	2	4	4	4	4	2	3	3	3	4	4	2	2	3	3	2	2	1	3	1	1	1	1	1	1	1	2	3	3	1	1	0	0	2	2	2	2	4	4	4	4	1	1	1	1	0	0	4	4	1	1	1	1	1	1	1	1	2	2	2	2	4	4	4	4	4	4	2	2	3	3	4	4	0	0	3	3	1	1	1	1	4	4	1	1	0	0	4	4	3	3	4	4	3	3
M015019_M141_5H	0	0	4	4	2	2	2	2	3	3	3	3	0	0	1	1	3	3	2	2	0	0	0	0	3	3	1	1	3	3	3	3	1	1	1	1	0	0	4	2	1	1	4	4	0	0	4	2	1	1	2	2	2	2	3	3	0	0	3	3	2	2	1	1	4	4	3	3	1	2	3	3	1	2	4	4	1	2	3	3	3	3	3	3	1	4	3	3	3	3	3	3	2	2	3	3	2	2	4	4	4	4	2	2	3	3	1	1	2	2	3	3	1	2	3	3	1	3	2	2	1	1	1	1	1	1	1	3	0	0	4	4	2	2	0	0	2	2	1	1	3	3	0	0	2	2	3	3	4	4	3	3	1	1	2	4	2	2	1	1	2	2	2	2	2	2	3	3	1	1	0	0	2	2	3	3	1	1	4	4	1	1	1	2	2	2	0	0	2	2	3	3
M015159_M142_11D	0	0	4	4	2	2	1	1	4	4	3	4	0	0	1	1	3	3	2	2	2	2	0	0	3	3	3	3	4	4	4	4	2	2	4	4	2	2	2	2	4	4	2	2	3	3	4	4	1	1	4	4	2	2	2	2	0	0	3	3	3	3	2	2	4	4	3	3	2	2	1	3	1	1	2	4	2	2	4	4	3	3	1	3	1	4	1	1	1	1	3	3	1	1	4	4	2	2	0	0	4	4	2	2	3	3	4	4	2	2	3	3	2	2	1	1	1	1	1	1	1	1	1	2	3	3	1	1	0	0	2	2	2	2	4	4	4	4	1	1	1	1	0	0	4	4	1	1	1	1	1	3	1	1	2	2	2	2	1	4	4	4	4	4	2	2	3	3	4	4	0	0	3	3	1	1	1	1	4	4	1	1	2	2	4	4	3	3	4	4	3	3
M015167_M142_12D	0	0	4	4	2	2	1	1	4	4	3	3	4	4	1	1	3	3	2	2	2	2	0	0	3	3	3	3	4	4	4	4	2	2	1	4	2	2	4	2	4	4	2	2	3	3	4	4	1	1	0	0	2	2	2	3	0	0	3	3	3	3	2	2	4	4	3	3	2	2	1	3	1	1	0	0	2	2	3	4	3	3	1	3	1	4	1	1	1	1	0	0	1	1	4	4	2	2	0	0	4	4	2	3	3	3	4	4	2	2	3	3	2	2	1	1	1	3	1	1	1	1	1	1	3	3	1	1	0	0	2	2	2	2	4	4	4	4	1	1	1	1	0	0	4	4	1	1	1	1	1	3	1	1	2	2	2	2	0	0	4	4	4	4	2	2	3	3	4	4	0	0	3	3	1	1	1	1	4	4	1	1	1	2	4	4	3	3	4	4	3	3
