Sample_ID	OmyY1	OmyY1	R18251	R18251	R23044	R23044	R30220	R30220	R34286	R34286	R38993	R38993	SH114448	SH114448	R000200	R000200	R033859	R033859	R09768	R09768	R12730	R12730	R24463	R24463	R00586	R00586	R19198	R19198	R23330	R23330	R30355	R30355	R34385	R34385	R39365	R39365	SH121006	SH121006	R018277	R018277	R03418	R03418	R10226	R10226	R13191	R13191	R24493	R24493	R12738	R12738	R19633	R19633	R23813	R23813	R30423	R30423	R34662	R34662	R40094	R40094	SH127236	SH127236	R02551	R02551	R03924	R03924	R10530	R10530	R16543	R16543	R26255	R26255	R13730	R13730	R19731	R19731	R24068	R24068	R30589	R30589	R35324	R35324	R40152	R40152	OMS00116	OMS00116	R02676	R02676	R04143	R04143	R11238	R11238	R19868	R19868	R27050	R27050	R14225	R14225	R21285	R21285	R24273	R24273	R30678	R30678	R37205	R37205	R40252	R40252	OMS00143	OMS00143	R02783	R02783	R04203	R04203	R11353	R11353	R19948	R19948	R30551	R30551	R14383	R14383	R21330	R21330	R24370	R24370	R33010	R33010	R37229	R37229	R40319	R40319	OMS00144	OMS00144	R02785	R02785	R04760	R04760	R11790	R11790	R20353	R20353	R32124	R32124	R14511	R14511	R21561	R21561	R28680	R28680	R33411	R33411	R37560	R37560	R40342	R40342	OMS00159	OMS00159	R03042	R03042	R04944	R04944	R12528	R12528	R21023	R21023	R32692	R32692	R14589	R14589	R22570	R22570	R30015	R30015	R33562	R33562	R38346	R38346	R40580	R40580	OMS00169	OMS00169	R03306	R03306	R08985	R08985	R12611	R12611	R22488	R22488	R36639	R36639
M018221_M174_10B	0	0	0	0	2	2	0	0	4	4	0	0	4	4	3	3	3	3	2	2	4	4	0	0	3	3	3	3	4	4	3	3	2	2	1	1	0	0	2	2	4	4	0	0	0	0	4	4	1	1	4	4	0	0	2	2	0	0	3	3	0	0	2	2	4	4	3	3	0	0	3	3	0	0	4	4	2	2	4	4	0	0	1	3	1	4	1	1	1	1	1	3	1	2	4	4	2	2	0	0	0	0	2	2	3	3	4	4	0	0	3	3	2	2	1	1	1	1	1	1	1	1	0	0	0	0	1	1	0	0	0	0	2	2	4	4	4	4	1	1	1	1	0	0	4	4	1	1	0	0	1	1	3	3	0	0	2	2	1	1	4	4	4	4	2	2	3	3	0	0	0	0	0	0	1	1	1	1	4	4	1	1	0	0	4	4	3	3	0	0	3	3
M018229_M174_11B	0	0	4	4	2	2	1	1	4	4	0	0	4	4	3	3	3	3	2	2	2	2	0	0	3	3	3	3	4	4	3	3	2	2	1	1	0	0	2	2	4	4	2	2	3	3	4	4	1	1	4	4	2	2	2	2	0	0	3	3	0	0	2	2	4	4	3	3	2	2	3	3	1	1	4	4	2	2	4	4	3	3	3	3	1	4	1	1	1	1	1	3	1	2	4	4	2	2	0	0	4	4	2	3	3	3	4	4	0	0	3	3	2	2	1	1	3	3	1	1	1	1	2	2	3	3	1	1	0	0	2	2	2	2	4	4	4	4	1	1	1	1	0	0	4	4	1	1	1	1	1	1	0	0	2	2	0	0	1	1	4	4	4	4	2	2	3	3	4	4	0	0	3	3	1	1	1	1	4	4	1	1	1	2	4	4	3	3	4	4	3	3
M017428_M166_7A	0	0	2	4	2	4	0	0	3	4	0	0	0	0	3	3	3	3	2	2	4	2	0	0	1	3	1	3	3	4	3	3	1	2	1	1	1	2	2	2	1	4	2	4	3	4	4	2	1	1	2	4	2	4	2	3	0	0	3	3	2	2	1	2	4	4	3	3	1	2	3	3	1	2	4	4	1	2	4	4	3	3	3	3	1	1	0	0	1	3	3	3	1	2	3	4	2	4	0	0	1	4	2	3	3	3	0	0	2	2	1	1	0	0	1	3	1	1	1	2	1	2	1	2	1	3	1	3	0	0	2	4	2	2	3	4	4	2	1	1	1	3	0	0	2	4	1	3	1	4	1	3	3	3	4	4	2	2	1	1	2	4	4	2	2	3	3	3	1	4	0	0	2	3	1	3	1	1	0	0	1	1	2	2	4	2	0	0	0	0	0	0
M017436_M166_8A	0	0	4	4	2	2	1	1	3	4	0	0	4	4	3	3	3	3	2	2	4	2	0	0	3	3	1	3	3	4	3	3	2	2	1	1	1	2	2	2	1	4	2	4	3	4	4	2	1	2	2	4	2	2	2	3	0	0	3	3	3	2	1	2	4	4	3	3	1	2	3	3	1	2	4	4	1	2	4	4	3	3	3	3	1	1	1	3	1	3	3	3	1	2	3	4	2	2	0	0	4	4	2	3	3	3	1	4	0	0	3	3	1	2	1	3	1	3	1	2	1	1	1	2	1	3	1	3	0	0	2	4	4	2	3	4	4	2	1	1	1	3	0	0	2	4	1	3	1	4	1	3	3	3	2	4	1	2	1	1	2	4	4	4	2	2	3	3	1	4	0	0	2	3	1	3	1	1	4	4	1	1	2	2	4	2	3	3	4	2	3	3
M017444_M166_9A	0	0	2	4	2	4	0	0	3	4	4	4	2	4	3	3	3	3	2	2	4	2	0	0	3	3	1	3	3	4	3	3	1	2	1	1	1	2	2	2	1	4	2	4	3	4	4	2	1	1	2	4	2	4	2	3	0	0	3	3	2	2	1	2	4	4	3	3	1	2	3	3	1	2	4	4	1	2	4	4	3	3	3	3	1	1	1	3	1	3	1	3	1	2	3	4	2	4	0	0	1	4	2	3	3	3	1	4	4	2	1	3	1	2	1	3	1	3	1	2	1	2	1	2	1	3	1	3	0	0	2	4	2	2	3	4	4	2	1	1	1	3	0	0	2	4	1	3	1	4	1	3	3	3	2	4	2	2	1	1	2	4	4	2	2	3	3	3	1	4	0	0	2	3	1	3	1	1	0	0	1	1	2	2	4	2	3	3	4	2	3	3
M017388_M166_2A	0	0	2	2	2	2	2	2	3	4	3	4	2	2	3	3	3	3	2	2	4	4	0	0	1	1	1	1	3	3	3	3	1	1	1	1	1	1	2	2	1	1	4	4	4	4	2	2	1	1	2	2	2	2	3	3	0	0	3	3	2	2	1	1	4	4	1	3	1	1	3	3	2	2	4	4	1	1	4	4	3	3	3	3	4	4	3	3	3	3	3	3	2	2	3	3	2	4	0	0	4	4	2	2	3	3	1	1	2	2	1	1	0	0	3	3	1	3	2	2	2	2	1	1	1	1	3	3	0	0	4	4	2	2	3	3	2	2	1	3	3	3	0	0	2	2	3	3	4	4	3	3	3	3	4	4	2	2	1	1	2	2	2	2	3	3	3	3	1	1	0	0	2	2	3	3	1	3	2	2	1	3	2	2	2	2	1	1	2	2	0	0
M017396_M166_3A	0	0	2	2	4	4	2	2	3	3	3	4	2	2	3	3	3	3	2	2	4	4	0	0	1	1	1	1	3	3	3	3	1	1	1	1	1	1	2	2	1	1	4	4	4	4	2	2	1	1	0	0	2	2	3	3	0	0	3	3	2	2	1	1	4	4	3	3	1	1	3	3	2	2	4	4	1	2	3	4	3	3	3	3	1	1	3	3	3	3	3	3	2	2	3	3	2	4	0	0	1	4	2	2	3	3	1	1	2	2	1	1	0	0	3	3	1	3	2	2	2	2	1	1	1	1	3	3	0	0	4	4	2	2	3	3	2	2	1	1	3	3	0	0	2	2	3	3	4	4	3	3	3	3	4	4	2	2	1	1	2	2	2	2	0	0	3	3	1	1	0	0	2	2	3	3	3	3	2	2	1	1	2	2	2	2	1	1	2	2	4	4
M017340_M165_8A	0	0	2	4	2	2	1	2	4	4	4	4	2	4	3	3	3	3	2	2	4	4	0	0	1	3	1	3	3	4	3	3	1	2	1	4	1	2	2	2	1	4	2	4	3	4	4	2	1	1	2	4	2	2	3	3	0	0	3	3	3	2	1	2	4	4	3	3	1	2	1	3	1	2	4	4	1	2	4	4	3	3	1	3	1	4	1	3	1	3	3	3	2	2	3	4	2	4	0	0	1	4	2	2	3	3	1	4	2	2	1	3	1	2	1	3	1	3	1	2	1	2	1	1	1	3	1	3	0	0	2	4	2	2	3	4	4	2	1	1	1	3	0	0	2	4	1	3	1	4	1	3	3	3	4	4	2	2	1	1	2	4	4	2	2	3	3	3	1	4	0	0	2	3	1	3	1	3	2	4	1	1	2	2	4	2	3	3	4	2	3	4
M017348_M165_9A	0	0	2	4	2	4	0	0	3	4	3	3	2	4	3	3	3	3	2	2	4	4	0	0	1	3	1	3	3	4	3	3	1	2	1	1	1	2	2	2	1	4	2	4	3	4	4	2	1	1	2	4	2	2	2	3	0	0	3	3	3	3	1	2	4	4	1	3	1	2	1	3	1	2	4	4	1	2	3	4	3	3	1	3	1	4	1	3	1	3	3	3	1	2	3	4	2	4	0	0	1	4	2	2	3	3	1	4	2	2	1	3	1	2	1	3	1	3	1	2	1	2	1	1	1	3	1	3	0	0	2	4	2	2	3	4	4	2	1	1	1	3	0	0	2	4	1	3	1	4	1	3	3	3	2	4	2	2	1	1	2	4	4	2	2	3	3	3	1	4	0	0	2	3	1	3	1	3	0	0	1	1	2	2	4	2	3	3	4	2	3	3
M017356_M165_10A	0	0	4	4	2	2	1	1	4	4	3	4	4	4	3	3	3	3	2	2	2	2	0	0	3	3	3	3	4	4	3	3	2	2	1	4	2	2	2	2	4	4	2	2	3	3	4	4	1	1	4	4	2	2	2	2	0	0	3	3	3	3	2	2	4	4	3	3	2	2	1	1	1	1	4	4	2	2	4	4	1	3	1	1	4	4	1	1	1	1	1	1	1	2	4	4	2	2	0	0	4	4	2	2	3	3	4	4	2	2	3	3	2	2	1	1	3	3	1	1	1	1	1	1	3	3	1	1	0	0	2	2	2	2	4	4	4	4	1	1	1	1	0	0	4	4	1	1	1	1	1	1	0	0	2	2	2	2	1	1	4	4	4	4	2	2	3	3	4	4	0	0	3	3	1	1	1	1	4	4	1	1	2	2	4	4	3	3	4	4	3	3
M018214_M174_9C	0	0	4	4	2	2	1	1	4	4	3	4	4	4	3	3	3	3	2	2	2	2	0	0	3	3	3	3	4	4	3	3	2	2	1	1	2	2	2	2	4	4	2	2	3	3	4	4	1	1	4	4	2	2	2	2	0	0	3	3	3	2	2	2	4	4	3	3	2	2	3	3	1	1	4	4	2	2	4	4	1	1	1	3	1	1	1	1	1	1	3	3	1	2	4	4	2	2	0	0	4	4	2	3	3	3	4	4	4	2	3	3	2	2	1	1	3	3	1	1	1	1	2	2	3	3	1	1	0	0	2	2	2	2	4	4	4	4	1	1	1	1	0	0	4	4	1	1	1	1	1	3	0	0	2	2	2	2	4	4	4	4	4	4	2	2	3	3	4	4	0	0	3	3	1	1	1	1	4	4	1	1	2	2	4	4	3	3	4	4	3	3
M018222_M174_10C	0	0	2	4	2	4	1	2	3	4	0	0	2	4	3	3	3	3	2	2	4	2	0	0	1	3	1	3	3	4	3	3	1	2	1	1	1	2	2	2	1	4	2	4	3	4	4	2	1	1	2	4	2	4	2	3	0	0	3	3	3	2	1	2	4	4	3	3	1	2	3	3	1	2	4	4	1	2	3	4	0	0	3	3	1	4	1	3	1	3	1	3	1	2	3	4	2	4	0	0	1	4	2	3	3	3	1	4	4	2	1	3	1	2	1	3	1	3	1	2	1	2	1	2	1	3	1	3	0	0	2	4	2	2	3	4	4	2	1	1	1	3	0	0	2	4	1	3	1	4	1	3	3	3	2	4	1	2	1	1	2	4	4	2	2	3	3	3	1	4	0	0	2	3	1	3	1	3	2	4	1	1	1	2	4	2	3	3	4	2	3	4
M018230_M174_11C	0	0	0	0	2	2	1	1	0	0	3	4	4	4	3	3	3	3	2	2	2	2	0	0	3	3	3	3	4	4	3	3	2	2	1	1	0	0	2	2	4	4	0	0	0	0	4	4	1	1	4	4	2	2	2	2	0	0	3	3	3	2	2	2	4	4	3	3	0	0	3	3	0	0	4	4	2	2	4	4	3	3	3	3	0	0	1	1	1	1	0	0	1	2	4	4	2	2	0	0	0	0	2	3	3	3	4	4	4	2	3	3	0	0	1	1	3	3	1	1	1	1	0	0	0	0	1	1	0	0	0	0	2	2	4	4	4	4	1	1	1	1	0	0	4	4	1	1	1	1	1	1	3	3	0	0	2	2	1	1	4	4	4	4	2	2	3	3	0	0	0	0	0	0	1	1	1	1	4	4	1	1	1	2	4	4	3	3	0	0	3	3
M017429_M166_7B	0	0	4	4	2	2	1	1	3	4	3	4	4	4	3	3	3	3	2	2	4	2	0	0	3	3	1	3	3	4	3	3	2	2	1	1	1	2	2	2	1	4	2	4	3	4	4	2	1	1	2	4	2	2	2	3	0	0	3	3	3	2	1	2	4	4	0	0	1	2	3	3	1	2	4	4	1	2	4	4	3	3	3	3	1	1	1	3	1	3	3	3	1	2	3	4	2	2	0	0	4	4	2	3	3	3	1	4	2	2	3	3	1	2	1	3	1	1	1	2	1	1	1	2	1	3	1	3	0	0	2	4	4	2	3	4	4	2	1	1	1	3	0	0	2	4	1	3	1	4	1	3	3	3	2	4	1	2	1	1	2	4	0	0	2	2	3	3	1	4	0	0	2	3	1	3	1	1	2	4	1	1	2	2	4	2	3	3	4	2	3	3
M017437_M166_8B	0	0	2	4	2	4	1	2	3	4	3	4	2	4	3	3	3	3	2	2	4	2	0	0	1	3	1	3	3	4	3	3	1	2	1	1	1	2	2	2	1	4	2	4	3	4	4	2	1	2	2	4	2	2	2	3	0	0	3	3	2	2	1	2	4	4	3	3	1	2	3	3	1	2	4	4	1	2	3	4	0	0	3	3	1	1	1	3	1	3	3	3	1	2	3	4	2	4	0	0	1	4	2	3	3	3	1	4	0	0	1	1	1	2	1	3	1	3	1	2	1	2	1	2	1	3	1	3	0	0	2	4	2	2	3	4	4	2	1	1	1	3	0	0	2	4	1	3	1	4	1	3	3	3	2	4	2	2	1	1	2	4	4	2	2	3	3	3	1	4	0	0	2	3	1	3	1	3	2	4	1	1	2	2	4	2	3	3	4	2	3	4
M017445_M166_9B	0	0	2	4	2	4	1	2	3	3	0	0	2	4	3	3	3	3	2	2	4	4	0	0	1	3	1	1	0	0	3	3	1	2	1	1	1	1	2	2	1	1	4	4	4	4	2	2	1	1	2	2	0	0	0	0	0	0	3	3	3	2	0	0	4	4	0	0	1	1	3	3	0	0	4	4	1	1	4	4	0	0	3	3	1	4	3	3	3	3	0	0	2	2	3	3	2	2	0	0	0	0	2	2	3	3	1	1	0	0	1	3	1	2	3	3	1	3	2	2	1	2	1	1	1	1	3	3	0	0	0	0	4	2	0	0	2	2	1	3	3	3	0	0	2	2	3	3	4	4	3	3	3	3	4	4	1	2	1	1	2	2	2	2	2	3	3	3	1	1	0	0	0	0	3	3	1	3	2	2	1	1	2	2	2	2	1	3	2	2	3	4
M017381_M166_1B	0	0	2	2	2	4	2	2	3	3	4	4	2	2	3	3	3	3	2	2	4	4	0	0	1	1	1	1	3	3	3	3	1	1	1	1	1	1	2	2	1	1	4	4	4	4	2	2	1	1	2	2	2	2	3	3	0	0	3	3	2	2	1	1	4	4	3	3	1	1	3	3	2	2	4	4	1	1	4	4	0	0	3	3	1	4	3	3	3	3	3	3	2	2	3	3	2	2	0	0	1	4	2	2	3	3	1	1	2	2	1	1	1	2	3	3	3	3	2	2	2	2	1	1	1	1	3	3	0	0	4	4	2	2	0	0	2	2	1	3	3	3	0	0	2	2	3	3	0	0	3	3	3	3	4	4	2	2	1	1	2	2	2	2	3	3	3	3	1	1	0	0	2	2	3	3	1	3	2	2	1	1	2	2	2	2	1	1	2	2	3	4
M017389_M166_2B	0	0	4	4	2	2	1	1	4	4	3	3	0	0	3	3	3	3	2	2	2	2	0	0	3	3	3	3	4	4	3	3	2	2	1	1	2	2	2	2	4	4	2	2	3	3	4	4	1	1	4	4	2	2	2	2	0	0	3	3	3	2	2	2	4	4	0	0	2	2	1	3	1	1	4	4	2	2	4	4	1	3	1	1	1	1	1	1	1	1	1	1	1	2	4	4	2	2	0	0	1	4	2	3	3	3	4	4	2	2	3	3	2	2	1	1	1	1	1	1	1	1	1	1	3	3	1	1	0	0	2	2	2	2	4	4	4	4	1	1	1	1	0	0	4	4	1	1	1	1	1	1	0	0	2	2	2	2	0	0	4	4	4	4	2	2	3	3	4	4	0	0	3	3	1	1	1	1	0	0	1	1	2	2	4	4	3	3	4	4	3	3
M017397_M166_3B	0	0	2	4	2	4	1	2	3	4	4	4	2	4	3	3	3	3	2	2	4	4	0	0	1	3	1	3	3	4	3	3	1	2	1	1	1	2	2	2	1	4	2	4	3	4	4	2	1	1	2	4	2	2	2	3	0	0	3	3	3	3	1	2	4	4	3	3	1	2	1	3	1	2	4	4	1	2	3	4	3	3	1	3	1	1	1	3	1	3	3	3	1	2	3	4	2	4	0	0	1	4	2	2	3	3	1	4	2	2	1	3	1	2	1	3	1	3	1	2	1	2	1	1	1	3	1	3	0	0	2	4	2	2	3	4	4	2	1	1	1	3	0	0	2	4	1	3	1	4	1	3	3	3	2	4	2	2	1	1	2	4	4	2	2	3	3	3	1	4	0	0	2	3	1	3	1	3	2	4	1	1	2	2	4	2	3	3	4	2	3	3
M017341_M165_8B	0	0	4	4	2	2	1	1	4	4	3	4	0	0	3	3	3	3	2	2	2	2	0	0	3	3	3	3	4	4	3	3	2	2	1	1	2	2	2	2	4	4	2	2	3	3	4	4	1	1	4	4	2	2	2	2	0	0	3	3	3	3	2	2	4	4	3	3	2	2	3	3	1	1	4	4	2	2	4	4	0	0	1	1	1	4	1	1	1	1	1	1	1	2	4	4	2	2	0	0	4	4	2	2	3	3	4	4	2	2	3	3	2	2	1	1	1	3	1	1	1	1	1	2	3	3	1	1	0	0	2	2	2	2	4	4	4	4	1	1	1	1	0	0	4	4	1	1	1	1	1	1	3	3	2	2	2	2	1	1	4	4	4	4	2	2	3	3	4	4	0	0	3	3	1	1	1	1	0	0	1	1	2	2	4	4	3	3	4	4	3	3
M017349_M165_9B	0	0	4	4	2	2	1	1	4	4	3	3	0	0	3	3	3	3	2	2	2	2	0	0	3	3	3	3	4	4	3	3	2	2	1	1	2	2	2	2	4	4	2	2	3	3	4	4	1	2	4	4	2	2	2	2	0	0	3	3	3	3	2	2	4	4	3	3	2	2	1	1	1	1	4	4	2	2	4	4	3	3	1	3	1	4	1	1	1	1	1	3	1	2	4	4	2	2	0	0	4	4	2	2	3	3	4	4	2	2	3	3	2	2	1	1	1	3	1	1	1	1	1	2	3	3	1	1	0	0	2	2	2	2	4	4	4	4	1	1	1	1	0	0	4	4	1	1	1	1	1	1	0	0	2	2	2	2	1	1	4	4	4	4	2	2	3	3	4	4	0	0	3	3	1	1	1	1	4	4	1	1	2	2	4	4	3	3	4	4	3	3
M017357_M165_10B	0	0	4	4	2	2	1	1	4	4	0	0	0	0	3	3	3	3	2	2	2	2	0	0	3	3	3	3	4	4	3	3	2	2	1	1	2	2	2	2	4	4	2	2	3	3	4	4	1	1	4	4	2	2	2	2	0	0	3	3	3	3	2	2	4	4	3	3	2	2	1	1	1	1	4	4	2	2	4	4	0	0	1	3	1	4	1	1	1	1	1	3	1	2	4	4	2	2	0	0	4	4	2	2	3	3	4	4	2	2	3	3	2	2	1	1	1	3	1	1	1	1	1	2	3	3	1	1	0	0	2	2	2	2	4	4	4	4	1	1	1	1	0	0	4	4	1	1	1	1	1	1	0	0	2	2	2	2	1	1	4	4	4	4	2	2	3	3	4	4	0	0	3	3	1	1	1	1	4	4	1	1	2	2	4	4	3	3	4	4	3	3
M018215_M174_9D	0	0	2	4	2	4	0	0	3	4	4	4	2	4	3	3	3	3	2	2	4	2	0	0	1	3	1	3	3	4	3	3	1	2	1	1	1	2	2	2	1	4	2	4	3	4	4	2	1	1	2	4	2	4	2	3	0	0	3	3	2	2	1	2	4	4	3	3	1	2	3	3	1	2	4	4	1	2	4	4	3	3	3	3	1	1	1	3	1	3	3	3	2	2	3	4	2	4	0	0	1	4	2	3	3	3	1	4	4	4	1	3	1	2	1	3	1	1	1	2	1	2	1	2	1	3	1	3	0	0	2	4	2	2	3	4	4	2	1	1	1	3	0	0	2	4	1	3	1	4	1	3	3	3	2	4	2	2	1	1	2	4	4	2	2	3	3	3	1	4	0	0	2	3	1	3	1	1	2	4	1	1	2	2	4	2	3	3	4	2	3	4
M018223_M174_10D	0	0	2	4	2	4	1	2	3	4	3	3	2	4	3	3	3	3	2	2	4	4	0	0	1	3	1	3	3	4	3	3	1	2	1	1	1	2	2	2	1	4	2	4	3	4	4	2	1	1	2	4	2	4	2	3	0	0	3	3	3	2	1	2	4	4	3	3	1	2	3	3	1	2	4	4	1	2	3	4	0	0	3	3	1	4	1	3	1	3	0	0	1	2	3	4	2	4	0	0	1	4	2	2	3	3	1	4	4	2	1	3	1	2	1	3	1	3	1	2	1	2	1	2	1	3	1	3	0	0	2	4	2	2	3	4	4	2	1	1	1	3	0	0	2	4	1	3	1	4	1	3	3	3	2	4	1	2	1	1	2	4	4	2	2	3	3	3	1	4	0	0	2	3	1	3	1	3	2	4	1	1	2	2	4	2	3	3	4	2	3	3
M018231_M174_11D	0	0	2	4	2	4	0	0	3	4	3	4	2	4	3	3	3	3	2	2	4	2	0	0	1	3	1	3	3	4	3	3	1	2	1	1	1	2	2	2	1	4	2	4	3	4	4	2	1	2	2	4	2	4	2	3	0	0	3	3	0	0	1	2	4	4	3	3	1	2	3	3	1	2	4	4	1	2	0	0	3	3	3	3	0	0	1	3	1	3	1	3	1	2	3	4	2	4	0	0	1	4	2	3	3	3	1	4	0	0	0	0	1	2	1	3	1	3	1	2	1	2	1	2	1	3	1	3	0	0	2	4	2	2	3	4	4	2	1	1	1	3	0	0	2	4	1	3	1	4	1	3	3	3	2	4	1	2	1	1	2	4	4	2	2	3	3	3	1	4	0	0	2	3	1	3	1	1	2	4	1	1	1	2	4	2	3	3	4	2	3	4
M017430_M166_7C	0	0	4	4	2	2	1	1	4	4	3	3	4	4	3	3	3	3	2	2	2	2	0	0	3	3	3	3	4	4	3	3	2	2	1	1	2	2	2	2	4	4	2	2	3	3	4	4	1	1	4	4	2	2	2	2	0	0	3	3	2	2	2	2	4	4	3	3	2	2	3	3	1	1	4	4	2	2	4	4	3	3	3	3	1	1	1	1	1	1	1	1	1	2	4	4	2	2	0	0	4	4	3	3	3	3	4	4	4	2	3	3	2	2	1	1	3	3	1	1	1	1	2	2	3	3	1	1	0	0	2	2	2	2	4	4	4	4	1	1	1	1	0	0	4	4	1	1	1	1	1	1	0	0	2	2	2	2	1	1	4	4	4	4	2	2	3	3	4	4	0	0	3	3	1	1	1	1	4	4	1	1	2	2	4	4	3	3	4	4	3	3
M017438_M166_8C	0	0	2	4	2	4	1	2	3	4	3	3	2	4	3	3	3	3	2	2	4	4	0	0	1	3	1	3	3	3	3	3	1	2	1	1	1	2	2	2	1	4	2	4	3	4	4	2	1	1	2	4	2	4	2	3	0	0	3	3	3	2	1	2	4	4	3	3	1	2	3	3	1	2	4	4	1	2	3	4	3	3	3	3	1	1	1	3	1	3	1	3	1	2	3	4	2	4	0	0	1	4	2	2	3	3	0	0	2	2	1	3	1	2	1	3	3	3	1	2	1	2	1	2	1	3	1	3	0	0	2	4	2	2	3	4	4	2	1	1	1	3	0	0	2	2	1	3	1	4	1	3	3	3	2	4	1	2	1	1	2	4	4	2	2	3	3	3	1	4	0	0	2	3	1	3	1	3	2	4	1	1	2	2	4	2	3	3	4	2	3	3
M017446_M166_9C	0	0	2	2	2	4	2	2	3	4	3	3	2	2	3	3	3	3	2	2	4	4	0	0	1	1	1	1	3	3	3	3	1	1	1	1	1	1	2	2	1	1	4	4	4	4	2	2	1	1	2	2	2	4	3	3	0	0	3	3	2	2	1	1	4	4	3	3	1	1	3	3	2	2	4	4	1	1	3	4	3	3	3	3	1	4	3	3	3	3	3	3	2	2	3	3	4	4	0	0	1	4	2	2	3	3	1	1	2	2	1	1	1	2	3	3	1	3	2	2	2	2	1	1	1	1	3	3	0	0	4	4	2	2	3	3	2	2	1	1	3	3	0	0	2	2	3	3	4	4	3	3	3	3	4	4	1	2	1	1	2	2	2	2	3	3	3	3	1	1	0	0	2	2	3	3	3	3	2	2	1	3	2	2	2	2	1	1	2	2	3	4
M017382_M166_1C	0	0	2	4	2	2	1	2	4	4	3	3	2	4	3	3	3	3	2	2	4	2	0	0	1	3	1	3	3	4	3	3	1	2	1	4	1	2	2	2	1	4	2	4	3	4	4	2	1	1	2	4	2	2	2	3	0	0	3	3	3	2	1	2	4	4	0	0	1	2	3	3	1	2	4	4	1	2	4	4	1	3	1	3	1	1	1	3	1	3	3	3	1	2	3	4	2	4	0	0	4	4	2	3	3	3	1	4	2	2	1	3	1	2	1	3	3	3	1	2	1	2	1	1	1	3	1	3	0	0	2	4	2	2	3	4	4	2	1	1	1	3	0	0	2	4	1	3	1	4	1	3	1	3	4	4	1	2	1	1	2	4	4	2	2	3	3	3	1	4	0	0	2	3	1	3	1	3	2	4	1	3	2	2	4	2	3	3	4	2	3	4
M017390_M166_2C	0	0	2	4	2	4	0	0	3	4	3	4	2	4	3	3	3	3	2	2	4	4	0	0	1	3	1	3	3	4	3	3	1	2	1	1	1	2	2	2	1	4	2	4	3	4	4	2	1	1	2	4	2	2	2	3	0	0	3	3	3	3	1	2	4	4	3	3	1	2	3	3	1	2	4	4	1	2	3	4	1	3	1	3	1	4	1	3	1	3	1	3	1	2	3	4	2	4	0	0	1	1	2	2	3	3	0	0	2	2	1	1	1	2	1	3	1	3	1	2	1	2	1	2	1	3	1	3	0	0	2	4	2	2	3	4	4	2	1	1	1	3	0	0	2	4	1	3	1	4	1	3	3	3	2	4	2	2	1	1	2	4	4	2	2	3	3	3	1	4	0	0	2	3	1	3	1	3	2	4	1	1	2	2	4	2	3	3	4	2	3	3
M017398_M166_3C	0	0	2	2	4	4	2	2	3	3	3	4	2	2	3	3	3	3	2	2	4	4	0	0	1	1	1	1	3	3	3	3	1	1	1	1	1	1	2	2	1	1	4	4	4	4	2	2	1	1	2	2	2	2	3	3	0	0	3	3	2	2	1	1	4	4	3	3	1	1	3	3	2	2	4	4	1	2	4	4	3	3	3	3	1	1	3	3	3	3	3	3	2	2	3	3	2	4	0	0	1	4	2	2	3	3	1	1	2	2	1	1	1	2	3	3	1	1	2	2	2	2	1	1	1	1	3	3	0	0	4	4	2	2	0	0	2	2	1	1	3	3	0	0	2	2	3	3	4	4	3	3	3	3	4	4	2	2	1	1	2	2	2	2	3	3	3	3	1	1	0	0	2	2	3	3	3	3	2	2	1	1	2	2	2	2	1	1	2	2	4	4
M017342_M165_8C	0	0	4	4	2	2	1	1	4	4	3	4	0	0	3	3	3	3	2	2	2	2	0	0	3	3	3	3	4	4	3	3	2	2	1	1	2	2	2	2	4	4	2	2	3	3	4	4	1	1	4	4	2	2	2	2	0	0	3	3	3	3	2	2	4	4	3	3	2	2	3	3	1	1	4	4	2	2	4	4	1	3	1	1	1	1	1	1	1	1	1	1	1	2	4	4	2	2	0	0	4	4	2	2	3	3	4	4	2	2	3	3	2	2	1	1	1	1	1	1	1	1	1	1	3	3	1	1	0	0	2	2	2	2	4	4	4	4	1	1	1	1	0	0	4	4	1	1	1	1	1	1	0	0	2	2	1	2	1	4	4	4	4	4	2	2	3	3	4	4	0	0	3	3	1	1	1	1	4	4	1	1	2	2	4	4	3	3	4	4	3	3
M017350_M165_9C	0	0	4	4	2	2	1	1	4	4	3	4	4	4	3	3	3	3	2	2	2	2	0	0	3	3	3	3	4	4	3	3	2	2	1	1	2	2	2	2	4	4	2	2	3	3	4	4	1	1	4	4	2	2	2	2	0	0	3	3	3	3	2	2	4	4	3	3	2	2	1	1	1	1	4	4	2	2	4	4	3	3	1	1	4	4	1	1	1	1	3	3	2	2	4	4	2	2	0	0	4	4	2	2	3	3	4	4	2	2	3	3	2	2	1	1	1	3	1	1	1	1	1	1	3	3	1	1	0	0	2	2	2	2	4	4	4	4	1	1	1	1	0	0	4	4	1	1	1	1	1	1	0	0	2	2	2	2	1	1	4	4	4	4	2	2	3	3	4	4	0	0	3	3	1	1	1	1	4	4	1	1	2	2	4	4	3	3	4	4	3	3
M017358_M165_10C	0	0	2	4	2	2	1	2	4	4	3	4	2	4	3	3	3	3	2	2	4	2	0	0	1	3	1	3	3	4	3	3	1	2	1	1	1	2	2	2	1	4	2	4	3	4	4	2	1	1	2	4	2	2	2	3	0	0	3	3	0	0	1	2	4	4	3	3	1	2	1	3	1	2	4	4	1	2	4	4	3	3	1	3	1	4	1	3	1	3	1	3	0	0	3	4	2	4	0	0	1	4	2	3	3	3	1	4	2	2	0	0	1	2	1	3	1	3	1	2	1	2	1	1	1	3	1	3	0	0	2	4	2	2	3	4	4	2	1	1	1	3	0	0	2	4	1	3	1	4	1	3	3	3	2	4	2	2	1	1	2	4	4	2	2	3	3	3	1	4	0	0	2	3	1	3	1	3	2	4	1	1	2	2	4	2	1	3	4	2	3	3
M018216_M174_9E	0	0	2	4	2	4	0	0	3	4	4	4	2	4	3	3	3	3	2	2	4	4	0	0	1	3	1	3	3	4	3	3	1	2	1	1	1	2	2	2	1	4	2	4	3	4	4	2	1	1	2	4	2	4	2	3	0	0	3	3	3	2	1	2	4	4	3	3	1	2	3	3	1	2	4	4	1	2	4	4	1	3	1	3	1	1	1	3	1	3	0	0	0	0	3	4	2	4	0	0	1	4	2	2	3	3	1	4	0	0	1	3	1	2	1	3	0	0	1	2	1	2	1	2	1	3	1	3	0	0	2	4	2	2	3	4	4	2	1	1	1	3	0	0	2	4	1	3	1	4	1	3	3	3	2	4	2	2	1	1	2	4	4	2	2	3	3	3	1	4	0	0	2	3	1	3	1	1	2	4	1	1	0	0	4	2	3	3	4	2	3	4
M018224_M174_10E	0	0	2	4	2	4	1	2	3	4	3	4	2	4	3	3	3	3	2	2	4	4	0	0	1	3	1	3	3	4	3	3	1	2	1	1	1	2	2	2	1	4	2	4	3	4	4	2	1	1	2	4	2	4	2	3	0	0	3	3	3	2	1	2	4	4	3	3	1	2	3	3	1	2	4	4	1	2	3	4	1	3	1	3	1	4	1	3	1	3	3	3	2	2	3	4	2	4	0	0	1	4	2	2	3	3	1	4	2	2	1	3	1	2	1	3	1	3	1	2	1	2	1	2	1	3	1	3	0	0	2	4	2	2	3	4	4	2	1	1	1	3	0	0	2	4	1	3	1	4	1	3	3	3	2	4	2	2	1	1	2	4	4	2	2	3	3	3	1	4	0	0	2	3	1	3	1	3	2	4	1	1	2	2	4	2	3	3	4	2	3	3
M018232_M174_11E	0	0	2	4	2	4	0	0	3	4	4	4	2	4	3	3	3	3	2	2	4	2	0	0	1	3	1	3	3	4	3	3	1	2	1	1	1	2	2	2	1	4	2	4	3	4	4	2	0	0	2	4	2	4	2	3	0	0	3	3	2	2	1	2	4	4	3	3	1	2	3	3	1	2	4	4	1	2	4	4	3	3	3	3	1	1	1	3	1	3	3	3	1	2	3	4	2	4	0	0	1	4	2	3	3	3	1	4	2	2	1	1	1	2	1	3	1	1	1	2	1	2	1	2	1	3	1	3	0	0	2	4	2	2	3	4	4	2	1	1	1	3	0	0	2	4	1	3	1	4	1	3	3	3	2	4	0	0	1	1	2	4	4	2	2	3	3	3	1	4	0	0	2	3	1	3	1	1	2	4	1	1	0	0	4	2	3	3	4	2	3	4
M017431_M166_7D	0	0	4	4	2	2	1	1	4	4	4	4	4	4	3	3	3	3	2	2	2	2	0	0	3	3	3	3	4	4	3	3	2	2	1	1	2	2	2	2	4	4	2	2	3	3	4	4	1	1	4	4	2	2	2	2	0	0	3	3	3	2	2	2	4	4	3	3	2	2	0	0	1	1	4	4	2	2	4	4	3	3	1	3	1	1	1	1	1	1	3	3	1	2	4	4	2	2	0	0	1	4	2	3	3	3	4	4	2	2	3	3	2	2	1	1	1	3	1	1	1	1	1	2	3	3	1	1	0	0	2	2	2	2	4	4	4	4	1	1	1	1	0	0	4	4	1	1	1	1	1	1	0	0	2	2	1	2	1	1	4	4	4	4	2	2	3	3	4	4	0	0	3	3	1	1	1	1	4	4	1	1	1	2	4	4	3	3	4	4	3	3
M017439_M166_8D	0	0	4	4	2	2	1	1	3	4	3	4	4	4	3	3	3	3	2	2	4	2	0	0	3	3	1	3	3	3	3	3	2	2	1	1	1	2	2	2	1	4	2	4	3	4	4	2	1	1	2	4	2	2	2	3	0	0	3	3	3	2	1	2	4	4	3	3	1	2	3	3	1	2	4	4	1	2	4	4	3	3	3	3	1	1	1	3	1	3	3	3	1	2	3	4	2	2	0	0	0	0	2	3	3	3	1	4	2	2	3	3	1	2	1	3	1	1	1	2	1	1	1	2	1	3	1	3	0	0	2	4	4	2	3	4	4	2	1	1	1	3	0	0	2	4	1	3	1	4	3	3	3	3	2	4	1	2	1	4	2	4	0	0	2	2	3	3	1	4	0	0	2	3	1	3	1	1	2	4	1	1	2	2	4	2	3	3	4	2	3	3
M017447_M166_9D	0	0	4	4	2	2	1	1	4	4	3	4	4	4	3	3	3	3	2	2	2	2	0	0	3	3	3	3	3	4	3	3	2	2	1	1	2	2	2	2	4	4	2	2	3	3	4	4	1	2	4	4	2	2	2	2	0	0	3	3	2	2	2	2	4	4	3	3	2	2	3	3	1	1	4	4	2	2	4	4	3	3	3	3	1	1	1	1	1	1	1	1	1	2	4	4	2	2	0	0	4	4	2	3	3	3	4	4	2	2	3	3	2	2	1	1	1	3	1	1	1	1	2	2	3	3	1	1	0	0	2	2	2	2	4	4	4	4	1	1	1	1	0	0	4	4	1	1	1	1	1	3	0	0	2	2	1	2	1	4	4	4	4	4	2	2	3	3	4	4	0	0	3	3	1	1	1	1	4	4	1	1	2	2	4	4	3	3	4	4	3	3
M017383_M166_1D	0	0	4	4	2	2	1	1	4	4	3	3	4	4	3	3	3	3	2	2	2	2	0	0	3	3	3	3	4	4	3	3	2	2	1	4	2	2	2	2	4	4	2	2	3	3	4	4	1	1	4	4	2	2	2	2	0	0	3	3	3	2	2	2	4	4	3	3	2	2	3	3	1	1	4	4	2	2	4	4	1	3	1	1	1	4	1	1	1	1	1	3	1	2	4	4	2	2	0	0	4	4	3	3	3	3	4	4	4	2	3	3	2	2	1	1	3	3	1	1	1	1	1	1	3	3	1	1	0	0	2	2	2	2	4	4	4	4	1	1	1	1	0	0	4	4	1	1	1	1	1	1	1	1	2	2	2	2	1	1	4	4	4	4	2	2	3	3	4	4	0	0	3	3	1	1	1	1	4	4	1	1	2	2	4	4	3	3	4	4	3	3
M017391_M166_2D	0	0	4	4	2	2	1	1	4	4	4	4	4	4	3	3	3	3	2	2	2	2	0	0	3	3	3	3	4	4	3	3	2	2	1	1	2	2	2	2	4	4	2	2	3	3	4	4	1	1	4	4	2	2	2	2	0	0	3	3	3	3	2	2	4	4	3	3	2	2	1	3	1	1	4	4	2	2	4	4	3	3	1	1	1	1	1	1	1	1	1	3	2	2	4	4	2	2	0	0	4	4	2	2	3	3	4	4	2	2	3	3	2	2	1	1	1	3	1	1	1	1	1	1	3	3	1	1	0	0	2	2	2	2	4	4	4	4	1	1	1	1	0	0	4	4	1	1	1	1	1	1	0	0	2	2	2	2	1	4	4	4	4	4	2	2	3	3	4	4	0	0	3	3	1	1	1	1	4	4	1	1	2	2	4	4	0	0	4	4	3	3
M017399_M166_3D	0	0	2	2	4	4	2	2	3	3	3	4	2	2	3	3	3	3	2	2	4	4	0	0	1	1	1	1	3	3	3	3	1	1	1	1	1	1	2	2	1	1	4	4	4	4	2	2	1	1	2	2	2	2	3	3	0	0	3	3	3	2	1	1	4	4	3	3	1	1	3	3	2	2	4	4	1	1	3	4	3	3	3	3	1	1	3	3	3	3	3	3	2	2	3	3	2	4	0	0	1	4	2	2	3	3	1	1	2	2	1	1	1	2	3	3	1	1	2	2	2	2	1	1	1	1	3	3	0	0	4	4	2	2	3	3	2	2	1	3	3	3	0	0	2	2	3	3	4	4	3	3	3	3	4	4	2	2	1	1	2	2	2	2	3	3	3	3	1	1	0	0	2	2	3	3	3	3	2	2	0	0	2	2	2	2	1	1	2	2	3	4
M017343_M165_8D	0	0	4	4	2	2	1	1	4	4	3	4	4	4	3	3	3	3	2	2	2	2	0	0	3	3	3	3	4	4	3	3	2	2	1	1	2	2	2	2	4	4	2	2	3	3	4	4	1	1	4	4	2	2	2	2	0	0	3	3	3	3	2	2	4	4	3	3	2	2	1	1	1	1	4	4	2	2	4	4	3	3	1	1	1	4	1	1	1	1	1	3	2	2	4	4	2	2	0	0	4	4	2	2	3	3	4	4	2	2	3	3	2	2	1	1	1	3	1	1	1	1	1	1	3	3	1	1	0	0	2	2	2	2	4	4	4	4	1	1	1	1	0	0	4	4	1	1	1	1	1	1	0	0	2	2	2	2	1	1	4	4	4	4	2	2	3	3	4	4	0	0	3	3	1	1	1	1	4	4	1	1	2	2	4	4	3	3	4	4	3	3
M017351_M165_9D	0	0	2	4	2	2	1	2	4	4	3	4	2	4	3	3	3	3	2	2	4	4	0	0	1	3	1	3	3	4	3	3	1	2	1	1	0	0	2	2	1	4	2	4	3	4	4	2	1	1	2	4	2	2	2	3	0	0	3	3	3	2	1	2	4	4	3	3	1	2	3	3	1	2	4	4	1	2	4	4	3	3	1	3	1	4	1	3	1	3	3	3	2	2	3	4	2	4	0	0	1	4	2	2	3	3	1	4	2	2	1	3	1	2	1	3	1	1	1	2	1	2	1	1	1	3	1	3	0	0	2	4	2	2	3	4	4	2	1	1	1	3	0	0	2	4	1	3	1	4	1	3	3	3	2	4	2	2	1	1	2	4	4	2	2	3	3	3	1	4	0	0	2	3	1	3	1	3	2	4	1	1	2	2	4	2	3	3	4	2	3	4
M017359_M165_10D	0	0	2	4	2	2	1	2	4	4	4	4	2	4	3	3	3	3	2	2	4	4	0	0	1	3	1	3	3	4	3	3	1	2	1	1	1	2	2	2	1	4	2	4	3	4	4	2	1	1	2	4	2	2	2	3	0	0	3	3	3	2	1	2	4	4	3	3	1	2	1	3	1	2	4	4	1	2	4	4	3	3	1	3	1	4	1	3	1	3	0	0	0	0	3	4	2	4	0	0	1	4	2	2	3	3	1	4	2	2	1	3	1	2	1	3	1	1	1	2	1	2	1	1	1	3	1	3	0	0	2	4	2	2	3	4	4	2	1	1	1	3	0	0	2	4	1	3	1	4	1	3	3	3	2	4	2	2	1	1	2	4	4	2	2	3	3	3	1	4	0	0	2	3	1	3	1	3	2	4	1	1	2	2	4	2	3	3	4	2	3	4
M018217_M174_9F	0	0	0	0	2	2	0	0	0	0	3	4	4	4	3	3	3	3	2	2	0	0	0	0	3	3	3	3	0	0	3	3	2	2	1	1	2	2	2	2	0	0	0	0	0	0	4	4	1	1	0	0	0	0	0	0	0	0	3	3	0	0	2	2	4	4	3	3	0	0	3	3	0	0	4	4	0	0	4	4	1	3	1	3	1	1	0	0	1	1	0	0	1	2	4	4	2	2	0	0	0	0	2	3	3	3	0	0	4	2	0	0	1	2	0	0	1	3	1	1	0	0	0	0	0	0	0	0	0	0	0	0	2	2	0	0	0	0	1	1	1	1	0	0	0	0	0	0	0	0	1	3	3	3	0	0	2	2	1	4	0	0	0	0	0	0	3	3	0	0	0	0	0	0	0	0	1	1	4	4	1	1	0	0	4	2	3	3	0	0	3	3
M018225_M174_10F	0	0	0	0	2	2	0	0	0	0	0	0	4	4	3	3	3	3	2	2	0	0	0	0	3	3	3	3	0	0	3	3	2	2	1	1	2	2	2	2	0	0	0	0	0	0	4	4	1	1	0	0	0	0	0	0	0	0	3	3	0	0	2	2	4	4	3	3	0	0	3	3	0	0	4	4	0	0	0	0	3	3	3	3	1	4	1	1	1	1	3	3	1	2	4	4	2	2	0	0	0	0	2	2	3	3	4	4	4	2	0	0	0	0	0	0	1	3	1	1	0	0	0	0	0	0	1	1	0	0	0	0	2	2	0	0	4	4	1	1	1	1	0	0	0	0	0	0	0	0	0	0	3	3	0	0	1	2	1	1	4	4	0	0	0	0	3	3	0	0	0	0	0	0	0	0	1	1	4	4	1	1	1	2	4	2	3	3	0	0	3	3
M018233_M174_11F	0	0	2	4	2	4	0	0	3	4	4	4	2	4	3	3	3	3	2	2	0	0	0	0	1	3	1	3	3	4	3	3	1	2	1	1	1	2	2	2	1	4	2	4	3	4	4	2	1	1	2	4	2	4	2	3	0	0	3	3	3	2	1	2	4	4	3	3	1	2	3	3	1	2	4	4	1	2	0	0	1	3	1	3	0	0	1	3	1	3	0	0	1	2	3	4	2	4	0	0	1	4	2	2	3	3	1	4	0	0	0	0	1	2	1	3	1	3	1	2	1	2	1	2	1	3	1	3	0	0	2	4	2	2	3	4	4	2	1	1	1	3	0	0	2	4	1	3	1	4	1	3	3	3	2	4	1	2	1	1	2	4	4	2	2	3	3	3	1	4	0	0	2	3	1	3	1	1	2	4	1	1	1	2	0	0	3	3	4	2	3	4
M017432_M166_7E	0	0	4	4	2	2	1	1	4	4	3	4	4	4	3	3	3	3	2	2	2	2	0	0	3	3	3	3	4	4	3	3	2	2	1	1	2	2	2	2	4	4	2	2	3	3	4	4	1	1	4	4	2	2	2	2	0	0	3	3	2	2	2	2	4	4	3	3	2	2	1	3	1	1	4	4	2	2	4	4	3	3	3	3	1	4	1	1	1	1	1	3	1	2	4	4	2	2	0	0	4	4	3	3	3	3	4	4	2	2	3	3	2	2	1	1	1	3	1	1	1	1	2	2	3	3	0	0	0	0	2	2	2	2	4	4	4	4	1	1	1	1	0	0	4	4	1	1	1	1	1	1	0	0	2	2	2	2	1	1	4	4	4	4	2	2	3	3	4	4	0	0	3	3	1	1	1	1	4	4	1	1	1	1	4	4	3	3	4	4	3	3
M017440_M166_8E	0	0	4	4	2	2	1	1	3	4	3	4	4	4	3	3	3	3	2	2	4	4	0	0	3	3	1	3	3	4	3	3	2	2	1	1	1	2	2	2	1	4	2	4	3	4	4	2	1	1	2	4	2	2	2	3	0	0	3	3	3	3	1	2	4	4	3	3	1	2	3	3	1	2	4	4	1	2	4	4	3	3	3	3	1	1	1	3	1	3	3	3	1	2	3	4	2	2	0	0	4	4	2	2	3	3	1	4	2	2	3	3	1	2	1	3	1	1	1	2	1	1	1	2	1	3	1	3	0	0	2	4	4	2	3	4	4	2	1	1	1	3	0	0	2	4	1	3	1	4	1	3	3	3	2	4	1	2	1	1	2	4	0	0	2	2	3	3	1	4	0	0	2	3	1	3	1	1	2	4	1	1	2	2	4	2	3	3	4	2	3	3
M017448_M166_9E	0	0	4	4	2	2	1	1	4	4	3	4	4	4	3	3	3	3	2	2	2	2	0	0	3	3	3	3	4	4	3	3	2	2	1	1	2	2	2	2	4	4	2	2	3	3	4	4	1	1	4	4	2	2	2	2	0	0	3	3	2	2	2	2	4	4	3	3	2	2	1	1	1	1	4	4	2	2	4	4	0	0	1	3	1	1	1	1	1	1	1	3	1	2	4	4	2	2	0	0	4	4	3	3	3	3	4	4	2	2	3	3	2	2	1	1	1	3	1	1	1	1	2	2	3	3	1	1	0	0	2	2	2	2	3	4	4	4	1	1	1	1	0	0	4	4	1	1	1	1	1	1	0	0	2	2	2	2	1	1	4	4	4	4	2	2	3	3	4	4	0	0	3	3	1	1	1	1	4	4	1	1	1	2	4	4	3	3	4	4	3	3
M017384_M166_1E	0	0	2	4	2	2	0	0	4	4	3	4	2	4	3	3	3	3	2	2	4	2	0	0	1	3	1	3	3	4	3	3	1	2	1	1	1	2	2	2	1	4	2	4	3	4	4	2	1	1	2	4	2	2	3	3	0	0	3	3	3	2	1	2	4	4	3	3	1	2	1	3	1	2	4	4	1	2	4	4	3	3	1	3	1	4	1	3	1	3	3	3	1	2	3	4	2	4	0	0	4	4	2	2	3	3	1	4	2	2	1	3	1	2	1	3	1	1	1	2	1	2	1	2	1	3	1	1	0	0	2	4	2	2	3	4	4	2	1	1	1	3	0	0	2	4	1	3	1	4	1	3	3	3	2	4	2	2	1	1	2	4	4	2	2	3	3	3	1	4	0	0	2	3	1	3	1	3	2	4	1	1	2	2	4	2	3	3	4	2	3	3
M017392_M166_2E	0	0	2	4	2	4	0	0	3	4	3	4	2	4	3	3	3	3	2	2	4	4	0	0	1	3	1	3	3	4	3	3	1	2	1	1	1	2	2	2	1	4	2	4	3	4	4	2	1	1	2	4	2	2	2	3	0	0	3	3	3	3	1	2	4	4	3	3	1	2	3	3	1	2	4	4	1	2	3	4	1	3	1	3	1	4	1	3	1	3	1	3	1	2	3	4	2	4	0	0	1	1	2	2	3	3	0	0	2	2	1	1	1	2	1	3	1	3	1	2	1	2	1	2	1	3	1	3	0	0	2	4	2	2	3	4	4	2	1	1	1	3	0	0	2	4	1	3	1	4	1	3	3	3	2	4	2	2	1	1	2	4	4	2	2	3	3	3	1	4	0	0	2	3	1	3	1	3	2	4	1	1	2	2	4	2	3	3	4	2	3	3
M017400_M166_3E	0	0	2	4	2	4	0	0	3	4	3	4	2	4	3	3	3	3	2	2	4	2	0	0	1	3	1	3	3	4	3	3	1	2	1	1	1	2	2	2	1	4	2	4	3	4	4	2	1	1	2	4	2	2	2	3	0	0	3	3	2	2	1	2	4	4	3	3	2	2	3	3	1	1	4	4	2	2	4	4	1	3	1	3	1	4	1	3	1	3	1	3	1	2	3	4	2	2	0	0	1	4	2	3	3	3	1	4	2	2	1	3	2	2	1	3	1	3	1	2	1	2	1	1	1	3	1	1	0	0	2	4	2	2	3	4	4	2	1	1	1	3	0	0	2	4	1	3	1	4	1	3	3	3	2	2	2	2	1	1	2	4	4	2	2	3	3	3	1	4	0	0	3	3	1	3	1	1	2	4	1	1	1	1	4	2	3	3	4	2	3	4
M017344_M165_8E	0	0	4	4	2	2	1	1	4	4	3	4	4	4	3	3	3	3	2	2	2	2	0	0	3	3	3	3	4	4	3	3	2	2	1	1	2	2	2	2	4	4	2	2	3	3	4	4	1	1	4	4	2	2	2	2	0	0	3	3	3	3	2	2	4	4	3	3	2	2	1	1	1	1	4	4	2	2	4	4	3	3	1	1	1	1	1	1	1	1	1	3	2	2	4	4	2	2	0	0	4	4	2	2	3	3	4	4	2	2	3	3	2	2	1	1	1	3	1	1	1	1	1	1	3	3	0	0	0	0	2	2	2	2	4	4	4	4	1	1	1	1	0	0	4	4	1	1	1	1	1	1	0	0	2	2	2	2	1	1	4	4	4	4	2	2	3	3	4	4	0	0	3	3	1	1	1	1	4	4	1	1	2	2	4	4	3	3	4	4	3	3
M017352_M165_9E	0	0	2	4	2	4	0	0	3	4	3	3	2	4	3	3	3	3	2	2	4	2	0	0	1	3	1	3	3	4	3	3	1	2	1	1	1	2	2	2	1	4	2	4	3	4	4	2	1	1	2	4	2	2	2	3	0	0	3	3	3	3	1	2	4	4	3	3	1	2	1	3	1	2	4	4	1	2	3	4	3	3	3	3	1	1	1	3	1	3	1	3	1	2	3	4	2	4	0	0	1	4	2	2	3	3	1	4	2	2	1	3	1	2	1	3	3	3	1	2	1	2	1	2	1	3	1	3	0	0	2	4	2	2	3	4	4	2	1	1	1	3	0	0	2	4	1	3	1	4	1	3	3	3	2	4	2	2	1	1	2	4	4	2	2	3	3	3	1	4	0	0	2	3	1	3	1	3	2	4	1	1	2	2	4	2	3	3	4	2	3	3
M017360_M165_10E	0	0	2	4	2	2	1	2	4	4	3	4	2	4	3	3	3	3	2	2	4	4	0	0	1	3	1	3	3	4	3	3	1	2	1	1	1	2	2	2	1	4	2	4	3	4	4	2	1	1	2	4	2	2	2	3	0	0	3	3	3	2	1	2	4	4	3	3	1	2	1	3	1	2	4	4	1	2	4	4	3	3	1	3	1	4	1	3	1	3	3	3	2	2	3	4	2	4	0	0	1	4	2	2	3	3	1	4	2	2	1	3	1	2	1	3	1	1	1	2	1	2	1	1	1	3	1	3	0	0	2	4	2	2	3	4	4	2	1	1	1	3	0	0	2	4	1	3	1	4	1	3	3	3	2	4	2	2	1	1	2	4	4	2	2	3	3	3	1	4	0	0	2	3	1	3	1	3	2	4	1	1	2	2	4	2	3	3	4	2	3	4
M018218_M174_9G	0	0	2	4	2	4	1	2	3	4	0	0	2	4	3	3	3	3	2	2	4	4	0	0	1	3	1	3	3	4	3	3	1	2	1	1	1	2	2	2	1	4	2	4	3	4	4	2	1	1	2	4	2	4	2	3	0	0	3	3	3	2	1	2	4	4	3	3	1	2	3	3	1	2	4	4	1	2	3	4	3	3	3	3	1	4	1	3	1	3	3	3	1	2	3	4	2	4	0	0	1	4	2	2	3	3	1	4	4	2	1	3	1	2	1	3	1	3	1	2	1	2	1	2	1	3	1	3	0	0	2	4	2	2	3	4	4	2	1	1	1	3	0	0	2	4	1	3	1	4	1	3	3	3	2	4	1	2	1	1	2	4	4	2	2	3	3	3	1	4	0	0	2	3	1	3	1	3	2	4	1	1	2	2	4	2	3	3	4	2	3	3
M018226_M174_10G	0	0	2	4	2	4	1	2	3	4	4	4	2	4	3	3	3	3	2	2	4	4	0	0	1	3	1	3	3	4	3	3	1	2	1	1	1	2	2	2	1	4	2	4	3	4	4	2	1	1	2	4	2	4	2	3	0	0	3	3	3	2	1	2	4	4	3	3	1	2	3	3	1	2	4	4	1	2	3	4	1	3	1	3	1	1	1	3	1	3	3	3	2	2	3	4	2	4	0	0	1	4	2	2	3	3	1	4	4	2	1	3	1	2	1	3	1	1	1	2	1	2	1	2	1	3	1	3	0	0	2	4	2	2	3	4	4	2	1	1	1	3	0	0	2	4	1	3	1	4	1	3	3	3	2	4	2	2	1	1	2	4	4	2	2	3	3	3	1	4	0	0	2	3	1	3	1	3	2	4	1	1	2	2	4	2	3	3	4	2	3	3
M018234_M174_11G	0	0	0	0	2	2	0	0	0	0	0	0	4	4	3	3	3	3	2	2	0	0	0	0	3	3	3	3	4	4	3	3	2	2	1	1	2	2	2	2	0	0	0	0	0	0	4	4	1	1	4	4	0	0	2	2	0	0	3	3	0	0	2	2	4	4	3	3	0	0	3	3	0	0	4	4	2	2	4	4	3	3	3	3	1	4	1	1	1	1	3	3	1	2	4	4	2	2	0	0	0	0	2	2	3	3	4	4	4	2	3	3	0	0	0	0	1	3	1	1	0	0	0	0	0	0	1	1	0	0	0	0	2	2	4	4	4	4	1	1	1	1	0	0	4	4	1	1	0	0	0	0	3	3	0	0	1	2	1	1	4	4	4	4	2	2	3	3	0	0	0	0	0	0	0	0	1	1	4	4	1	1	1	2	4	4	3	3	0	0	3	3
M017433_M166_7F	0	0	4	4	2	2	1	1	4	4	3	3	4	4	3	3	3	3	2	2	2	2	0	0	3	3	3	3	3	4	3	3	2	2	1	1	2	2	2	2	4	4	2	2	3	3	4	4	1	1	4	4	2	2	2	2	0	0	3	3	3	3	2	2	4	4	3	3	2	2	1	3	1	1	4	4	2	2	4	4	3	3	1	3	1	1	1	1	1	1	1	3	1	2	4	4	2	2	0	0	4	4	2	2	3	3	4	4	2	2	3	3	2	2	1	1	1	3	1	1	1	1	1	2	3	3	1	1	0	0	2	2	2	2	4	4	4	4	1	1	1	1	0	0	4	4	1	1	1	1	1	1	0	0	2	2	1	2	1	1	4	4	4	4	2	2	3	3	4	4	0	0	3	3	1	1	1	1	4	4	1	1	2	2	4	4	3	3	4	4	3	3
M017441_M166_8F	0	0	4	4	2	2	1	1	4	4	4	4	4	4	3	3	3	3	2	2	2	2	0	0	3	3	3	3	3	4	3	3	2	2	1	1	2	2	2	2	4	4	2	2	3	3	4	4	1	2	4	4	2	2	2	2	0	0	3	3	2	2	2	2	4	4	3	3	2	2	1	3	1	1	4	4	2	2	4	4	3	3	3	3	1	1	1	1	1	1	3	3	1	2	4	4	2	2	0	0	4	4	2	3	3	3	4	4	2	2	3	3	2	2	1	1	1	3	1	1	1	1	2	2	3	3	1	1	0	0	2	2	2	2	4	4	4	4	1	1	1	1	0	0	4	4	1	1	1	1	1	3	0	0	2	2	2	2	1	4	4	4	4	4	2	2	3	3	4	4	0	0	3	3	1	1	1	1	4	4	1	1	1	1	4	4	3	3	4	4	3	3
M017449_M166_9F	0	0	4	4	2	2	1	1	4	4	3	4	4	4	3	3	3	3	2	2	2	2	0	0	3	3	3	3	4	4	3	3	2	2	1	1	2	2	2	2	4	4	2	2	3	3	4	4	1	2	4	4	2	2	2	2	0	0	3	3	3	2	2	2	4	4	3	3	2	2	1	3	1	1	4	4	2	2	4	4	3	3	1	3	1	1	1	1	1	1	3	3	1	2	4	4	2	2	0	0	4	4	2	3	3	3	4	4	2	2	3	3	2	2	1	1	1	3	1	1	1	1	1	2	3	3	1	1	0	0	2	2	2	2	4	4	4	4	1	1	1	1	0	0	4	4	1	1	1	1	1	1	0	0	2	2	2	2	1	1	4	4	4	4	2	2	3	3	4	4	0	0	3	3	1	1	1	1	4	4	1	1	2	2	4	4	3	3	4	4	3	3
M017385_M166_1F	0	0	4	4	2	2	1	1	4	4	4	4	4	4	3	3	3	3	2	2	2	2	0	0	3	3	3	3	4	4	3	3	2	2	1	1	0	0	2	2	4	4	2	2	3	3	4	4	1	1	4	4	2	2	2	2	0	0	3	4	3	2	2	2	4	4	3	3	2	2	3	3	1	1	4	4	2	2	4	4	3	3	1	1	1	4	1	1	1	1	1	1	1	2	4	4	2	2	0	0	4	4	2	3	3	3	4	4	2	2	3	3	2	2	1	1	3	3	1	1	1	1	1	2	3	3	1	1	0	0	2	2	2	2	4	4	4	4	1	1	1	1	0	0	4	4	1	1	1	1	1	1	1	1	2	2	2	2	1	1	4	4	4	4	2	2	3	3	4	4	0	0	3	3	1	1	1	1	4	4	1	1	2	2	4	4	0	0	4	4	3	3
M017393_M166_2F	0	0	2	4	2	4	0	0	3	4	3	3	2	4	3	3	3	3	2	2	4	4	0	0	1	3	1	3	3	4	3	3	1	2	1	1	1	2	2	2	1	4	2	4	3	4	4	2	1	1	2	4	2	2	2	3	0	0	3	3	3	2	1	2	4	4	3	3	1	2	3	3	1	2	4	4	1	2	4	4	1	3	1	3	1	4	1	3	1	3	1	3	1	2	3	4	2	2	0	0	4	4	2	2	3	3	1	4	2	2	1	3	1	2	1	3	1	3	1	2	1	2	1	1	1	3	1	3	0	0	2	4	2	2	3	4	4	2	1	3	1	3	0	0	2	4	1	3	1	4	1	3	3	3	2	4	2	2	1	1	2	4	4	2	2	2	3	3	1	4	0	0	2	3	1	3	1	3	2	4	1	1	2	2	4	2	3	3	4	2	3	4
M017401_M166_3F	0	0	2	4	2	4	0	0	3	4	0	0	2	4	3	3	3	3	2	2	4	2	0	0	1	3	1	3	3	4	3	3	1	2	1	1	1	2	2	2	1	4	2	4	3	4	4	2	1	1	2	4	2	2	2	3	0	0	3	3	2	2	1	2	4	4	3	3	2	2	3	3	1	1	4	4	2	2	4	4	3	3	3	3	0	0	1	3	1	3	3	3	2	2	3	4	2	2	0	0	1	4	2	3	3	3	1	4	2	2	1	1	2	2	1	3	3	3	1	2	1	2	1	1	1	3	1	1	0	0	2	4	2	2	3	4	4	2	1	1	1	3	0	0	2	4	1	3	1	4	1	3	3	3	2	2	2	2	1	1	2	4	4	2	2	3	3	3	1	4	0	0	3	3	1	3	1	1	2	4	1	1	1	2	4	2	3	3	4	2	3	4
M017345_M165_8F	0	0	2	4	2	2	1	2	4	4	3	4	2	4	3	3	3	3	2	2	4	4	0	0	1	3	1	3	3	4	3	3	1	2	1	1	1	2	2	2	1	4	2	4	3	4	4	2	1	1	2	4	2	2	2	3	0	0	3	3	3	2	1	2	4	4	3	3	1	2	1	3	1	2	4	4	1	2	4	4	3	3	1	3	1	4	1	3	1	3	3	3	2	2	3	4	2	4	0	0	1	4	2	3	3	3	1	4	2	2	1	3	1	2	1	3	1	1	1	2	1	2	1	1	1	3	1	3	0	0	2	4	2	2	3	4	4	2	1	1	1	3	0	0	2	4	1	3	1	4	1	3	3	3	2	4	2	2	1	1	2	4	4	2	2	3	3	3	1	4	0	0	2	3	1	3	1	3	2	4	1	1	2	2	4	2	3	3	4	2	3	4
M017353_M165_9F	0	0	4	4	2	2	1	1	4	4	3	4	4	4	3	3	3	3	2	2	2	2	0	0	3	3	3	3	4	4	3	3	2	2	1	1	2	2	2	2	4	4	2	2	3	3	4	4	1	1	4	4	2	2	2	2	0	0	3	3	3	3	2	2	4	4	3	3	2	2	1	3	1	1	4	4	2	2	4	4	3	3	1	1	4	4	1	1	1	1	3	3	2	2	4	4	2	2	0	0	4	4	2	2	3	3	4	4	0	0	3	3	2	2	1	1	1	3	1	1	1	1	1	1	3	3	1	1	0	0	2	2	2	2	4	4	4	4	1	1	1	1	0	0	4	4	1	1	1	1	1	1	0	0	2	2	2	2	1	1	4	4	4	4	2	2	3	3	4	4	0	0	3	3	1	1	1	1	4	4	1	1	2	2	4	4	3	3	4	4	3	3
M017361_M165_10F	0	0	2	2	2	4	1	2	3	4	0	0	2	2	3	3	3	3	2	2	4	4	0	0	1	1	1	1	0	0	3	3	1	1	1	1	1	1	2	2	1	1	4	4	4	4	2	2	1	1	2	2	2	2	0	0	0	0	3	3	3	2	1	1	4	4	3	3	1	1	0	0	0	0	4	4	1	1	3	4	3	3	3	3	1	4	3	3	3	3	3	3	2	2	3	3	4	4	0	0	0	0	2	2	3	3	1	1	2	2	1	1	1	2	3	3	1	3	2	2	0	0	1	1	1	1	3	3	0	0	0	0	2	2	0	0	2	2	1	1	3	3	0	0	2	2	3	3	1	1	3	3	3	3	4	4	2	2	1	1	2	2	2	2	3	3	3	3	1	1	0	0	0	0	3	3	0	0	2	2	1	1	2	2	2	2	1	3	2	2	3	4
M018219_M174_9H	0	0	2	2	4	4	2	2	3	3	3	4	2	2	3	3	3	3	2	2	4	4	0	0	1	1	1	1	3	3	3	3	1	1	1	1	1	1	2	2	1	1	4	4	4	4	2	2	1	1	2	2	2	4	3	3	0	0	3	3	2	2	1	1	4	4	3	3	1	1	3	3	0	0	4	4	1	1	4	4	3	3	3	3	1	1	3	3	3	3	3	3	2	2	3	3	2	4	0	0	1	4	2	2	3	3	1	1	2	2	1	1	1	1	3	3	1	3	2	2	0	0	1	1	1	1	3	3	0	0	0	0	2	2	3	3	2	2	1	3	3	3	0	0	2	2	3	3	4	4	3	3	3	3	4	4	2	2	1	1	2	2	2	2	3	3	3	3	1	1	0	0	0	0	3	3	1	3	2	2	1	1	2	2	2	2	1	3	2	2	0	0
M018227_M174_10H	0	0	2	4	2	4	1	2	3	4	0	0	2	4	3	3	3	3	2	2	4	2	0	0	1	3	1	3	3	4	3	3	1	2	1	1	1	2	2	2	1	4	2	4	3	4	4	2	1	1	2	4	2	4	2	3	0	0	3	3	2	2	1	2	4	4	0	0	1	2	3	3	1	2	4	4	1	2	3	4	1	3	1	3	0	0	1	3	1	3	3	3	1	2	3	4	2	4	0	0	1	4	2	3	3	3	0	0	4	2	1	3	1	2	1	3	1	3	1	2	1	2	1	2	1	3	1	3	0	0	2	4	2	2	3	4	4	2	1	1	1	3	0	0	2	4	1	3	1	4	1	3	3	3	2	4	2	2	1	1	2	4	4	2	2	3	3	3	1	4	0	0	2	3	1	3	1	3	2	4	1	1	2	2	4	2	3	3	4	2	3	3
M018235_M174_11H	0	0	0	0	2	2	0	0	0	0	3	4	4	4	3	3	3	3	2	2	4	2	0	0	3	3	3	3	4	4	3	3	2	2	1	1	2	2	2	2	4	4	0	0	0	0	4	4	1	1	4	4	0	0	2	2	0	0	3	3	0	0	2	2	4	4	3	3	0	0	3	3	0	0	4	4	2	2	4	4	1	3	1	3	1	1	1	1	1	1	3	3	2	2	4	4	2	2	0	0	0	0	2	2	3	3	4	4	4	2	3	3	2	2	1	1	1	1	1	1	1	1	0	0	0	0	1	1	0	0	0	0	2	2	4	4	4	4	1	1	1	1	0	0	4	4	1	1	1	1	0	0	3	3	0	0	2	2	1	1	4	4	4	4	2	2	3	3	0	0	0	0	0	0	1	1	1	1	4	4	1	1	1	2	4	4	3	3	0	0	3	3
M017434_M166_7G	0	0	2	4	2	4	0	0	3	4	3	4	2	4	3	3	3	3	2	2	4	4	0	0	1	3	1	3	3	4	3	3	1	2	1	1	1	2	2	2	1	4	2	4	3	4	4	2	1	2	2	4	2	4	2	3	0	0	3	3	3	2	1	2	4	4	3	3	1	2	3	3	1	2	4	4	1	2	3	4	3	3	3	3	1	1	1	3	1	3	3	3	1	2	3	4	2	4	0	0	1	4	2	2	3	3	1	4	2	2	1	3	1	2	1	3	1	3	1	2	1	2	1	2	1	3	1	3	0	0	2	4	2	2	3	4	4	2	1	1	1	3	0	0	2	4	1	3	1	4	1	3	3	3	2	4	1	2	1	1	2	4	4	2	2	3	3	3	1	4	0	0	2	3	1	3	1	3	2	4	1	1	2	2	4	2	3	3	4	2	3	3
M017442_M166_8G	0	0	2	4	2	4	1	2	3	4	3	3	2	4	3	3	3	3	2	2	4	4	0	0	1	3	1	3	3	3	3	3	1	2	1	1	1	2	2	2	1	4	2	4	3	4	4	2	1	2	2	4	2	4	2	3	0	0	3	3	3	2	1	2	4	4	3	3	1	2	3	3	1	2	4	4	1	2	3	4	3	3	3	3	1	1	1	3	1	3	1	3	1	2	3	4	2	4	0	0	1	4	2	3	3	3	1	4	4	2	1	3	1	2	1	3	3	3	1	2	1	2	1	2	1	3	1	3	0	0	2	4	2	2	3	4	4	2	1	1	1	3	0	0	2	4	1	3	1	4	1	3	3	3	2	4	1	2	1	1	2	4	4	2	2	3	3	3	1	4	0	0	2	3	1	3	1	3	2	4	1	1	2	2	4	2	3	3	4	2	3	3
M017450_M166_9G	0	0	4	4	2	2	1	1	4	4	3	4	4	4	3	3	3	3	2	2	2	2	0	0	3	3	3	3	3	4	3	3	2	2	1	1	2	2	2	2	4	4	2	2	3	3	4	4	1	2	4	4	2	2	2	2	0	0	3	3	2	2	2	2	4	4	3	3	2	2	3	3	1	1	4	4	2	2	4	4	3	3	3	3	1	1	1	1	1	1	1	3	1	2	4	4	2	2	0	0	4	4	2	3	3	3	4	4	2	2	3	3	2	2	1	1	1	3	1	1	1	1	2	2	3	3	1	1	0	0	2	2	2	2	4	4	4	4	1	1	1	1	0	0	4	4	1	1	1	1	1	3	0	0	2	2	1	2	1	4	4	4	4	4	2	2	3	3	4	4	0	0	3	3	1	1	1	1	4	4	1	1	2	2	4	4	3	3	4	4	3	3
M017386_M166_1G	0	0	2	2	4	4	2	2	3	3	3	3	2	2	3	3	3	3	2	2	4	4	0	0	1	1	1	1	3	3	3	3	1	1	1	1	1	1	2	2	1	1	4	4	4	4	2	2	1	1	2	2	2	2	3	3	0	0	3	3	3	2	1	1	4	4	3	3	1	1	3	3	2	2	4	4	1	2	4	4	3	3	3	3	1	1	3	3	3	3	3	3	2	2	3	3	2	4	0	0	1	4	2	2	3	3	1	1	2	2	1	1	0	0	3	3	1	1	2	2	2	2	1	1	1	1	3	3	0	0	4	4	2	2	0	0	2	2	1	1	3	3	0	0	2	2	3	3	4	4	3	3	3	3	4	4	2	2	1	1	2	2	2	2	3	3	3	3	1	1	0	0	2	2	3	3	3	3	2	2	1	1	2	2	2	2	1	1	2	2	3	4
M017394_M166_2G	0	0	2	4	2	4	0	0	3	4	3	4	2	4	3	3	3	3	2	2	4	4	0	0	1	3	1	3	3	4	3	3	1	2	1	1	1	2	2	2	1	4	2	4	3	4	4	2	1	1	2	4	2	2	2	3	0	0	3	3	3	2	1	2	4	4	3	3	1	2	3	3	1	2	4	4	1	2	4	4	3	3	1	3	1	4	1	3	1	3	3	3	1	2	3	4	2	2	0	0	4	4	2	2	3	3	1	4	4	2	1	3	1	2	1	3	1	1	1	2	1	2	1	1	1	3	1	3	0	0	2	4	2	2	3	4	4	2	1	3	1	3	0	0	2	4	1	3	1	4	1	3	3	3	2	4	2	2	1	1	2	4	4	2	2	3	3	3	1	4	0	0	2	3	1	3	1	3	2	4	1	1	2	2	4	2	1	1	4	2	3	4
M017402_M166_3G	0	0	2	2	4	4	2	2	3	3	3	3	2	2	3	3	3	3	2	2	4	4	0	0	1	1	1	1	3	3	3	3	1	1	1	1	1	1	2	2	1	1	4	4	4	4	2	2	1	2	2	2	2	2	3	3	0	0	3	3	2	2	1	1	4	4	3	3	1	1	3	3	2	2	4	4	1	1	3	4	3	3	3	3	1	1	3	3	3	3	3	3	2	2	3	3	4	4	0	0	4	4	2	2	3	3	1	1	4	2	1	1	1	2	3	3	1	3	2	2	2	2	1	1	1	1	3	3	0	0	4	4	2	2	3	3	2	2	1	3	3	3	0	0	2	2	3	3	4	4	3	3	3	3	4	4	2	2	1	1	2	2	2	2	2	3	3	3	1	1	0	0	2	2	3	3	3	3	2	2	1	1	2	2	2	2	1	1	2	2	4	4
M017346_M165_8G	0	0	4	4	2	2	1	1	4	4	4	4	4	4	3	3	3	3	2	2	2	2	0	0	3	3	3	3	4	4	3	3	2	2	1	1	2	2	2	2	4	4	2	2	3	3	4	4	1	1	4	4	2	2	2	2	0	0	3	3	3	3	2	2	4	4	3	3	2	2	1	3	1	1	4	4	2	2	4	4	3	3	1	1	4	4	1	1	1	1	3	3	2	2	4	4	2	2	0	0	4	4	2	2	3	3	4	4	2	2	3	3	2	2	1	1	1	3	1	1	1	1	1	1	3	3	1	1	0	0	2	2	2	2	4	4	4	4	1	1	1	1	0	0	4	4	1	1	1	1	1	1	0	0	2	2	2	2	1	1	4	4	4	4	2	2	3	3	4	4	0	0	3	3	1	1	1	1	4	4	1	1	2	2	4	4	3	3	4	4	3	3
M017354_M165_9G	0	0	2	4	2	2	1	2	4	4	3	4	2	4	3	3	3	3	2	2	4	4	0	0	1	3	1	3	3	4	3	3	1	2	1	1	1	2	2	2	1	4	2	4	3	4	4	2	1	1	2	4	2	2	2	3	0	0	3	3	3	2	1	2	4	4	3	3	1	2	1	3	1	2	4	4	1	2	4	4	3	3	1	3	1	4	1	3	1	3	3	3	1	2	3	4	2	4	0	0	1	4	2	2	3	3	1	4	2	2	1	3	1	2	1	3	3	3	1	2	1	2	1	1	1	3	1	3	0	0	2	4	2	2	3	4	4	2	1	1	1	3	0	0	2	4	1	3	1	4	1	3	3	3	2	4	2	2	1	1	2	4	4	2	2	3	3	3	1	4	0	0	2	3	1	3	1	3	2	4	1	1	2	2	4	2	3	3	4	2	3	4
M017362_M165_10G	0	0	2	4	2	2	1	2	4	4	3	4	2	4	3	3	3	3	2	2	4	4	0	0	1	3	1	3	3	4	3	3	1	2	1	1	1	2	2	2	1	4	2	4	3	4	4	2	1	1	2	4	2	2	2	3	0	0	3	3	3	2	1	2	4	4	3	3	1	2	1	3	1	2	4	4	1	2	4	4	3	3	1	3	1	4	1	3	1	3	3	3	2	2	3	4	2	4	0	0	1	4	2	2	3	3	1	4	2	2	1	3	1	2	1	3	1	1	1	2	1	2	1	1	1	3	1	3	0	0	2	4	2	2	3	4	4	2	1	1	1	3	0	0	2	4	1	3	1	4	1	3	3	3	2	4	2	2	1	1	2	4	4	2	2	3	3	3	1	4	0	0	2	3	1	3	1	3	2	4	1	1	2	2	4	2	3	3	4	2	3	4
M018220_M174_10A	0	0	2	4	2	4	1	2	3	4	3	3	2	4	3	3	3	3	2	2	4	4	0	0	1	3	1	3	3	4	3	3	1	2	1	1	1	2	2	2	1	4	2	4	3	4	4	2	1	1	2	4	2	4	2	3	0	0	3	3	3	2	1	2	4	4	3	3	1	2	3	3	1	2	4	4	1	2	3	4	3	3	3	3	1	4	1	3	1	3	3	3	1	2	3	4	2	4	0	0	1	4	2	2	3	3	1	4	4	2	1	3	1	2	1	3	1	3	1	2	1	2	1	2	1	3	1	3	0	0	2	4	2	2	3	4	4	2	1	1	1	3	0	0	2	4	1	3	1	4	1	3	3	3	2	4	1	2	1	1	2	4	4	2	2	3	3	3	1	4	0	0	2	3	1	3	1	3	2	4	1	1	1	2	4	2	3	3	4	2	3	3
M018228_M174_11A	0	0	4	4	2	2	1	1	4	4	3	3	4	4	3	3	3	3	2	2	2	2	0	0	3	3	3	3	4	4	3	3	2	2	1	1	2	2	2	2	4	4	2	2	3	3	4	4	1	1	4	4	2	2	2	2	0	0	3	3	3	3	2	2	4	4	0	0	2	2	3	3	1	1	4	4	2	2	4	4	3	3	3	3	1	4	1	1	1	1	3	3	1	2	4	4	2	2	0	0	4	4	2	2	3	3	4	4	4	2	3	3	2	2	1	1	1	3	1	1	1	1	2	2	3	3	1	1	0	0	2	2	2	2	4	4	4	4	1	1	1	1	0	0	4	4	1	1	1	1	1	1	0	0	2	2	1	2	1	1	4	4	4	4	2	2	3	3	4	4	0	0	3	3	1	1	1	1	4	4	1	1	1	2	4	4	3	3	4	4	3	3
M018236_M174_12A	0	0	2	4	2	4	1	2	3	4	3	4	2	4	3	3	3	3	2	2	4	4	0	0	1	3	1	3	3	4	3	3	1	2	1	1	1	2	2	2	1	4	2	4	3	4	4	2	1	2	2	4	2	2	2	3	0	0	3	3	3	2	1	2	4	4	3	3	1	2	3	3	1	2	4	4	1	2	3	4	3	3	3	3	1	4	1	3	1	3	3	3	1	2	3	4	2	4	0	0	1	4	2	2	3	3	1	4	2	2	1	1	1	2	1	3	1	3	1	2	1	2	1	2	1	3	1	3	0	0	2	4	2	2	3	4	4	2	1	1	1	3	0	0	2	4	1	3	1	4	1	3	3	3	2	4	2	2	1	1	2	4	4	2	2	3	3	3	1	4	0	0	2	3	1	3	1	3	0	0	1	1	1	1	4	2	3	3	4	2	3	4
M017435_M166_7H	0	0	4	4	2	2	1	1	4	4	3	4	4	4	3	3	3	3	2	2	2	2	0	0	3	3	3	3	4	4	3	3	2	2	1	1	2	2	0	0	4	4	2	2	3	3	4	4	1	1	4	4	2	2	2	2	0	0	3	3	3	2	2	2	4	4	3	3	2	2	3	3	1	1	4	4	2	2	4	4	1	3	1	3	1	1	1	1	1	1	3	3	1	2	4	4	2	2	0	0	4	4	2	2	3	3	4	4	2	2	3	3	2	2	1	1	1	1	1	1	1	1	2	2	3	3	1	1	0	0	2	2	2	2	4	4	4	4	1	1	1	1	0	0	4	4	1	1	1	1	1	3	0	0	2	2	2	2	1	4	4	4	4	4	2	2	3	3	4	4	0	0	3	3	1	1	1	1	4	4	1	1	2	2	4	4	3	3	4	4	3	3
M017443_M166_8H	0	0	2	4	2	4	1	2	3	4	4	4	2	4	3	3	3	3	2	2	4	2	0	0	1	3	1	3	3	4	3	3	1	2	1	1	1	2	2	2	1	4	2	4	3	4	4	2	1	1	2	4	2	2	2	3	0	0	3	3	2	2	1	2	4	4	3	3	1	2	3	3	1	2	4	4	1	2	3	4	3	3	3	3	1	1	1	3	1	3	1	3	1	2	3	4	2	4	0	0	1	4	2	3	3	3	1	4	0	0	1	3	1	2	1	3	3	3	1	2	1	2	1	2	1	3	1	3	0	0	2	4	2	2	3	4	4	2	1	1	1	3	0	0	2	4	1	3	1	4	1	3	3	3	2	4	2	2	1	1	2	4	4	2	2	3	3	3	1	4	0	0	2	3	1	3	1	3	0	0	1	1	2	2	4	2	3	3	4	2	3	4
M017451_M166_9H	0	0	2	4	2	4	1	2	3	4	3	4	2	4	3	3	3	3	2	2	4	4	0	0	1	3	1	3	3	4	3	3	1	2	1	1	1	2	2	2	1	4	2	4	3	4	4	2	1	1	2	4	2	4	2	3	0	0	3	3	3	2	1	2	4	4	3	3	1	2	1	3	1	2	4	4	1	2	3	4	3	3	1	3	1	1	1	3	1	3	3	3	2	2	3	4	2	4	0	0	1	4	2	2	3	3	1	4	2	2	1	3	1	2	1	3	3	3	1	2	1	2	1	1	1	3	1	3	0	0	2	4	2	2	3	4	4	2	1	1	1	3	0	0	2	4	1	3	1	4	1	3	3	3	2	4	1	2	1	1	2	4	4	2	2	3	3	3	1	4	0	0	2	3	1	3	1	3	2	4	1	1	2	2	4	2	3	3	4	2	3	3
M017387_M166_1H	0	0	2	2	4	4	2	2	3	3	3	3	0	0	3	3	3	3	2	2	4	4	0	0	1	1	1	1	3	3	3	3	1	1	1	1	1	1	2	2	1	1	4	4	4	4	2	2	1	1	2	2	2	2	3	3	0	0	3	3	3	2	1	1	4	4	3	3	1	1	3	3	2	2	4	4	1	2	3	4	3	3	3	3	1	1	3	3	3	3	3	3	2	2	3	3	2	4	0	0	1	4	2	2	3	3	1	1	2	2	1	1	1	1	3	3	1	1	2	2	2	2	1	1	1	1	3	3	0	0	4	4	2	2	3	4	2	2	1	1	3	3	0	0	2	2	3	3	4	4	3	3	3	3	4	4	2	2	1	1	2	2	2	2	3	3	3	3	1	1	0	0	2	2	3	3	3	3	2	2	1	1	2	2	2	2	1	1	2	2	3	4
M017395_M166_2H	0	0	2	4	2	4	1	2	3	4	3	4	2	4	3	3	3	3	2	2	4	4	0	0	1	3	1	3	3	4	3	3	1	2	1	1	1	2	2	2	1	4	2	4	3	4	4	2	1	1	2	4	2	2	2	3	0	0	3	3	3	2	1	2	4	4	3	3	1	2	1	3	1	2	4	4	1	2	4	4	3	3	1	3	1	1	1	3	1	3	3	3	1	2	3	4	2	4	0	0	1	4	2	2	3	3	1	4	2	2	1	3	1	2	1	3	1	1	1	2	1	2	1	1	1	3	1	3	0	0	2	4	2	2	3	4	4	2	1	1	1	3	0	0	2	4	1	3	1	4	1	3	3	3	2	4	2	2	1	1	2	4	4	2	2	3	3	3	1	4	0	0	2	3	1	3	1	3	0	0	1	1	2	2	4	2	3	3	4	2	3	4
M017403_M166_3H	0	0	2	2	4	4	2	2	3	3	3	4	2	2	3	3	3	3	2	2	4	4	0	0	0	0	0	0	3	3	3	3	1	1	1	1	1	1	2	2	1	1	4	4	4	4	2	2	1	1	2	2	2	2	3	3	1	1	3	3	3	2	1	1	4	4	3	3	1	1	3	3	2	2	4	4	1	2	3	4	3	3	3	3	1	1	3	3	3	3	3	3	2	2	3	3	2	4	0	0	1	4	2	2	3	3	1	1	2	2	1	1	1	1	3	3	1	3	2	2	2	2	1	1	1	1	3	3	0	0	4	4	2	2	3	3	2	2	1	1	3	3	0	0	2	2	3	3	4	4	3	3	3	3	4	4	2	2	1	1	2	2	2	2	3	3	3	3	1	1	0	0	2	2	3	3	3	3	2	2	1	1	2	2	2	2	1	1	0	0	0	0
M017347_M165_8H	0	0	4	4	2	2	1	1	4	4	0	0	4	4	3	3	3	3	2	2	2	2	0	0	3	3	3	3	4	4	3	3	2	2	1	1	2	2	2	2	4	4	2	2	3	3	4	4	1	1	4	4	2	2	2	2	0	0	3	3	3	3	2	2	4	4	3	3	2	2	1	3	1	1	4	4	2	2	4	4	3	3	1	1	4	4	1	1	1	1	3	3	2	2	4	4	2	2	0	0	4	4	2	3	3	3	4	4	2	2	3	3	2	2	1	1	1	3	1	1	1	1	1	1	3	3	1	1	0	0	2	2	2	2	4	4	4	4	1	1	1	1	0	0	4	4	1	1	1	1	1	1	0	0	2	2	2	2	1	1	4	4	4	4	2	2	3	3	4	4	0	0	3	3	1	1	1	1	4	4	1	1	2	2	4	4	3	3	4	4	3	3
M017355_M165_9H	0	0	4	4	2	2	1	1	4	4	3	4	4	4	3	3	3	3	2	2	2	2	0	0	3	3	3	3	4	4	3	3	2	2	1	1	2	2	2	2	4	4	2	2	3	3	4	4	1	1	4	4	2	2	2	2	0	0	3	3	3	3	2	2	4	4	3	3	2	2	1	3	1	1	4	4	2	2	4	4	3	3	1	1	1	4	1	1	1	1	3	3	1	2	4	4	2	2	0	0	4	4	2	2	3	3	4	4	2	2	3	3	2	2	1	1	1	1	1	1	1	1	1	1	3	3	1	1	0	0	2	2	2	2	4	4	4	4	1	1	1	1	0	0	4	4	1	1	1	1	1	1	0	0	2	2	2	2	1	1	4	4	4	4	2	2	3	3	4	4	0	0	3	3	1	1	1	1	4	4	1	1	2	2	4	4	3	3	4	4	3	3
M017363_M165_10H	0	0	2	4	2	2	1	2	4	4	3	4	2	4	3	3	3	3	2	2	4	4	0	0	0	0	1	3	3	4	3	3	1	2	1	1	1	2	2	2	1	4	2	4	3	4	4	2	1	1	2	4	2	2	2	3	0	0	3	3	3	2	1	2	4	4	3	3	1	2	1	3	1	2	4	4	1	2	4	4	3	3	1	3	1	4	1	3	1	3	3	3	2	2	3	4	2	4	0	0	1	4	2	2	3	3	1	4	2	2	1	3	1	2	1	3	1	1	1	2	1	2	1	1	1	3	1	3	0	0	2	4	2	2	3	4	4	2	1	1	1	3	0	0	2	4	1	3	1	4	1	3	3	3	2	4	2	2	1	1	2	4	4	2	2	3	3	3	1	4	0	0	2	3	1	3	1	3	0	0	1	1	2	2	4	2	3	3	4	2	3	4
