Sample_ID	OmyY1	OmyY1	R18251	R18251	R23044	R23044	R30220	R30220	R34286	R34286	R38993	R38993	SH114448	SH114448	R000200	R000200	R033859	R033859	R09768	R09768	R12730	R12730	R24463	R24463	R00586	R00586	R19198	R19198	R23330	R23330	R30355	R30355	R34385	R34385	R39365	R39365	SH121006	SH121006	R018277	R018277	R03418	R03418	R10226	R10226	R13191	R13191	R24493	R24493	R12738	R12738	R19633	R19633	R23813	R23813	R30423	R30423	R34662	R34662	R40094	R40094	SH127236	SH127236	R02551	R02551	R03924	R03924	R10530	R10530	R16543	R16543	R26255	R26255	R13730	R13730	R19731	R19731	R24068	R24068	R30589	R30589	R35324	R35324	R40152	R40152	OMS00116	OMS00116	R02676	R02676	R04143	R04143	R11238	R11238	R19868	R19868	R27050	R27050	R14225	R14225	R21285	R21285	R24273	R24273	R30678	R30678	R37205	R37205	R40252	R40252	OMS00143	OMS00143	R02783	R02783	R04203	R04203	R11353	R11353	R19948	R19948	R30551	R30551	R14383	R14383	R21330	R21330	R24370	R24370	R33010	R33010	R37229	R37229	R40319	R40319	OMS00144	OMS00144	R02785	R02785	R04760	R04760	R11790	R11790	R20353	R20353	R32124	R32124	R14511	R14511	R21561	R21561	R28680	R28680	R33411	R33411	R37560	R37560	R40342	R40342	OMS00159	OMS00159	R03042	R03042	R04944	R04944	R12528	R12528	R21023	R21023	R32692	R32692	R14589	R14589	R22570	R22570	R30015	R30015	R33562	R33562	R38346	R38346	R40580	R40580	OMS00169	OMS00169	R03306	R03306	R08985	R08985	R12611	R12611	R22488	R22488	R36639	R36639
M016716_M159_2A	0	0	0	0	0	0	0	0	0	0	0	0	0	0	0	0	0	0	0	0	0	0	0	0	0	0	0	0	0	0	0	0	0	0	0	0	0	0	0	0	0	0	0	0	0	0	0	0	0	0	0	0	0	0	0	0	0	0	0	0	0	0	0	0	0	0	0	0	0	0	0	0	0	0	0	0	0	0	0	0	0	0	0	0	0	0	0	0	0	0	0	0	0	0	0	0	0	0	0	0	0	0	0	0	0	0	0	0	0	0	0	0	0	0	0	0	0	0	0	0	0	0	0	0	0	0	0	0	0	0	0	0	0	0	0	0	0	0	0	0	0	0	0	0	0	0	0	0	0	0	0	0	0	0	0	0	0	0	0	0	0	0	0	0	0	0	0	0	0	0	0	0	0	0	0	0	0	0	0	0	0	0	0	0	0	0	0	0	0	0	0	0
M016724_M159_3A	0	0	0	0	0	0	0	0	0	0	0	0	0	0	0	0	0	0	0	0	0	0	0	0	0	0	0	0	0	0	0	0	0	0	0	0	0	0	0	0	0	0	0	0	0	0	0	0	0	0	0	0	0	0	0	0	0	0	0	0	0	0	0	0	0	0	0	0	0	0	0	0	0	0	0	0	0	0	0	0	0	0	0	0	0	0	0	0	0	0	0	0	0	0	0	0	0	0	0	0	0	0	0	0	0	0	0	0	0	0	0	0	0	0	0	0	0	0	0	0	0	0	0	0	0	0	0	0	0	0	0	0	0	0	0	0	0	0	0	0	0	0	0	0	0	0	0	0	0	0	0	0	0	0	0	0	0	0	0	0	0	0	0	0	0	0	0	0	0	0	0	0	0	0	0	0	0	0	0	0	0	0	0	0	0	0	0	0	0	0	0	0
M018340_M176_1A	0	0	0	0	0	0	0	0	0	0	0	0	0	0	0	0	0	0	0	0	0	0	0	0	0	0	0	0	0	0	0	0	0	0	0	0	0	0	0	0	0	0	0	0	0	0	0	0	0	0	0	0	0	0	0	0	0	0	0	0	0	0	0	0	0	0	0	0	0	0	0	0	0	0	0	0	0	0	0	0	0	0	0	0	0	0	0	0	0	0	0	0	0	0	0	0	0	0	0	0	0	0	0	0	0	0	0	0	0	0	0	0	0	0	0	0	0	0	0	0	0	0	0	0	0	0	0	0	0	0	0	0	0	0	0	0	0	0	0	0	0	0	0	0	0	0	0	0	0	0	0	0	0	0	0	0	0	0	0	0	0	0	0	0	0	0	0	0	0	0	0	0	0	0	0	0	0	0	0	0	0	0	0	0	0	0	0	0	0	0	0	0
M018348_M176_2A	0	0	2	2	4	4	2	2	0	0	0	0	2	2	3	3	3	3	2	2	4	4	0	0	1	1	0	0	3	3	3	3	1	1	1	1	1	1	2	2	1	1	4	4	4	4	2	2	1	1	2	2	2	2	3	3	0	0	3	3	2	2	1	1	4	4	3	3	1	1	3	3	2	2	4	4	1	2	4	4	3	3	3	3	1	4	0	0	3	3	3	3	2	2	3	3	4	4	0	0	1	4	2	2	3	3	1	1	2	2	1	1	1	1	3	3	0	0	2	2	2	2	1	1	1	1	3	3	0	0	4	4	2	2	3	3	2	2	1	1	3	3	3	3	2	2	3	3	4	4	3	3	3	3	4	4	2	2	1	1	2	2	2	2	3	3	3	3	1	1	0	0	2	2	3	3	3	3	2	2	1	1	1	1	2	2	1	1	0	0	0	0
M018356_M176_3A	0	0	2	4	2	2	1	2	3	4	4	4	4	4	3	3	3	3	2	2	4	4	0	0	1	3	1	3	3	4	3	3	1	2	1	1	1	2	0	0	1	4	2	4	3	4	4	4	1	1	2	4	2	2	2	3	0	0	3	4	3	2	1	2	4	4	3	3	1	2	3	3	1	2	4	4	1	2	4	4	1	3	1	3	1	1	1	3	1	3	1	3	1	2	3	4	2	4	0	0	4	4	2	2	3	3	1	4	2	2	1	3	1	2	1	3	1	1	1	2	1	2	1	2	1	3	1	3	0	0	2	4	2	2	3	4	4	2	1	3	1	3	0	0	2	4	1	3	4	4	3	3	3	3	2	4	2	2	1	1	2	4	4	2	3	3	3	3	1	4	0	0	2	3	1	3	1	1	2	4	1	1	2	2	4	2	3	3	4	2	3	3
M018396_M176_8A	0	0	2	2	2	4	2	2	3	4	3	4	2	2	3	3	3	3	2	2	4	4	0	0	1	1	1	1	3	3	3	3	1	1	1	1	1	1	2	2	1	1	4	4	4	4	2	2	1	1	2	2	2	4	3	3	0	0	3	3	2	2	1	1	4	4	3	3	1	1	3	3	2	2	4	4	1	1	4	4	3	3	3	3	1	4	3	3	3	3	3	3	2	2	3	3	2	4	0	0	1	4	2	2	3	3	1	1	4	2	1	1	1	1	3	3	1	3	2	2	2	2	1	1	1	1	3	3	0	0	4	4	2	2	3	3	2	2	1	3	3	3	0	0	2	2	3	3	4	4	3	3	3	3	4	4	2	2	1	1	2	2	2	2	3	3	3	3	1	1	0	0	2	2	3	3	3	3	2	2	1	1	2	2	2	2	1	1	2	2	3	3
M018404_M176_9A	0	0	2	4	2	4	1	2	4	4	3	4	4	4	3	3	3	3	2	2	4	2	0	0	1	3	1	3	3	4	3	3	1	2	1	1	1	2	2	2	1	4	2	4	3	4	4	4	1	1	2	4	2	4	2	3	0	0	3	3	3	2	1	2	4	4	3	3	1	2	3	3	1	2	4	4	1	2	4	4	1	3	3	3	1	1	1	3	1	3	3	3	1	2	3	4	2	4	0	0	4	4	2	2	3	3	1	4	2	2	1	3	1	2	1	3	1	1	1	2	1	2	1	1	1	3	1	3	0	0	2	4	2	2	3	4	4	2	1	1	1	3	0	0	2	4	1	3	4	4	1	3	1	1	4	4	1	2	1	4	2	4	4	2	3	3	3	3	1	4	0	0	2	3	1	3	1	3	2	4	1	1	1	2	4	2	3	3	4	2	0	0
M052676_M534_2A	0	0	4	4	2	2	1	1	4	4	3	3	4	4	1	3	3	3	2	2	0	0	0	0	1	3	3	3	4	4	3	3	2	2	1	1	2	2	2	2	4	4	2	2	3	3	4	4	1	1	2	2	2	2	3	3	0	0	3	3	3	3	2	2	4	4	3	3	2	2	3	3	1	1	4	4	2	2	4	4	1	1	1	1	1	1	1	1	1	1	1	1	1	1	4	4	2	2	0	0	4	4	2	2	3	3	4	4	2	2	0	0	2	2	1	1	1	3	1	1	1	1	1	1	3	3	1	3	0	0	2	2	2	2	4	4	4	4	1	1	1	1	0	0	4	4	1	1	1	1	3	3	0	0	2	2	0	0	4	4	4	4	4	4	2	2	3	3	4	4	0	0	3	3	1	1	1	1	4	4	1	1	0	0	4	4	3	3	4	4	3	3
M052684_M534_3A	0	0	2	2	2	4	2	2	3	4	3	4	2	2	3	3	3	3	2	2	4	4	0	0	1	1	1	1	3	3	3	3	1	1	1	1	1	1	2	2	1	1	4	4	4	4	2	2	1	1	2	2	2	2	3	3	0	0	3	3	2	2	1	1	4	4	3	3	1	1	3	3	2	2	4	4	1	2	4	4	3	3	3	3	1	1	3	3	3	3	3	3	2	2	3	3	2	2	0	0	1	4	2	2	3	3	1	1	2	2	1	1	1	1	3	3	1	1	2	2	2	2	1	1	1	1	3	3	0	0	4	4	4	2	3	3	2	2	3	3	3	3	0	0	2	2	3	3	4	4	3	3	3	3	4	4	2	2	1	1	2	2	2	2	2	2	3	3	1	1	0	0	2	2	3	3	1	3	2	2	1	1	1	1	2	2	1	1	2	2	3	4
M052692_M534_4A	0	0	2	4	4	4	2	2	3	4	3	3	2	2	1	1	3	3	2	2	4	4	0	0	1	3	1	1	3	3	3	3	1	1	1	1	1	1	2	2	1	1	4	4	4	4	2	2	1	1	2	2	2	2	3	3	0	0	3	3	3	2	1	1	4	4	3	3	1	1	3	3	2	2	4	4	1	2	4	4	3	3	3	3	1	1	3	3	3	3	3	3	2	2	3	3	2	4	0	0	1	1	0	0	3	3	1	1	2	2	1	1	1	1	3	3	1	3	2	2	2	2	1	1	1	1	3	3	0	0	4	4	2	2	3	3	2	2	1	3	3	3	0	0	2	2	3	3	4	4	3	3	3	3	4	4	1	2	1	1	2	2	2	2	3	3	3	3	1	1	0	0	2	2	3	3	1	1	2	2	1	1	0	0	2	2	1	1	2	2	3	4
M016709_M159_1B	0	0	0	0	0	0	0	0	0	0	0	0	0	0	0	0	0	0	0	0	0	0	0	0	0	0	0	0	0	0	0	0	0	0	0	0	0	0	0	0	0	0	0	0	0	0	0	0	0	0	0	0	0	0	0	0	0	0	0	0	0	0	0	0	0	0	0	0	0	0	0	0	0	0	0	0	0	0	0	0	0	0	0	0	0	0	0	0	0	0	0	0	0	0	0	0	0	0	0	0	0	0	0	0	0	0	0	0	0	0	0	0	0	0	0	0	0	0	0	0	0	0	0	0	0	0	0	0	0	0	0	0	0	0	0	0	0	0	0	0	0	0	0	0	0	0	0	0	0	0	0	0	0	0	0	0	0	0	0	0	0	0	0	0	0	0	0	0	0	0	0	0	0	0	0	0	0	0	0	0	0	0	0	0	0	0	0	0	0	0	0	0
M016717_M159_2B	0	0	0	0	0	0	0	0	0	0	0	0	0	0	0	0	0	0	0	0	0	0	0	0	0	0	0	0	0	0	0	0	0	0	0	0	0	0	0	0	0	0	0	0	0	0	0	0	0	0	0	0	0	0	0	0	0	0	0	0	0	0	0	0	0	0	0	0	0	0	0	0	0	0	0	0	0	0	0	0	0	0	0	0	0	0	0	0	0	0	0	0	0	0	0	0	0	0	0	0	0	0	0	0	0	0	0	0	0	0	0	0	0	0	0	0	0	0	0	0	0	0	0	0	0	0	0	0	0	0	0	0	0	0	0	0	0	0	0	0	0	0	0	0	0	0	0	0	0	0	0	0	0	0	0	0	0	0	0	0	0	0	0	0	0	0	0	0	0	0	0	0	0	0	0	0	0	0	0	0	0	0	0	0	0	0	0	0	0	0	0	0
M016725_M159_3B	0	0	0	0	0	0	0	0	0	0	0	0	0	0	0	0	0	0	0	0	0	0	0	0	0	0	0	0	0	0	0	0	0	0	0	0	0	0	0	0	0	0	0	0	0	0	0	0	0	0	0	0	0	0	0	0	0	0	0	0	0	0	0	0	0	0	0	0	0	0	0	0	0	0	0	0	0	0	0	0	0	0	0	0	0	0	0	0	0	0	0	0	0	0	0	0	0	0	0	0	0	0	0	0	0	0	0	0	0	0	0	0	0	0	0	0	0	0	0	0	0	0	0	0	0	0	0	0	0	0	0	0	0	0	0	0	0	0	0	0	0	0	0	0	0	0	0	0	0	0	0	0	0	0	0	0	0	0	0	0	0	0	0	0	0	0	0	0	0	0	0	0	0	0	0	0	0	0	0	0	0	0	0	0	0	0	0	0	0	0	0	0
M018341_M176_1B	0	0	0	0	0	0	0	0	0	0	0	0	0	0	0	0	0	0	0	0	0	0	0	0	0	0	0	0	0	0	0	0	0	0	0	0	0	0	0	0	0	0	0	0	0	0	0	0	0	0	0	0	0	0	0	0	0	0	0	0	0	0	0	0	0	0	0	0	0	0	0	0	0	0	0	0	0	0	0	0	0	0	0	0	0	0	0	0	0	0	0	0	0	0	0	0	0	0	0	0	0	0	0	0	0	0	0	0	0	0	0	0	0	0	0	0	0	0	0	0	0	0	0	0	0	0	0	0	0	0	0	0	0	0	0	0	0	0	0	0	0	0	0	0	0	0	0	0	0	0	0	0	0	0	0	0	0	0	0	0	0	0	0	0	0	0	0	0	0	0	0	0	0	0	0	0	0	0	0	0	0	0	0	0	0	0	0	0	0	0	0	0
M018349_M176_2B	0	0	2	2	2	4	2	2	3	4	3	3	2	2	3	3	3	3	2	2	4	4	0	0	1	1	1	1	3	3	3	3	1	1	1	1	1	1	2	2	1	1	4	4	4	4	2	2	1	1	2	2	2	2	3	3	0	0	3	3	3	2	1	1	4	4	3	3	1	1	3	3	2	2	4	4	1	1	3	3	3	3	3	3	1	1	3	3	3	3	3	3	2	2	3	3	4	4	0	0	1	4	2	2	3	3	1	1	2	2	1	1	1	1	3	3	1	3	2	2	2	2	1	1	1	1	3	3	0	0	4	4	2	2	0	0	2	2	1	1	3	3	3	3	2	2	3	3	4	4	3	3	3	3	4	4	2	2	1	1	2	2	2	2	3	3	3	3	1	1	0	0	2	2	3	3	3	3	2	2	1	1	1	1	2	2	1	1	0	0	0	0
M018357_M176_3B	0	0	2	2	2	4	2	2	3	4	3	4	2	2	3	3	3	3	2	2	4	4	0	0	1	1	1	1	3	3	3	3	1	1	1	1	1	1	2	2	1	1	4	4	4	4	2	2	1	1	2	2	2	2	3	3	0	0	3	3	3	2	1	1	4	4	3	3	1	1	3	3	2	2	4	4	1	1	3	3	3	3	3	3	1	1	3	3	3	3	3	3	2	2	3	3	4	4	0	0	4	4	2	2	3	3	1	1	2	2	1	1	1	1	3	3	1	1	2	2	2	2	1	1	1	1	3	3	0	0	4	4	2	2	3	3	2	2	1	1	3	3	0	0	2	2	3	3	4	4	3	3	3	3	4	4	1	2	1	1	2	2	2	2	3	3	3	3	1	1	0	0	2	2	3	3	3	3	2	2	1	1	1	2	2	2	1	1	2	2	3	4
M018389_M176_7B	0	0	2	2	2	4	2	2	3	4	3	3	2	2	3	3	3	3	2	2	4	4	0	0	1	1	1	1	3	3	3	3	1	1	1	1	1	1	2	2	1	1	4	4	4	4	2	2	1	1	2	2	2	4	3	3	0	0	3	3	2	2	1	1	4	4	3	3	1	1	3	3	2	2	4	4	1	1	3	3	3	3	3	3	1	1	3	3	3	3	3	3	2	2	3	3	4	4	0	0	4	4	2	2	3	3	1	1	4	2	1	1	1	2	3	3	1	3	2	2	2	2	1	1	1	1	3	3	0	0	4	4	2	2	3	3	2	2	1	3	3	3	0	0	2	2	3	3	4	4	3	3	3	3	4	4	2	2	1	1	2	2	2	2	3	3	3	3	1	1	0	0	2	2	3	3	1	3	2	2	1	1	2	2	2	2	1	1	2	2	3	4
M018397_M176_8B	0	0	2	2	2	4	2	2	3	3	3	4	2	2	3	3	3	3	2	2	4	4	0	0	1	1	1	1	3	3	3	3	1	1	1	1	1	1	0	0	1	1	4	4	4	4	2	2	1	1	2	2	2	2	3	3	0	0	3	3	3	2	1	1	4	4	3	3	1	1	3	3	2	2	4	4	1	1	3	3	3	3	3	3	1	1	0	0	3	3	3	3	2	2	3	3	4	4	0	0	1	4	2	2	3	3	1	1	4	4	1	1	1	1	3	3	1	3	2	2	2	2	1	1	1	1	3	3	0	0	4	4	2	2	0	0	2	2	1	3	3	3	3	3	2	2	3	3	4	4	3	3	3	3	4	4	2	2	1	1	2	2	2	2	3	3	3	3	1	1	0	0	2	2	3	3	3	3	2	2	1	1	2	2	2	2	1	1	0	0	4	4
M018405_M176_9B	0	0	2	2	2	2	2	2	4	4	4	4	2	2	3	3	3	3	2	2	4	4	0	0	1	1	1	1	3	3	3	3	1	1	1	1	1	1	2	2	1	1	4	4	4	4	2	2	1	1	2	2	2	4	3	3	0	0	3	3	2	2	1	1	4	4	3	3	1	1	3	3	2	2	4	4	1	1	4	4	3	3	3	3	1	1	3	3	3	3	3	3	2	2	3	3	2	4	0	0	4	4	2	2	3	3	1	1	2	2	1	1	1	1	3	3	1	1	2	2	2	2	1	1	1	1	3	3	0	0	4	4	2	2	0	0	2	2	1	3	3	3	0	0	2	2	3	3	4	4	3	3	3	3	4	4	2	2	1	1	2	2	2	2	3	3	3	3	1	1	0	0	2	2	3	3	3	3	2	2	1	3	0	0	2	2	1	1	2	2	3	4
M052677_M534_2B	0	0	4	4	2	2	1	2	3	4	3	3	4	4	1	3	3	3	2	2	4	2	0	0	1	3	1	3	3	4	3	3	1	2	1	1	2	2	2	2	1	4	2	4	3	4	4	4	1	1	2	4	2	2	2	3	0	0	3	3	3	3	1	2	4	4	3	3	1	2	3	3	1	1	2	4	2	2	4	4	1	3	1	3	1	4	0	0	1	3	1	3	1	2	3	4	2	2	0	0	1	1	3	3	3	3	1	4	4	4	1	3	0	0	1	3	3	3	1	2	1	2	1	2	1	3	1	3	0	0	2	4	2	2	3	4	4	2	1	1	1	3	0	0	2	4	1	3	1	4	1	3	1	1	2	2	2	2	1	4	2	4	4	4	3	3	3	3	1	4	0	0	2	3	1	3	1	3	4	4	1	3	1	1	4	2	1	1	4	2	3	3
M052685_M534_3B	0	0	2	2	2	4	0	0	3	4	3	4	2	2	3	3	3	3	2	2	4	4	0	0	1	1	1	1	3	3	3	3	1	1	1	1	1	1	2	2	1	1	4	4	4	4	2	2	1	1	2	2	2	2	3	3	0	0	3	3	2	2	1	1	4	4	3	3	1	1	3	3	2	2	4	4	1	2	4	4	3	3	3	3	1	1	0	0	3	3	3	3	2	2	3	3	2	4	0	0	1	1	2	2	3	3	1	1	2	2	1	1	1	1	3	3	1	3	2	2	2	2	1	1	1	1	3	3	0	0	4	4	2	2	3	3	2	2	3	3	3	3	3	3	2	2	3	3	4	4	3	3	3	3	4	4	2	2	1	1	2	2	2	2	3	3	3	3	1	1	0	0	2	2	3	3	3	3	2	2	1	1	0	0	2	2	1	1	0	0	3	4
M052693_M534_4B	0	0	2	4	4	4	2	2	0	0	4	4	4	4	3	3	3	3	2	2	4	4	0	0	1	3	1	1	3	3	3	3	1	1	1	1	1	1	2	2	1	1	4	4	4	4	4	4	1	1	2	2	2	2	3	3	0	0	3	3	3	3	1	1	4	4	3	3	1	1	3	3	1	2	4	4	1	2	3	4	3	3	3	3	1	1	3	3	3	3	3	3	2	2	3	3	2	4	0	0	4	4	2	2	3	3	1	1	2	2	1	3	0	0	3	3	3	3	2	2	2	2	1	1	1	1	1	3	0	0	4	4	2	2	3	3	2	2	1	3	3	3	0	0	2	2	3	3	4	4	3	3	3	3	4	4	1	2	1	1	2	2	2	2	3	3	3	3	1	1	0	0	2	3	3	3	1	1	2	4	1	1	2	2	2	2	1	1	2	2	4	4
M016710_M159_1C	0	0	0	0	0	0	0	0	0	0	0	0	0	0	0	0	0	0	0	0	0	0	0	0	0	0	0	0	0	0	0	0	0	0	0	0	0	0	0	0	0	0	0	0	0	0	0	0	0	0	0	0	0	0	0	0	0	0	0	0	0	0	0	0	0	0	0	0	0	0	0	0	0	0	0	0	0	0	0	0	0	0	0	0	0	0	0	0	0	0	0	0	0	0	0	0	0	0	0	0	0	0	0	0	0	0	0	0	0	0	0	0	0	0	0	0	0	0	0	0	0	0	0	0	0	0	0	0	0	0	0	0	0	0	0	0	0	0	0	0	0	0	0	0	0	0	0	0	0	0	0	0	0	0	0	0	0	0	0	0	0	0	0	0	0	0	0	0	0	0	0	0	0	0	0	0	0	0	0	0	0	0	0	0	0	0	0	0	0	0	0	0
M016718_M159_2C	0	0	0	0	0	0	0	0	0	0	0	0	0	0	0	0	0	0	0	0	0	0	0	0	0	0	0	0	0	0	0	0	0	0	0	0	0	0	0	0	0	0	0	0	0	0	0	0	0	0	0	0	0	0	0	0	0	0	0	0	0	0	0	0	0	0	0	0	0	0	0	0	0	0	0	0	0	0	0	0	0	0	0	0	0	0	0	0	0	0	0	0	0	0	0	0	0	0	0	0	0	0	0	0	0	0	0	0	0	0	0	0	0	0	0	0	0	0	0	0	0	0	0	0	0	0	0	0	0	0	0	0	0	0	0	0	0	0	0	0	0	0	0	0	0	0	0	0	0	0	0	0	0	0	0	0	0	0	0	0	0	0	0	0	0	0	0	0	0	0	0	0	0	0	0	0	0	0	0	0	0	0	0	0	0	0	0	0	0	0	0	0
M016726_M159_3C	0	0	0	0	0	0	0	0	0	0	0	0	0	0	0	0	0	0	0	0	0	0	0	0	0	0	0	0	0	0	0	0	0	0	0	0	0	0	0	0	0	0	0	0	0	0	0	0	0	0	0	0	0	0	0	0	0	0	0	0	0	0	0	0	0	0	0	0	0	0	0	0	0	0	0	0	0	0	0	0	0	0	0	0	0	0	0	0	0	0	0	0	0	0	0	0	0	0	0	0	0	0	0	0	0	0	0	0	0	0	0	0	0	0	0	0	0	0	0	0	0	0	0	0	0	0	0	0	0	0	0	0	0	0	0	0	0	0	0	0	0	0	0	0	0	0	0	0	0	0	0	0	0	0	0	0	0	0	0	0	0	0	0	0	0	0	0	0	0	0	0	0	0	0	0	0	0	0	0	0	0	0	0	0	0	0	0	0	0	0	0	0
M018342_M176_1C	0	0	0	0	0	0	0	0	0	0	0	0	0	0	0	0	0	0	0	0	0	0	0	0	0	0	0	0	0	0	0	0	0	0	0	0	0	0	0	0	0	0	0	0	0	0	0	0	0	0	0	0	0	0	0	0	0	0	0	0	0	0	0	0	0	0	0	0	0	0	0	0	0	0	0	0	0	0	0	0	0	0	0	0	0	0	0	0	0	0	0	0	0	0	0	0	0	0	0	0	0	0	0	0	0	0	0	0	0	0	0	0	0	0	0	0	0	0	0	0	0	0	0	0	0	0	0	0	0	0	0	0	0	0	0	0	0	0	0	0	0	0	0	0	0	0	0	0	0	0	0	0	0	0	0	0	0	0	0	0	0	0	0	0	0	0	0	0	0	0	0	0	0	0	0	0	0	0	0	0	0	0	0	0	0	0	0	0	0	0	0	0
M018350_M176_2C	0	0	2	4	2	4	2	2	4	4	4	4	2	2	3	3	0	0	2	2	4	4	0	0	1	3	1	1	3	3	3	3	1	1	1	1	1	1	2	2	1	1	4	4	4	4	4	2	1	1	2	2	2	2	3	3	0	0	3	3	3	2	1	1	4	4	3	3	1	1	3	3	2	2	4	4	1	1	3	3	3	3	3	3	1	1	3	3	3	3	3	3	2	2	3	3	2	2	0	0	4	4	2	2	3	3	1	1	4	2	1	1	1	2	3	3	1	3	2	2	2	2	1	1	1	1	3	3	0	0	4	4	2	2	0	0	2	2	1	3	3	3	0	0	2	2	3	3	4	4	3	3	3	3	4	4	2	2	1	1	2	2	2	2	3	3	3	3	1	1	0	0	2	2	3	3	3	3	2	2	1	1	2	2	2	2	1	1	2	2	3	4
M018358_M176_3C	0	0	2	2	2	4	2	2	3	3	4	4	2	2	3	3	3	3	2	2	4	4	0	0	1	1	1	1	3	3	3	3	1	1	1	1	1	1	2	2	1	1	4	4	4	4	4	2	1	1	2	2	2	2	3	3	0	0	3	3	2	2	0	0	4	4	3	3	1	1	3	3	2	2	4	4	1	1	4	4	3	3	3	3	1	1	3	3	3	3	3	3	2	2	3	3	4	4	0	0	1	4	2	2	3	3	1	1	2	2	1	3	1	2	3	3	1	1	2	2	2	2	1	1	1	1	3	3	0	0	4	4	2	2	0	0	2	2	1	3	3	3	0	0	2	2	3	3	4	4	3	3	3	3	4	4	2	2	1	1	2	2	2	2	3	3	3	3	1	1	0	0	2	2	3	3	1	3	2	2	1	1	2	2	2	2	1	1	2	2	3	4
M018390_M176_7C	0	0	2	4	2	2	1	1	4	4	3	4	4	4	3	3	3	3	2	2	4	2	0	0	1	3	1	3	3	4	3	3	1	2	1	1	1	2	2	2	1	4	2	4	3	4	4	4	1	1	2	4	2	4	2	3	0	0	3	3	3	2	1	2	4	4	3	3	1	2	3	3	1	2	2	4	1	2	4	4	3	3	1	3	1	1	1	3	1	3	1	3	1	2	3	4	2	2	0	0	4	4	0	0	3	3	1	4	2	2	1	3	1	2	1	3	1	3	1	2	1	2	1	1	1	3	1	3	0	0	2	4	2	2	3	4	4	2	1	1	1	3	0	0	2	4	1	3	4	4	1	3	3	3	2	4	2	2	1	1	2	4	4	2	2	3	3	3	1	4	0	0	2	3	1	3	1	3	2	4	1	1	2	2	4	2	3	3	4	2	0	0
M018398_M176_8C	0	0	2	2	2	4	2	2	3	4	3	4	2	2	3	3	3	3	2	2	4	4	0	0	1	1	1	1	3	3	3	3	1	1	1	1	1	1	2	2	1	1	4	4	4	4	4	2	1	1	2	2	2	4	3	3	0	0	3	3	3	2	1	1	4	4	3	3	1	1	3	3	2	2	4	4	1	1	3	4	3	3	3	3	1	1	3	3	3	3	3	3	2	2	3	3	2	4	0	0	4	4	2	2	3	3	1	1	4	4	0	0	1	2	3	3	1	3	2	2	2	2	1	1	1	1	3	3	0	0	4	4	2	2	0	0	2	2	1	3	3	3	0	0	2	2	3	3	4	4	3	3	3	3	4	4	2	2	1	1	2	2	2	2	3	3	3	3	1	1	0	0	2	2	3	3	3	3	2	2	1	1	2	2	2	2	1	1	2	2	4	4
M018406_M176_9C	0	0	2	2	2	4	2	2	3	4	4	4	2	2	3	3	3	3	2	2	4	4	0	0	1	1	1	1	3	3	3	3	1	1	1	1	1	1	2	2	1	1	4	4	4	4	4	2	1	1	2	2	2	4	3	3	0	0	3	3	2	2	1	1	4	4	3	3	1	1	3	3	2	2	4	4	1	1	4	4	3	3	3	3	1	4	3	3	3	3	3	3	2	2	3	3	2	2	0	0	4	4	2	2	3	3	1	1	2	2	1	1	1	1	3	3	1	1	2	2	2	2	1	1	1	1	3	3	0	0	4	4	2	2	3	3	2	2	1	1	3	3	0	0	2	2	3	3	4	4	3	3	3	3	4	4	2	2	1	1	2	2	2	2	3	3	3	3	1	1	0	0	2	2	3	3	3	3	2	2	1	1	2	2	2	2	1	1	2	2	4	4
M052678_M534_2C	0	0	4	4	2	2	1	1	4	4	3	3	4	4	1	3	3	3	2	2	2	2	0	0	1	3	3	3	4	4	3	3	2	2	1	1	2	2	2	2	4	4	2	2	3	3	4	4	1	1	4	4	2	2	3	3	0	0	3	3	3	3	2	2	4	4	3	3	2	2	3	3	1	1	4	4	2	2	4	4	1	1	1	1	1	1	1	1	1	1	1	1	0	0	4	4	2	2	0	0	4	4	2	2	3	3	4	4	2	2	3	3	2	2	1	1	3	3	1	1	1	1	1	1	3	3	1	3	0	0	2	2	2	2	4	4	4	4	1	1	1	1	0	0	4	4	1	1	1	1	1	1	0	0	2	2	2	2	4	4	4	4	4	4	2	3	3	3	4	4	0	0	3	3	1	1	1	1	4	4	1	1	0	0	4	4	3	3	4	4	3	3
M052686_M534_3C	0	0	4	4	2	2	1	1	4	4	3	3	4	4	3	3	3	3	2	2	0	0	0	0	1	3	3	3	4	4	3	3	2	2	1	1	2	2	2	2	4	4	2	2	3	3	4	4	1	1	4	4	2	2	2	3	0	0	3	3	3	3	2	2	4	4	3	3	2	2	3	3	1	1	4	4	2	2	4	4	1	1	1	1	1	1	1	1	1	1	1	1	0	0	4	4	2	2	0	0	1	4	2	2	3	3	4	4	2	2	3	3	2	2	1	1	3	3	1	1	1	1	1	1	3	3	1	3	0	0	2	2	2	2	4	4	4	4	1	1	1	1	0	0	4	4	1	1	1	1	1	1	1	3	2	2	2	2	4	4	4	4	4	4	2	3	3	3	4	4	0	0	3	3	1	1	1	1	4	4	1	1	2	2	4	4	3	3	4	4	3	3
M052694_M534_4C	0	0	4	4	2	4	0	0	3	4	3	3	4	4	3	3	3	3	2	2	4	2	0	0	1	3	1	3	3	4	3	3	1	2	1	1	1	2	2	2	1	4	2	4	3	4	4	4	1	1	2	4	2	2	3	3	0	0	3	3	3	3	1	2	4	4	3	3	1	2	3	3	1	2	4	4	1	2	3	4	1	3	1	3	1	1	1	3	1	3	1	3	1	2	3	4	2	4	0	0	4	4	3	3	3	3	1	4	2	2	1	3	1	2	1	3	1	3	1	2	1	2	1	1	1	3	1	3	0	0	2	4	2	2	3	4	4	2	1	1	1	3	0	0	2	4	1	3	4	4	3	3	1	1	2	4	1	2	1	1	2	4	4	2	3	3	3	3	1	4	0	0	2	3	1	3	1	1	2	4	1	1	2	2	4	2	3	3	4	2	0	0
M016711_M159_1D	0	0	0	0	0	0	0	0	0	0	0	0	0	0	0	0	0	0	0	0	0	0	0	0	0	0	0	0	0	0	0	0	0	0	0	0	0	0	0	0	0	0	0	0	0	0	0	0	0	0	0	0	0	0	0	0	0	0	0	0	0	0	0	0	0	0	0	0	0	0	0	0	0	0	0	0	0	0	0	0	0	0	0	0	0	0	0	0	0	0	0	0	0	0	0	0	0	0	0	0	0	0	0	0	0	0	0	0	0	0	0	0	0	0	0	0	0	0	0	0	0	0	0	0	0	0	0	0	0	0	0	0	0	0	0	0	0	0	0	0	0	0	0	0	0	0	0	0	0	0	0	0	0	0	0	0	0	0	0	0	0	0	0	0	0	0	0	0	0	0	0	0	0	0	0	0	0	0	0	0	0	0	0	0	0	0	0	0	0	0	0	0
M016719_M159_2D	0	0	0	0	0	0	0	0	0	0	0	0	0	0	0	0	0	0	0	0	0	0	0	0	0	0	0	0	0	0	0	0	0	0	0	0	0	0	0	0	0	0	0	0	0	0	0	0	0	0	0	0	0	0	0	0	0	0	0	0	0	0	0	0	0	0	0	0	0	0	0	0	0	0	0	0	0	0	0	0	0	0	0	0	0	0	0	0	0	0	0	0	0	0	0	0	0	0	0	0	0	0	0	0	0	0	0	0	0	0	0	0	0	0	0	0	0	0	0	0	0	0	0	0	0	0	0	0	0	0	0	0	0	0	0	0	0	0	0	0	0	0	0	0	0	0	0	0	0	0	0	0	0	0	0	0	0	0	0	0	0	0	0	0	0	0	0	0	0	0	0	0	0	0	0	0	0	0	0	0	0	0	0	0	0	0	0	0	0	0	0	0
M016727_M159_3D	0	0	0	0	0	0	0	0	0	0	0	0	0	0	0	0	0	0	0	0	0	0	0	0	0	0	0	0	0	0	0	0	0	0	0	0	0	0	0	0	0	0	0	0	0	0	0	0	0	0	0	0	0	0	0	0	0	0	0	0	0	0	0	0	0	0	0	0	0	0	0	0	0	0	0	0	0	0	0	0	0	0	0	0	0	0	0	0	0	0	0	0	0	0	0	0	0	0	0	0	0	0	0	0	0	0	0	0	0	0	0	0	0	0	0	0	0	0	0	0	0	0	0	0	0	0	0	0	0	0	0	0	0	0	0	0	0	0	0	0	0	0	0	0	0	0	0	0	0	0	0	0	0	0	0	0	0	0	0	0	0	0	0	0	0	0	0	0	0	0	0	0	0	0	0	0	0	0	0	0	0	0	0	0	0	0	0	0	0	0	0	0
M018343_M176_1D	0	0	0	0	0	0	0	0	0	0	0	0	0	0	0	0	0	0	0	0	0	0	0	0	0	0	0	0	0	0	0	0	0	0	0	0	0	0	0	0	0	0	0	0	0	0	0	0	0	0	0	0	0	0	0	0	0	0	0	0	0	0	0	0	0	0	0	0	0	0	0	0	0	0	0	0	0	0	0	0	0	0	0	0	0	0	0	0	0	0	0	0	0	0	0	0	0	0	0	0	0	0	0	0	0	0	0	0	0	0	0	0	0	0	0	0	0	0	0	0	0	0	0	0	0	0	0	0	0	0	0	0	0	0	0	0	0	0	0	0	0	0	0	0	0	0	0	0	0	0	0	0	0	0	0	0	0	0	0	0	0	0	0	0	0	0	0	0	0	0	0	0	0	0	0	0	0	0	0	0	0	0	0	0	0	0	0	0	0	0	0	0
M018351_M176_2D	0	0	2	4	2	4	1	2	3	4	4	4	4	4	3	3	0	0	2	2	4	4	0	0	1	3	1	3	3	4	3	3	1	2	1	1	1	2	0	0	1	4	2	4	3	4	4	4	1	1	2	4	2	2	2	3	0	0	3	3	3	2	1	2	4	4	3	3	1	2	3	3	1	2	4	4	1	2	3	4	3	3	1	3	1	1	1	3	1	3	1	3	2	2	3	4	2	2	0	0	4	4	2	2	3	3	1	4	4	2	1	3	1	2	1	3	1	1	1	2	1	2	1	1	1	3	1	3	0	0	2	4	2	2	3	4	4	2	1	1	1	3	0	0	2	4	1	3	4	4	1	3	3	3	0	0	1	2	1	4	2	4	4	2	3	3	3	3	1	4	0	0	2	3	1	3	1	3	2	4	1	1	2	2	4	2	3	3	4	2	3	3
M018359_M176_3D	0	0	2	4	2	4	1	2	3	4	3	4	4	4	3	3	0	0	2	2	4	4	0	0	1	3	1	3	3	4	3	3	1	2	1	1	1	2	0	0	1	4	2	4	3	4	4	4	1	1	2	4	2	2	2	3	0	0	3	3	3	2	1	2	4	4	3	3	1	2	3	3	1	2	4	4	1	2	3	4	3	3	1	3	1	1	1	3	1	3	1	3	2	2	3	4	2	2	0	0	4	4	2	2	3	3	1	4	4	4	1	3	1	2	1	3	1	1	1	2	1	2	1	1	1	3	1	3	0	0	2	4	2	2	3	4	4	2	1	1	1	3	0	0	2	4	1	3	4	4	1	3	3	3	0	0	1	2	1	4	2	4	4	2	3	3	3	3	1	4	0	0	2	3	1	3	1	3	2	4	1	1	2	2	4	2	3	3	4	2	0	0
M018391_M176_7D	0	0	2	2	2	4	2	2	4	4	3	4	2	2	3	3	3	3	2	2	4	4	0	0	1	1	1	1	3	3	3	3	1	1	1	1	1	1	2	2	1	1	4	4	4	4	4	2	1	1	2	2	2	4	3	3	0	0	3	3	2	2	1	1	4	4	3	3	1	1	3	3	2	2	4	4	1	1	3	4	3	3	3	3	1	4	3	3	3	3	3	3	2	2	3	3	2	4	0	0	4	4	0	0	3	3	1	1	4	2	0	0	1	2	3	3	1	3	2	2	2	2	1	1	1	1	3	3	0	0	4	4	2	2	3	3	2	2	1	1	3	3	0	0	2	2	3	3	4	4	3	3	3	3	4	4	2	2	1	1	2	2	2	2	3	3	3	3	1	1	0	0	2	2	3	3	3	3	2	2	1	1	2	2	2	2	1	1	2	2	3	3
M018399_M176_8D	0	0	2	2	2	4	2	2	3	3	3	4	2	2	3	3	3	3	2	2	4	4	0	0	1	1	1	1	3	3	3	3	1	1	1	1	1	1	2	2	1	1	4	4	0	0	4	2	1	1	2	2	2	2	3	3	0	0	3	3	3	2	1	1	4	4	3	3	1	1	3	3	2	2	4	4	1	1	3	3	3	3	0	0	1	1	3	3	3	3	3	3	2	2	3	3	4	4	0	0	1	4	2	2	3	3	1	1	2	2	1	1	1	2	3	3	1	3	2	2	2	2	1	1	1	1	3	3	0	0	4	4	2	2	3	3	2	2	1	3	3	3	0	0	2	2	3	3	4	4	3	3	3	3	4	4	2	2	1	1	2	2	2	2	3	3	3	3	1	1	0	0	2	2	3	3	3	3	2	2	1	1	2	2	2	2	1	1	2	2	4	4
M018407_M176_9D	0	0	2	2	4	4	2	2	3	3	3	4	2	2	3	3	3	3	2	2	4	4	0	0	1	1	1	1	3	3	3	3	1	1	1	1	1	1	2	2	1	1	4	4	4	4	4	2	1	1	2	2	2	2	3	3	0	0	3	3	2	2	1	1	4	4	3	3	1	1	3	3	2	2	4	4	1	1	3	4	3	3	3	3	1	1	3	3	3	3	3	3	2	2	3	3	2	4	0	0	4	4	2	2	3	3	1	1	2	2	1	1	1	2	3	3	1	3	2	2	2	2	1	1	1	1	3	3	0	0	4	4	2	2	3	3	2	2	1	3	3	3	0	0	2	2	3	3	4	4	3	3	3	3	4	4	1	2	1	1	2	2	2	2	3	3	3	3	1	1	0	0	2	2	3	3	1	3	2	2	1	1	1	2	2	2	1	1	2	2	3	4
M052679_M534_2D	0	0	2	4	2	4	1	2	3	4	3	3	4	4	3	3	3	3	2	2	4	2	0	0	1	3	1	3	3	4	3	3	1	2	1	1	2	2	2	2	1	4	2	4	3	4	4	4	1	1	2	4	2	2	3	3	0	0	3	3	3	2	1	2	4	4	3	3	1	2	3	3	1	1	4	4	2	2	4	4	1	3	1	3	1	1	1	3	1	3	1	3	1	2	3	4	2	2	0	0	4	4	2	2	3	3	1	4	2	2	1	3	1	2	1	3	3	3	1	2	1	2	1	1	1	3	1	3	0	0	2	4	2	2	3	4	4	2	1	1	1	3	0	0	2	4	1	3	4	4	1	3	3	3	2	2	2	2	1	4	2	4	4	2	3	3	3	3	1	4	0	0	2	3	1	3	1	3	4	4	1	3	1	1	4	2	3	3	4	2	3	3
M052687_M534_3D	0	0	4	4	2	2	1	1	4	4	3	3	4	4	1	3	3	3	2	2	2	2	0	0	1	3	3	3	4	4	3	3	2	2	1	1	2	2	2	2	4	4	2	2	3	3	4	4	1	1	4	4	2	2	2	3	0	0	3	3	3	3	2	2	4	4	3	3	2	2	1	3	1	1	4	4	2	2	4	4	1	3	1	1	1	1	1	1	1	1	1	1	0	0	4	4	2	2	0	0	4	4	2	2	3	3	4	4	2	2	3	3	2	2	1	1	1	3	1	1	1	1	1	1	3	3	1	3	0	0	2	2	2	2	4	4	4	4	1	1	1	1	0	0	4	4	1	1	1	1	1	3	0	0	2	2	2	2	1	4	4	4	4	4	2	3	3	3	4	4	0	0	3	3	1	1	1	1	4	4	1	1	2	2	4	4	3	3	4	4	3	3
M052695_M534_4D	0	0	4	4	2	4	0	0	3	4	3	3	4	4	1	3	3	3	2	2	4	2	0	0	1	3	1	3	3	4	3	3	1	2	1	1	1	2	2	2	1	4	2	4	3	4	4	4	1	1	2	4	2	2	3	3	0	0	3	3	3	3	1	2	4	4	3	3	1	2	3	3	1	2	4	4	1	2	3	4	1	3	1	3	1	1	1	3	1	3	1	3	1	2	3	4	2	4	0	0	4	4	0	0	3	3	1	4	2	2	1	3	1	2	1	3	3	3	1	2	1	2	1	1	1	3	1	3	0	0	2	4	2	2	3	4	4	2	1	1	1	3	0	0	2	4	1	3	4	4	1	3	3	3	2	4	1	2	1	1	2	4	4	2	3	3	3	3	1	4	0	0	2	3	1	3	1	1	2	4	1	1	0	0	4	2	3	3	4	2	3	4
M016712_M159_1E	0	0	0	0	0	0	0	0	0	0	0	0	0	0	0	0	0	0	0	0	0	0	0	0	0	0	0	0	0	0	0	0	0	0	0	0	0	0	0	0	0	0	0	0	0	0	0	0	0	0	0	0	0	0	0	0	0	0	0	0	0	0	0	0	0	0	0	0	0	0	0	0	0	0	0	0	0	0	0	0	0	0	0	0	0	0	0	0	0	0	0	0	0	0	0	0	0	0	0	0	0	0	0	0	0	0	0	0	0	0	0	0	0	0	0	0	0	0	0	0	0	0	0	0	0	0	0	0	0	0	0	0	0	0	0	0	0	0	0	0	0	0	0	0	0	0	0	0	0	0	0	0	0	0	0	0	0	0	0	0	0	0	0	0	0	0	0	0	0	0	0	0	0	0	0	0	0	0	0	0	0	0	0	0	0	0	0	0	0	0	0	0
M016720_M159_2E	0	0	0	0	0	0	0	0	0	0	0	0	0	0	0	0	0	0	0	0	0	0	0	0	0	0	0	0	0	0	0	0	0	0	0	0	0	0	0	0	0	0	0	0	0	0	0	0	0	0	0	0	0	0	0	0	0	0	0	0	0	0	0	0	0	0	0	0	0	0	0	0	0	0	0	0	0	0	0	0	0	0	0	0	0	0	0	0	0	0	0	0	0	0	0	0	0	0	0	0	0	0	0	0	0	0	0	0	0	0	0	0	0	0	0	0	0	0	0	0	0	0	0	0	0	0	0	0	0	0	0	0	0	0	0	0	0	0	0	0	0	0	0	0	0	0	0	0	0	0	0	0	0	0	0	0	0	0	0	0	0	0	0	0	0	0	0	0	0	0	0	0	0	0	0	0	0	0	0	0	0	0	0	0	0	0	0	0	0	0	0	0
M016728_M159_3E	0	0	0	0	0	0	0	0	0	0	0	0	0	0	0	0	0	0	0	0	0	0	0	0	0	0	0	0	0	0	0	0	0	0	0	0	0	0	0	0	0	0	0	0	0	0	0	0	0	0	0	0	0	0	0	0	0	0	0	0	0	0	0	0	0	0	0	0	0	0	0	0	0	0	0	0	0	0	0	0	0	0	0	0	0	0	0	0	0	0	0	0	0	0	0	0	0	0	0	0	0	0	0	0	0	0	0	0	0	0	0	0	0	0	0	0	0	0	0	0	0	0	0	0	0	0	0	0	0	0	0	0	0	0	0	0	0	0	0	0	0	0	0	0	0	0	0	0	0	0	0	0	0	0	0	0	0	0	0	0	0	0	0	0	0	0	0	0	0	0	0	0	0	0	0	0	0	0	0	0	0	0	0	0	0	0	0	0	0	0	0	0
M018344_M176_1E	0	0	0	0	0	0	0	0	0	0	0	0	0	0	0	0	0	0	0	0	0	0	0	0	0	0	0	0	0	0	0	0	0	0	0	0	0	0	0	0	0	0	0	0	0	0	0	0	0	0	0	0	0	0	0	0	0	0	0	0	0	0	0	0	0	0	0	0	0	0	0	0	0	0	0	0	0	0	0	0	0	0	0	0	0	0	0	0	0	0	0	0	0	0	0	0	0	0	0	0	0	0	0	0	0	0	0	0	0	0	0	0	0	0	0	0	0	0	0	0	0	0	0	0	0	0	0	0	0	0	0	0	0	0	0	0	0	0	0	0	0	0	0	0	0	0	0	0	0	0	0	0	0	0	0	0	0	0	0	0	0	0	0	0	0	0	0	0	0	0	0	0	0	0	0	0	0	0	0	0	0	0	0	0	0	0	0	0	0	0	0	0
M018352_M176_2E	0	0	4	4	2	4	0	0	4	4	3	4	4	4	3	3	3	3	2	2	4	4	0	0	1	3	1	3	3	4	3	3	1	2	1	1	1	2	2	2	1	4	2	4	3	4	4	4	1	1	2	4	2	2	2	3	0	0	4	4	3	3	1	2	4	4	3	3	1	2	3	3	1	2	4	4	1	2	4	4	1	3	1	3	1	4	1	3	1	3	1	3	1	2	3	4	2	2	0	0	1	4	2	2	3	3	1	4	2	2	1	3	1	2	1	3	0	0	1	2	1	2	1	2	1	3	1	3	0	0	2	4	2	2	3	4	4	2	1	1	1	3	0	0	2	4	1	3	4	4	3	3	3	3	2	4	2	2	1	1	2	4	4	2	3	3	3	3	1	4	0	0	2	3	1	3	1	3	2	4	1	1	0	0	4	2	3	3	4	2	3	3
M018360_M176_3E	0	0	4	4	2	2	1	1	4	4	3	3	4	4	3	3	3	3	2	2	2	2	0	0	1	3	3	3	4	4	3	3	2	2	1	1	2	2	2	2	4	4	2	2	3	3	4	4	1	1	4	4	2	2	2	2	0	0	3	3	3	3	2	2	4	4	3	3	2	2	1	3	1	1	4	4	2	2	4	4	3	3	1	1	4	4	1	1	1	1	1	3	0	0	4	4	2	2	0	0	1	4	2	2	3	3	4	4	2	2	3	3	2	2	1	1	1	3	1	1	1	1	1	2	3	3	1	3	0	0	2	2	2	2	4	4	4	4	1	1	1	1	0	0	4	4	1	1	1	1	1	1	0	0	2	2	2	2	1	1	4	4	4	4	2	3	3	3	4	4	0	0	3	3	1	1	1	1	4	4	1	1	2	2	4	4	3	3	4	4	3	3
M018392_M176_7E	0	0	2	4	2	2	0	0	3	4	3	4	4	4	3	3	3	3	2	2	4	2	0	0	1	3	1	3	3	4	3	3	1	2	1	1	1	2	2	2	1	4	2	4	3	4	4	4	1	1	2	4	2	2	2	3	0	0	3	3	3	2	1	2	4	4	3	3	1	2	1	3	1	2	4	4	1	2	3	3	3	3	3	3	1	4	1	3	1	3	3	3	1	2	3	4	2	4	0	0	1	4	2	2	3	3	1	4	4	2	1	3	1	2	3	3	1	3	1	2	1	2	1	2	1	3	1	3	0	0	2	4	2	2	3	4	4	2	1	1	1	3	0	0	2	4	1	3	4	4	1	3	1	1	2	4	2	2	1	4	2	4	4	2	3	3	3	3	1	4	0	0	2	3	1	3	1	3	2	4	1	1	1	1	4	2	3	3	4	2	3	3
M018400_M176_8E	0	0	2	4	2	2	1	1	4	4	3	4	4	4	3	3	3	3	2	2	4	2	0	0	1	3	1	3	3	4	3	3	1	2	1	1	1	2	2	2	1	4	2	4	3	4	4	4	1	1	2	4	2	4	2	3	1	1	3	3	3	2	1	2	4	4	3	3	1	2	3	3	1	2	4	4	1	2	3	4	3	3	3	3	1	4	1	3	1	3	1	3	1	2	3	4	2	2	0	0	4	4	2	2	3	3	1	4	4	4	1	3	1	2	3	3	1	3	1	2	1	2	1	2	1	3	1	3	0	0	2	4	2	2	3	4	4	2	1	1	1	3	0	0	2	4	1	3	4	4	1	3	1	1	2	4	2	2	1	4	2	4	4	2	2	3	3	3	1	4	0	0	2	3	1	3	1	3	2	4	1	1	2	2	4	2	3	3	4	2	0	0
M018408_M176_9E	0	0	2	2	2	4	2	2	3	4	4	4	2	2	3	3	3	3	2	2	4	4	0	0	1	1	1	1	3	3	3	3	1	1	1	1	1	1	2	2	1	1	4	4	4	4	4	2	1	1	2	2	2	4	3	3	0	0	3	3	2	2	1	1	4	4	3	3	1	1	3	3	2	2	4	4	1	2	3	4	3	3	0	0	1	1	3	3	3	3	3	3	2	2	3	3	2	2	0	0	1	4	2	2	3	3	1	1	2	2	1	1	1	1	3	3	1	1	2	2	2	2	1	1	1	1	3	3	0	0	4	4	2	2	3	3	2	2	1	1	3	3	0	0	2	2	3	3	4	4	3	3	3	3	4	4	2	2	1	1	2	2	2	2	3	3	3	3	1	1	0	0	2	2	3	3	1	3	2	2	1	1	2	2	2	2	1	1	2	2	4	4
M052680_M534_2E	0	0	4	4	2	2	1	1	4	4	3	4	4	4	3	3	3	3	2	2	2	2	0	0	1	3	3	3	4	4	3	3	2	2	1	1	2	2	2	2	4	4	2	2	3	3	4	4	1	1	4	4	2	2	2	2	0	0	3	3	3	3	2	2	4	4	3	3	2	2	3	3	1	1	4	4	2	2	4	4	1	1	1	1	1	1	1	1	1	1	1	1	0	0	4	4	2	2	0	0	1	4	0	0	3	3	4	4	4	2	3	3	2	2	1	1	1	3	1	1	1	1	1	2	3	3	1	3	0	0	2	2	2	2	4	4	4	4	1	1	1	1	0	0	4	4	1	1	1	1	1	1	0	0	2	2	2	2	4	4	4	4	4	4	2	3	3	3	4	4	0	0	3	3	1	1	1	1	4	4	1	1	2	2	4	4	3	3	4	4	3	3
M052688_M534_3E	0	0	4	4	2	2	1	1	4	4	0	0	4	4	1	3	3	3	2	2	2	2	0	0	1	3	3	3	4	4	3	3	2	2	1	1	2	2	2	2	4	4	2	2	3	3	4	4	1	1	4	4	2	2	3	3	0	0	3	3	3	3	2	2	4	4	3	3	2	2	3	3	1	1	2	4	2	2	4	4	1	1	1	1	1	1	1	1	1	1	1	1	1	1	4	4	2	2	0	0	4	4	2	2	3	3	4	4	4	2	3	3	2	2	1	1	3	3	1	1	1	1	1	1	3	3	1	3	0	0	2	2	2	2	4	4	4	4	1	1	1	1	0	0	4	4	1	1	1	1	1	1	0	0	2	2	1	2	1	4	4	4	4	4	2	2	3	3	4	4	0	0	3	3	1	1	1	1	4	4	1	1	2	2	4	4	3	3	4	4	3	3
M052696_M534_4E	0	0	4	4	2	4	0	0	3	4	3	3	4	4	3	3	3	3	2	2	4	2	0	0	1	3	1	3	3	4	3	3	1	2	1	1	1	2	2	2	1	4	2	4	3	4	4	4	1	1	2	4	2	2	3	3	0	0	3	3	3	3	1	2	4	4	3	3	1	2	3	3	1	2	4	4	1	2	4	4	1	3	1	3	1	1	1	3	1	3	1	3	1	2	3	4	2	4	0	0	1	4	2	2	3	3	1	4	2	2	1	3	1	2	1	3	1	3	1	2	1	2	1	1	1	3	1	3	0	0	2	4	2	2	3	4	4	2	1	1	1	3	0	0	2	4	1	3	4	4	1	3	3	3	2	4	2	2	1	4	2	4	4	2	3	3	3	3	1	4	0	0	2	3	1	3	1	1	2	4	1	1	2	2	4	2	3	3	4	2	0	0
M016713_M159_1F	0	0	0	0	0	0	0	0	0	0	0	0	0	0	0	0	0	0	0	0	0	0	0	0	0	0	0	0	0	0	0	0	0	0	0	0	0	0	0	0	0	0	0	0	0	0	0	0	0	0	0	0	0	0	0	0	0	0	0	0	0	0	0	0	0	0	0	0	0	0	0	0	0	0	0	0	0	0	0	0	0	0	0	0	0	0	0	0	0	0	0	0	0	0	0	0	0	0	0	0	0	0	0	0	0	0	0	0	0	0	0	0	0	0	0	0	0	0	0	0	0	0	0	0	0	0	0	0	0	0	0	0	0	0	0	0	0	0	0	0	0	0	0	0	0	0	0	0	0	0	0	0	0	0	0	0	0	0	0	0	0	0	0	0	0	0	0	0	0	0	0	0	0	0	0	0	0	0	0	0	0	0	0	0	0	0	0	0	0	0	0	0
M016721_M159_2F	0	0	0	0	0	0	0	0	0	0	0	0	0	0	0	0	0	0	0	0	0	0	0	0	0	0	0	0	0	0	0	0	0	0	0	0	0	0	0	0	0	0	0	0	0	0	0	0	0	0	0	0	0	0	0	0	0	0	0	0	0	0	0	0	0	0	0	0	0	0	0	0	0	0	0	0	0	0	0	0	0	0	0	0	0	0	0	0	0	0	0	0	0	0	0	0	0	0	0	0	0	0	0	0	0	0	0	0	0	0	0	0	0	0	0	0	0	0	0	0	0	0	0	0	0	0	0	0	0	0	0	0	0	0	0	0	0	0	0	0	0	0	0	0	0	0	0	0	0	0	0	0	0	0	0	0	0	0	0	0	0	0	0	0	0	0	0	0	0	0	0	0	0	0	0	0	0	0	0	0	0	0	0	0	0	0	0	0	0	0	0	0
M016729_M159_3F	0	0	0	0	0	0	0	0	0	0	0	0	0	0	0	0	0	0	0	0	0	0	0	0	0	0	0	0	0	0	0	0	0	0	0	0	0	0	0	0	0	0	0	0	0	0	0	0	0	0	0	0	0	0	0	0	0	0	0	0	0	0	0	0	0	0	0	0	0	0	0	0	0	0	0	0	0	0	0	0	0	0	0	0	0	0	0	0	0	0	0	0	0	0	0	0	0	0	0	0	0	0	0	0	0	0	0	0	0	0	0	0	0	0	0	0	0	0	0	0	0	0	0	0	0	0	0	0	0	0	0	0	0	0	0	0	0	0	0	0	0	0	0	0	0	0	0	0	0	0	0	0	0	0	0	0	0	0	0	0	0	0	0	0	0	0	0	0	0	0	0	0	0	0	0	0	0	0	0	0	0	0	0	0	0	0	0	0	0	0	0	0
M018345_M176_1F	0	0	0	0	0	0	0	0	0	0	0	0	0	0	0	0	0	0	0	0	0	0	0	0	0	0	0	0	0	0	0	0	0	0	0	0	0	0	0	0	0	0	0	0	0	0	0	0	0	0	0	0	0	0	0	0	0	0	0	0	0	0	0	0	0	0	0	0	0	0	0	0	0	0	0	0	0	0	0	0	0	0	0	0	0	0	0	0	0	0	0	0	0	0	0	0	0	0	0	0	0	0	0	0	0	0	0	0	0	0	0	0	0	0	0	0	0	0	0	0	0	0	0	0	0	0	0	0	0	0	0	0	0	0	0	0	0	0	0	0	0	0	0	0	0	0	0	0	0	0	0	0	0	0	0	0	0	0	0	0	0	0	0	0	0	0	0	0	0	0	0	0	0	0	0	0	0	0	0	0	0	0	0	0	0	0	0	0	0	0	0	0
M018353_M176_2F	0	0	2	4	2	4	1	2	4	4	3	3	4	4	3	3	3	3	2	2	4	4	0	0	1	3	1	3	3	4	3	3	1	2	1	1	1	2	2	2	1	4	2	4	3	4	4	4	1	1	2	4	2	2	2	3	0	0	3	3	3	2	1	2	4	4	3	3	1	2	3	3	1	2	4	4	1	2	3	4	1	3	3	3	1	1	1	3	1	3	1	3	1	2	3	4	2	2	0	0	4	4	2	2	3	3	1	4	4	4	1	3	1	2	1	3	1	1	1	2	1	2	1	2	1	3	1	3	0	0	2	4	2	2	3	4	4	2	1	3	1	3	0	0	2	4	1	3	4	4	1	3	3	3	2	4	2	2	1	1	2	4	4	2	3	3	3	3	1	4	0	0	2	3	1	3	1	3	2	4	1	1	2	2	4	2	3	3	4	2	3	3
M018361_M176_3F	0	0	4	4	2	2	1	1	4	4	3	3	4	4	3	3	3	3	2	2	2	2	0	0	1	3	3	3	4	4	3	3	2	2	1	1	2	2	2	2	4	4	2	2	3	3	4	4	1	1	4	4	2	2	2	2	0	0	3	3	3	3	2	2	4	4	3	3	2	2	1	3	1	1	4	4	2	2	4	4	3	3	1	1	4	4	1	1	1	1	1	3	1	1	4	4	2	2	0	0	1	4	0	0	3	3	4	4	2	2	3	3	2	2	1	1	1	3	1	1	1	1	1	2	3	3	1	3	0	0	2	2	2	2	4	4	4	4	1	1	1	1	0	0	4	4	1	1	1	1	1	1	0	0	2	2	2	2	1	1	4	4	4	4	2	2	3	3	4	4	0	0	3	3	1	1	1	1	4	4	1	1	2	2	4	4	3	3	4	4	3	3
M018393_M176_7F	0	0	2	2	2	4	2	2	4	4	3	4	2	2	3	3	3	3	2	2	4	4	0	0	1	1	1	1	3	3	3	3	1	1	1	1	1	1	2	2	1	1	4	4	4	4	2	2	1	1	2	2	2	4	3	3	0	0	3	3	2	2	1	1	4	4	3	3	1	1	3	3	2	2	4	4	1	1	3	4	3	3	3	3	1	1	3	3	3	3	3	3	2	2	3	3	4	4	0	0	1	1	2	2	3	3	1	1	4	2	1	1	1	1	3	3	1	1	2	2	2	2	1	1	1	1	3	3	0	0	4	4	2	2	3	3	2	2	1	3	3	3	0	0	2	2	3	3	4	4	3	3	3	3	4	4	2	2	1	1	2	2	2	2	3	3	3	3	1	1	0	0	2	2	3	3	1	3	2	2	1	1	1	1	2	2	1	1	2	2	4	4
M018401_M176_8F	0	0	2	4	2	4	1	2	3	4	4	4	4	4	3	3	3	3	2	2	4	4	0	0	1	3	1	3	3	4	3	3	1	2	1	1	1	2	2	2	1	4	2	4	3	4	4	4	1	1	2	4	2	2	2	3	0	0	3	3	2	2	1	2	4	4	3	3	1	2	3	3	1	2	4	4	1	2	4	4	1	3	1	3	1	4	1	3	1	3	1	3	1	2	3	4	2	4	0	0	4	4	3	3	3	3	1	4	2	2	1	1	1	2	1	3	1	3	1	2	1	2	1	2	1	3	1	3	0	0	2	4	2	2	3	4	4	2	1	1	1	3	0	0	2	4	1	3	4	4	1	3	3	3	2	4	2	2	1	1	2	4	4	2	3	3	3	3	1	4	0	0	2	3	1	3	1	3	2	4	1	1	2	2	4	2	3	3	4	2	0	0
M018409_M176_9F	0	0	2	4	2	2	1	1	4	4	3	4	4	4	3	3	3	3	2	2	4	2	0	0	1	3	1	3	3	4	3	3	1	2	1	1	1	2	2	2	1	4	2	4	3	4	4	4	1	1	2	4	2	4	2	3	0	0	3	3	3	2	1	2	4	4	3	3	1	2	3	3	1	2	4	4	1	2	3	4	3	3	3	3	1	4	1	3	1	3	1	3	1	2	3	4	2	2	0	0	4	4	2	2	3	3	1	4	4	4	1	3	1	2	3	3	1	1	1	2	1	2	1	2	1	3	1	3	0	0	2	4	2	2	3	4	4	2	1	1	1	3	0	0	2	4	1	3	4	4	1	3	1	1	2	4	2	2	1	4	2	4	4	2	0	0	3	3	1	4	0	0	2	3	1	3	1	3	2	4	1	1	2	2	4	2	1	1	4	2	0	0
M052681_M534_2F	0	0	2	2	4	4	0	0	0	0	3	4	2	2	1	3	3	3	2	2	4	4	0	0	1	1	1	1	3	3	3	3	1	1	1	1	1	1	2	2	1	1	4	4	4	4	2	2	1	1	2	2	2	2	3	3	0	0	3	3	3	2	1	1	4	4	3	3	1	1	3	3	2	2	4	4	1	1	4	4	3	3	3	3	1	4	0	0	3	3	3	3	2	2	3	3	2	4	0	0	1	4	2	2	3	3	1	1	2	2	1	1	1	1	3	3	1	3	2	2	2	2	1	1	1	1	3	3	0	0	0	0	2	2	3	3	2	2	3	3	3	3	3	3	2	2	3	3	4	4	3	3	3	3	4	4	2	2	1	1	2	2	2	2	3	3	3	3	1	1	0	0	2	2	3	3	3	3	2	2	1	1	1	1	2	2	1	1	0	0	3	4
M052689_M534_3F	0	0	2	4	2	2	1	2	3	4	3	4	4	4	3	3	3	3	2	2	4	2	0	0	1	3	1	3	3	4	3	3	1	2	1	1	1	2	2	2	1	4	2	4	3	4	4	4	1	1	2	4	2	2	2	3	0	0	3	3	3	2	1	2	4	4	3	3	0	0	1	3	1	2	4	4	1	2	4	4	0	0	1	3	1	4	0	0	1	3	1	3	1	2	3	4	2	2	0	0	4	4	2	2	3	3	1	4	2	2	1	1	0	0	0	0	1	3	1	2	1	2	1	1	1	3	1	3	0	0	2	4	4	2	3	4	4	2	1	3	0	0	0	0	2	4	1	3	1	4	1	3	3	3	0	0	2	2	1	4	2	4	4	2	2	2	3	3	1	4	0	0	2	3	1	3	1	3	2	4	1	1	0	0	4	2	3	3	0	0	0	0
M052697_M534_4F	0	0	2	4	2	4	1	1	0	0	3	4	4	4	1	3	3	3	2	2	4	2	0	0	1	3	1	3	3	4	3	3	1	2	1	1	1	2	2	2	1	4	2	4	3	4	4	4	1	1	2	4	2	2	2	3	0	0	3	3	3	2	1	2	4	4	3	3	1	2	3	3	1	2	4	4	2	2	4	4	0	0	1	3	1	1	0	0	1	3	1	3	2	2	3	4	2	4	0	0	1	4	3	3	3	3	1	4	2	2	1	1	0	0	0	0	1	3	1	2	1	2	1	1	1	3	1	3	0	0	0	0	2	2	3	4	4	2	1	3	0	0	0	0	2	4	1	3	1	4	3	3	1	1	2	2	1	2	1	1	2	4	4	2	2	2	3	3	1	4	0	0	2	3	1	3	1	1	2	4	1	1	2	2	4	2	3	3	0	0	3	3
M016714_M159_1G	0	0	0	0	0	0	0	0	0	0	0	0	0	0	0	0	0	0	0	0	0	0	0	0	0	0	0	0	0	0	0	0	0	0	0	0	0	0	0	0	0	0	0	0	0	0	0	0	0	0	0	0	0	0	0	0	0	0	0	0	0	0	0	0	0	0	0	0	0	0	0	0	0	0	0	0	0	0	0	0	0	0	0	0	0	0	0	0	0	0	0	0	0	0	0	0	0	0	0	0	0	0	0	0	0	0	0	0	0	0	0	0	0	0	0	0	0	0	0	0	0	0	0	0	0	0	0	0	0	0	0	0	0	0	0	0	0	0	0	0	0	0	0	0	0	0	0	0	0	0	0	0	0	0	0	0	0	0	0	0	0	0	0	0	0	0	0	0	0	0	0	0	0	0	0	0	0	0	0	0	0	0	0	0	0	0	0	0	0	0	0	0
M016722_M159_2G	0	0	0	0	0	0	0	0	0	0	0	0	0	0	0	0	0	0	0	0	0	0	0	0	0	0	0	0	0	0	0	0	0	0	0	0	0	0	0	0	0	0	0	0	0	0	0	0	0	0	0	0	0	0	0	0	0	0	0	0	0	0	0	0	0	0	0	0	0	0	0	0	0	0	0	0	0	0	0	0	0	0	0	0	0	0	0	0	0	0	0	0	0	0	0	0	0	0	0	0	0	0	0	0	0	0	0	0	0	0	0	0	0	0	0	0	0	0	0	0	0	0	0	0	0	0	0	0	0	0	0	0	0	0	0	0	0	0	0	0	0	0	0	0	0	0	0	0	0	0	0	0	0	0	0	0	0	0	0	0	0	0	0	0	0	0	0	0	0	0	0	0	0	0	0	0	0	0	0	0	0	0	0	0	0	0	0	0	0	0	0	0
M016730_M159_3G	0	0	0	0	0	0	0	0	0	0	0	0	0	0	0	0	0	0	0	0	0	0	0	0	0	0	0	0	0	0	0	0	0	0	0	0	0	0	0	0	0	0	0	0	0	0	0	0	0	0	0	0	0	0	0	0	0	0	0	0	0	0	0	0	0	0	0	0	0	0	0	0	0	0	0	0	0	0	0	0	0	0	0	0	0	0	0	0	0	0	0	0	0	0	0	0	0	0	0	0	0	0	0	0	0	0	0	0	0	0	0	0	0	0	0	0	0	0	0	0	0	0	0	0	0	0	0	0	0	0	0	0	0	0	0	0	0	0	0	0	0	0	0	0	0	0	0	0	0	0	0	0	0	0	0	0	0	0	0	0	0	0	0	0	0	0	0	0	0	0	0	0	0	0	0	0	0	0	0	0	0	0	0	0	0	0	0	0	0	0	0	0
M018346_M176_1G	0	0	0	0	0	0	0	0	0	0	0	0	0	0	0	0	0	0	0	0	0	0	0	0	0	0	0	0	0	0	0	0	0	0	0	0	0	0	0	0	0	0	0	0	0	0	0	0	0	0	0	0	0	0	0	0	0	0	0	0	0	0	0	0	0	0	0	0	0	0	0	0	0	0	0	0	0	0	0	0	0	0	0	0	0	0	0	0	0	0	0	0	0	0	0	0	0	0	0	0	0	0	0	0	0	0	0	0	0	0	0	0	0	0	0	0	0	0	0	0	0	0	0	0	0	0	0	0	0	0	0	0	0	0	0	0	0	0	0	0	0	0	0	0	0	0	0	0	0	0	0	0	0	0	0	0	0	0	0	0	0	0	0	0	0	0	0	0	0	0	0	0	0	0	0	0	0	0	0	0	0	0	0	0	0	0	0	0	0	0	0	0
M018354_M176_2G	0	0	2	2	2	4	2	2	3	3	4	4	2	2	3	3	3	3	2	2	4	4	0	0	1	1	1	1	3	3	3	3	1	1	1	1	1	1	2	2	1	1	4	4	4	4	4	2	1	1	2	2	2	2	3	3	0	0	3	3	2	2	1	1	4	4	3	3	1	1	3	3	2	2	4	4	1	1	4	4	3	3	3	3	1	1	3	3	3	3	3	3	2	2	3	3	4	4	0	0	1	4	2	2	3	3	1	1	2	2	1	1	1	1	3	3	1	1	2	2	2	2	1	1	1	1	3	3	0	0	4	4	2	2	3	3	2	2	1	3	3	3	0	0	2	2	3	3	4	4	3	3	3	3	4	4	2	2	1	1	2	2	2	2	3	3	3	3	1	1	0	0	2	2	3	3	1	3	2	2	1	1	2	2	2	2	1	1	2	2	0	0
M018362_M176_3G	0	0	4	4	2	2	1	1	4	4	3	3	4	4	3	3	3	3	2	2	2	2	0	0	1	3	3	3	4	4	3	3	2	2	1	1	2	2	2	2	4	4	2	2	3	3	4	4	1	1	4	4	2	2	2	2	0	0	3	4	3	2	2	2	4	4	3	3	2	2	3	3	1	1	4	4	2	2	4	4	1	1	1	1	4	4	1	1	1	1	1	1	0	0	4	4	2	2	0	0	4	4	3	3	3	3	4	4	2	2	3	3	2	2	1	1	1	3	1	1	1	1	2	2	3	3	1	3	0	0	2	2	2	2	4	4	4	4	1	1	1	1	0	0	4	4	1	1	1	1	1	3	0	0	2	2	2	2	1	1	4	4	4	4	2	3	3	3	4	4	0	0	3	3	1	1	1	1	4	4	1	1	2	2	4	4	3	3	4	4	3	3
M018394_M176_7G	0	0	2	2	2	4	2	2	3	4	3	3	2	2	3	3	3	3	2	2	4	4	0	0	1	1	1	1	3	3	3	3	1	1	1	1	1	1	2	2	1	1	4	4	4	4	4	2	1	1	2	2	2	2	3	3	0	0	3	3	2	2	1	1	4	4	3	3	1	1	3	3	2	2	4	4	1	1	3	4	3	3	3	3	1	4	3	3	3	3	3	3	2	2	3	3	2	4	0	0	4	4	2	2	3	3	1	1	2	2	1	1	1	2	3	3	1	1	2	2	2	2	1	1	1	1	3	3	0	0	4	4	2	2	0	0	2	2	3	3	3	3	0	0	2	2	3	3	4	4	3	3	3	3	4	4	2	2	1	1	2	2	2	2	3	3	3	3	1	1	0	0	2	2	3	3	3	3	2	2	1	1	1	1	2	2	1	1	2	2	3	4
M018402_M176_8G	0	0	2	4	2	2	1	2	4	4	0	0	4	4	3	3	3	3	2	2	4	2	0	0	1	3	1	3	3	4	3	3	1	2	1	1	1	2	2	2	1	4	2	4	3	4	4	4	1	1	2	4	2	4	2	3	0	0	3	3	3	2	1	2	4	4	3	3	1	2	3	3	1	2	4	4	1	2	4	4	3	3	3	3	1	4	1	3	1	3	1	3	2	2	3	4	2	4	0	0	4	4	2	2	3	3	1	4	4	4	1	1	1	2	1	3	1	3	1	2	1	2	1	2	1	3	1	3	0	0	2	4	2	2	3	4	4	2	1	1	1	3	0	0	2	4	1	3	4	4	1	3	1	1	2	4	2	2	1	4	2	4	4	2	2	3	3	3	1	4	0	0	2	3	1	3	1	3	2	4	1	1	1	2	4	2	1	1	4	2	0	0
M018410_M176_9G	0	0	2	4	2	2	0	0	3	4	3	4	4	4	3	3	3	3	2	2	4	2	0	0	1	3	1	3	3	4	3	3	1	2	1	1	1	2	2	2	1	4	2	4	3	4	4	4	1	1	2	4	2	2	2	3	1	1	3	3	3	2	1	2	4	4	3	3	1	2	3	3	1	2	4	4	1	2	3	4	3	3	3	3	1	1	1	3	1	3	1	3	1	2	3	4	2	4	0	0	1	4	0	0	3	3	1	4	4	4	1	1	1	2	3	3	1	1	1	2	1	2	1	2	1	3	1	3	0	0	2	4	2	2	3	4	4	2	1	1	1	3	0	0	2	4	1	3	4	4	1	3	1	1	2	4	2	2	1	4	2	4	4	2	3	3	3	3	1	4	0	0	2	3	1	3	1	3	2	4	1	1	2	2	4	2	1	1	4	2	0	0
M052682_M534_2G	0	0	2	4	2	4	1	1	3	4	3	3	4	4	3	3	3	3	2	2	4	2	0	0	1	3	1	3	3	4	3	3	1	2	1	1	1	2	2	2	1	4	2	4	3	4	4	4	1	1	2	4	2	2	2	3	0	0	3	3	3	2	1	2	4	4	3	3	1	2	1	3	1	2	4	4	1	2	4	4	3	3	1	3	1	1	1	3	1	3	1	3	1	2	3	4	2	4	0	0	4	4	2	2	3	3	1	4	2	2	1	1	1	2	1	3	3	3	1	2	1	2	1	1	1	3	1	3	0	0	2	4	2	2	3	4	4	2	1	3	1	3	0	0	2	4	1	3	4	4	1	3	3	3	2	4	1	2	1	4	2	4	4	2	3	3	3	3	1	4	0	0	2	3	1	3	1	1	2	4	1	1	2	2	4	2	3	3	4	2	0	0
M052690_M534_3G	0	0	2	4	2	4	1	1	0	0	3	4	4	4	1	3	3	3	2	2	4	2	0	0	1	3	1	3	3	4	3	3	2	2	1	1	1	2	2	2	1	4	2	4	3	4	4	4	1	1	2	4	2	2	2	3	0	0	3	3	3	2	1	2	4	4	3	3	1	2	3	3	1	2	4	4	2	2	4	4	3	3	1	3	1	4	1	3	1	3	1	3	2	2	3	4	2	2	0	0	1	4	2	2	3	3	1	4	2	2	1	1	1	2	1	3	1	3	1	2	1	2	1	1	1	3	1	3	0	0	2	4	2	2	3	4	4	2	1	3	1	3	0	0	2	4	1	3	4	4	1	3	3	3	2	2	1	2	1	4	2	4	4	2	2	3	3	3	1	4	0	0	2	3	1	3	1	1	2	4	1	1	1	2	4	2	3	3	4	2	3	3
M052698_M534_4G	0	0	2	2	4	4	2	2	3	4	3	3	4	4	3	3	3	3	2	2	4	4	0	0	1	1	1	1	3	3	3	3	1	1	1	1	1	2	2	2	1	1	4	4	4	4	4	4	1	1	2	2	2	2	3	3	0	0	3	3	3	3	1	1	4	4	3	3	1	1	3	3	1	2	4	4	1	2	4	4	3	3	0	0	1	1	3	3	3	3	3	3	2	2	3	3	4	4	0	0	1	4	2	2	3	3	1	1	2	2	1	1	1	2	3	3	1	3	2	2	2	2	1	1	1	1	1	3	0	0	4	4	2	2	0	0	2	2	3	3	3	3	0	0	2	2	3	3	4	4	3	3	3	3	4	4	2	2	1	1	2	2	2	2	3	3	3	3	1	1	0	0	2	3	3	3	3	3	2	4	1	1	1	1	2	2	1	1	2	2	4	4
M016715_M159_1H	0	0	0	0	0	0	0	0	0	0	0	0	0	0	0	0	0	0	0	0	0	0	0	0	0	0	0	0	0	0	0	0	0	0	0	0	0	0	0	0	0	0	0	0	0	0	0	0	0	0	0	0	0	0	0	0	0	0	0	0	0	0	0	0	0	0	0	0	0	0	0	0	0	0	0	0	0	0	0	0	0	0	0	0	0	0	0	0	0	0	0	0	0	0	0	0	0	0	0	0	0	0	0	0	0	0	0	0	0	0	0	0	0	0	0	0	0	0	0	0	0	0	0	0	0	0	0	0	0	0	0	0	0	0	0	0	0	0	0	0	0	0	0	0	0	0	0	0	0	0	0	0	0	0	0	0	0	0	0	0	0	0	0	0	0	0	0	0	0	0	0	0	0	0	0	0	0	0	0	0	0	0	0	0	0	0	0	0	0	0	0	0
M016723_M159_2H	0	0	0	0	0	0	0	0	0	0	0	0	0	0	0	0	0	0	0	0	0	0	0	0	0	0	0	0	0	0	0	0	0	0	0	0	0	0	0	0	0	0	0	0	0	0	0	0	0	0	0	0	0	0	0	0	0	0	0	0	0	0	0	0	0	0	0	0	0	0	0	0	0	0	0	0	0	0	0	0	0	0	0	0	0	0	0	0	0	0	0	0	0	0	0	0	0	0	0	0	0	0	0	0	0	0	0	0	0	0	0	0	0	0	0	0	0	0	0	0	0	0	0	0	0	0	0	0	0	0	0	0	0	0	0	0	0	0	0	0	0	0	0	0	0	0	0	0	0	0	0	0	0	0	0	0	0	0	0	0	0	0	0	0	0	0	0	0	0	0	0	0	0	0	0	0	0	0	0	0	0	0	0	0	0	0	0	0	0	0	0	0
M016731_M159_3H	0	0	0	0	0	0	0	0	0	0	0	0	0	0	0	0	0	0	0	0	0	0	0	0	0	0	0	0	0	0	0	0	0	0	0	0	0	0	0	0	0	0	0	0	0	0	0	0	0	0	0	0	0	0	0	0	0	0	0	0	0	0	0	0	0	0	0	0	0	0	0	0	0	0	0	0	0	0	0	0	0	0	0	0	0	0	0	0	0	0	0	0	0	0	0	0	0	0	0	0	0	0	0	0	0	0	0	0	0	0	0	0	0	0	0	0	0	0	0	0	0	0	0	0	0	0	0	0	0	0	0	0	0	0	0	0	0	0	0	0	0	0	0	0	0	0	0	0	0	0	0	0	0	0	0	0	0	0	0	0	0	0	0	0	0	0	0	0	0	0	0	0	0	0	0	0	0	0	0	0	0	0	0	0	0	0	0	0	0	0	0	0
M018347_M176_1H	0	0	0	0	0	0	0	0	0	0	0	0	0	0	0	0	0	0	0	0	0	0	0	0	0	0	0	0	0	0	0	0	0	0	0	0	0	0	0	0	0	0	0	0	0	0	0	0	0	0	0	0	0	0	0	0	0	0	0	0	0	0	0	0	0	0	0	0	0	0	0	0	0	0	0	0	0	0	0	0	0	0	0	0	0	0	0	0	0	0	0	0	0	0	0	0	0	0	0	0	0	0	0	0	0	0	0	0	0	0	0	0	0	0	0	0	0	0	0	0	0	0	0	0	0	0	0	0	0	0	0	0	0	0	0	0	0	0	0	0	0	0	0	0	0	0	0	0	0	0	0	0	0	0	0	0	0	0	0	0	0	0	0	0	0	0	0	0	0	0	0	0	0	0	0	0	0	0	0	0	0	0	0	0	0	0	0	0	0	0	0	0
M018355_M176_2H	0	0	4	4	2	2	1	1	4	4	4	4	4	4	3	3	3	3	2	2	4	4	0	0	1	3	0	0	3	4	3	3	1	2	1	1	1	2	2	2	1	4	2	4	3	4	4	4	1	1	2	4	2	2	2	3	0	0	4	4	3	3	1	2	4	4	3	3	1	2	3	3	1	2	4	4	1	2	3	4	1	3	1	3	1	4	1	3	1	3	1	3	0	0	3	4	2	2	0	0	4	4	2	2	3	3	1	4	2	2	1	3	1	2	1	3	1	1	1	2	1	2	1	2	1	3	1	3	0	0	2	4	2	2	3	4	4	2	1	1	1	3	0	0	2	4	1	3	1	4	3	3	3	3	2	4	2	2	1	1	2	4	4	2	3	3	3	3	1	4	0	0	2	3	1	3	1	3	2	4	1	1	0	0	4	2	3	3	0	0	3	3
M018363_M176_3H	0	0	2	2	2	2	2	2	3	4	4	4	2	2	3	3	3	3	2	2	4	4	0	0	1	1	1	1	3	3	3	3	1	1	1	1	1	1	0	0	1	1	4	4	4	4	2	2	1	1	2	2	2	4	3	3	0	0	3	3	2	2	1	1	4	4	3	3	1	1	3	3	2	2	4	4	1	1	3	4	3	3	3	3	1	1	3	3	3	3	3	3	2	2	3	3	2	2	0	0	4	4	2	2	3	3	1	1	2	2	1	1	1	1	3	3	1	1	2	2	2	2	1	1	1	1	3	3	0	0	4	4	2	2	3	3	2	2	3	3	3	3	0	0	2	2	3	3	4	4	3	3	3	3	4	4	2	2	1	1	2	2	2	2	3	3	3	3	1	1	0	0	2	2	3	3	3	3	2	2	1	1	0	0	2	2	1	1	2	2	3	4
M018395_M176_7H	0	0	2	4	2	2	1	1	4	4	4	4	4	4	3	3	3	3	2	2	4	2	0	0	1	3	1	3	3	4	3	3	1	2	1	1	1	2	2	2	1	4	2	4	3	4	4	4	1	1	2	4	2	4	2	3	0	0	3	3	3	2	1	2	4	4	3	3	1	2	3	3	1	2	4	4	1	2	4	4	3	3	3	3	1	1	1	3	1	3	1	3	2	2	3	4	2	2	0	0	4	4	2	2	3	3	1	4	4	2	1	1	1	2	3	3	1	1	1	2	1	2	1	2	1	3	1	3	0	0	2	4	2	2	3	4	4	2	1	1	1	3	0	0	2	4	1	3	4	4	1	3	1	1	2	4	2	2	1	4	2	4	4	2	2	3	3	3	1	4	0	0	2	3	1	3	1	3	2	4	1	1	2	2	4	2	1	1	4	2	0	0
M018403_M176_8H	0	0	2	2	2	4	2	2	0	0	4	4	2	2	3	3	3	3	2	2	4	4	0	0	1	1	1	1	3	3	3	3	1	1	1	1	1	1	2	2	1	1	4	4	4	4	2	2	1	1	2	2	2	4	3	3	0	0	3	3	2	2	1	1	4	4	3	3	1	1	3	3	2	2	4	4	1	2	3	4	3	3	3	3	1	1	3	3	3	3	3	3	2	2	3	3	2	2	0	0	1	4	2	2	3	3	1	1	4	2	1	1	1	1	3	3	1	1	2	2	2	2	1	1	1	1	3	3	0	0	4	4	2	2	3	3	2	2	1	1	3	3	0	0	2	2	3	3	4	4	3	3	3	3	4	4	2	2	1	1	2	2	2	2	3	3	3	3	1	1	0	0	2	2	3	3	1	3	2	2	1	1	2	2	2	2	1	1	2	2	4	4
M018411_M176_9H	0	0	2	4	2	2	0	0	3	4	3	4	4	4	3	3	3	3	2	2	4	2	0	0	1	3	1	3	3	4	3	3	1	2	1	1	1	2	2	2	1	4	2	4	3	4	4	4	1	1	2	4	2	2	2	3	0	0	3	3	3	2	1	2	4	4	3	3	1	2	3	3	1	2	4	4	1	2	3	4	3	3	1	3	1	4	1	3	1	3	1	3	2	2	3	4	2	4	0	0	1	4	2	2	3	3	1	4	4	4	1	1	1	2	1	3	1	3	1	2	1	2	1	1	1	3	1	3	0	0	2	4	2	2	3	4	4	2	1	1	1	3	0	0	2	4	1	3	4	4	1	3	1	1	2	4	2	2	1	4	2	4	4	2	3	3	3	3	1	4	0	0	2	3	1	3	1	3	2	4	1	1	2	2	4	2	1	1	4	2	0	0
M052683_M534_2H	0	0	4	4	2	2	1	1	0	0	0	0	4	4	3	3	3	3	2	2	2	2	0	0	1	3	3	3	4	4	3	3	2	2	1	1	2	2	2	2	4	4	2	2	3	3	4	4	1	1	4	4	2	2	0	0	0	0	3	3	3	3	2	2	4	4	3	3	2	2	3	3	1	1	4	4	2	2	4	4	0	0	1	1	1	1	0	0	1	1	1	1	1	1	4	4	2	2	0	0	1	4	2	2	3	3	4	4	2	2	0	0	2	2	1	1	0	0	1	1	1	1	1	1	3	3	1	3	0	0	2	2	2	2	4	4	4	4	1	1	1	1	0	0	4	4	1	1	1	1	1	1	0	0	2	2	2	2	0	0	4	4	4	4	2	3	3	3	4	4	0	0	3	3	0	0	1	1	4	4	1	1	2	2	4	4	0	0	4	4	3	3
M052691_M534_3H	0	0	4	4	2	2	1	1	0	0	0	0	4	4	3	3	3	3	2	2	0	0	0	0	1	3	3	3	4	4	3	3	2	2	1	1	2	2	2	2	4	4	2	2	3	3	4	4	1	1	2	4	2	2	3	3	0	0	3	3	3	3	2	2	4	4	3	3	2	2	3	3	1	1	4	4	2	2	4	4	0	0	1	1	1	1	0	0	1	1	1	1	1	1	4	4	2	2	0	0	4	4	2	2	3	3	4	4	2	2	0	0	2	2	1	1	0	0	1	1	1	1	1	1	3	3	1	3	0	0	2	2	2	2	4	4	4	4	1	1	1	1	0	0	4	4	1	1	1	1	3	3	0	0	2	2	2	2	4	4	4	4	4	4	2	2	3	3	4	4	0	0	3	3	0	0	1	1	4	4	1	1	0	0	4	4	3	3	0	0	0	0
M052699_M534_4H	0	0	2	4	2	2	1	2	3	4	3	3	4	4	1	3	3	3	2	2	4	2	0	0	1	3	1	3	3	4	3	3	1	2	1	1	1	2	2	2	1	4	2	4	3	4	4	4	1	1	2	4	2	2	3	3	0	0	3	3	3	2	1	2	4	4	3	3	1	2	3	3	1	2	4	4	1	2	4	4	1	3	1	3	1	1	1	3	1	3	1	3	1	2	3	4	2	2	0	0	1	4	2	2	3	3	1	4	2	2	1	3	1	2	1	3	1	3	1	2	1	2	1	1	1	3	1	3	0	0	2	4	4	2	3	4	4	2	1	3	1	3	0	0	2	4	1	3	4	4	1	3	1	1	2	4	1	2	1	4	2	4	4	2	2	2	3	3	1	4	0	0	2	3	1	3	1	3	2	4	1	1	1	2	4	2	3	3	4	2	0	0
