Sample_ID	OmyY1	OmyY1	R18251	R18251	R23044	R23044	R30220	R30220	R34286	R34286	R38993	R38993	SH114448	SH114448	R000200	R000200	R033859	R033859	R09768	R09768	R12730	R12730	R24463	R24463	R00586	R00586	R19198	R19198	R23330	R23330	R30355	R30355	R34385	R34385	R39365	R39365	SH121006	SH121006	R018277	R018277	R03418	R03418	R10226	R10226	R13191	R13191	R24493	R24493	R12738	R12738	R19633	R19633	R23813	R23813	R30423	R30423	R34662	R34662	R40094	R40094	SH127236	SH127236	R02551	R02551	R03924	R03924	R10530	R10530	R16543	R16543	R26255	R26255	R13730	R13730	R19731	R19731	R24068	R24068	R30589	R30589	R35324	R35324	R40152	R40152	OMS00116	OMS00116	R02676	R02676	R04143	R04143	R11238	R11238	R19868	R19868	R27050	R27050	R14225	R14225	R21285	R21285	R24273	R24273	R30678	R30678	R37205	R37205	R40252	R40252	OMS00143	OMS00143	R02783	R02783	R04203	R04203	R11353	R11353	R19948	R19948	R30551	R30551	R14383	R14383	R21330	R21330	R24370	R24370	R33010	R33010	R37229	R37229	R40319	R40319	OMS00144	OMS00144	R02785	R02785	R04760	R04760	R11790	R11790	R20353	R20353	R32124	R32124	R14511	R14511	R21561	R21561	R28680	R28680	R33411	R33411	R37560	R37560	R40342	R40342	OMS00159	OMS00159	R03042	R03042	R04944	R04944	R12528	R12528	R21023	R21023	R32692	R32692	R14589	R14589	R22570	R22570	R30015	R30015	R33562	R33562	R38346	R38346	R40580	R40580	OMS00169	OMS00169	R03306	R03306	R08985	R08985	R12611	R12611	R22488	R22488	R36639	R36639
M015108_MACM_2A	0	0	4	4	2	2	1	1	4	4	3	3	4	4	1	1	0	0	2	2	2	2	0	0	3	3	3	3	4	4	4	4	2	2	1	1	2	2	4	4	4	4	2	2	3	3	4	4	1	1	4	4	2	2	2	3	2	2	3	4	3	3	2	2	4	4	3	3	2	2	1	3	1	1	2	4	2	2	4	4	3	3	1	3	1	1	1	1	1	1	1	3	1	1	4	4	2	2	2	2	4	4	2	2	3	3	4	4	2	2	3	3	2	2	1	1	1	3	1	1	1	1	1	1	3	3	1	1	0	0	2	2	2	2	4	4	4	4	1	1	1	1	0	0	4	4	1	1	1	1	1	3	1	1	2	2	1	1	1	1	4	4	4	4	2	2	3	3	4	4	0	0	3	3	1	1	1	1	4	4	1	1	1	2	4	4	3	3	4	4	3	3
M015116_MACM_3A	0	0	4	4	2	2	1	1	4	4	3	3	4	4	1	1	0	0	2	2	2	2	0	0	3	3	3	3	4	4	3	4	2	2	1	4	2	2	4	2	4	4	2	2	3	3	4	4	1	1	2	4	2	2	2	3	2	2	3	3	3	3	2	2	4	4	3	3	2	2	1	1	1	1	4	4	2	2	4	4	3	3	1	3	1	1	1	1	1	1	1	3	1	1	4	4	2	2	2	2	4	4	2	2	3	3	4	4	2	2	3	3	2	2	1	1	1	3	1	1	1	1	1	2	3	3	1	1	0	0	2	2	2	2	4	4	4	4	1	1	1	1	0	0	4	4	1	1	1	1	1	1	1	1	2	2	1	2	4	4	4	4	4	4	2	2	3	3	4	4	0	0	3	3	1	1	1	1	4	4	1	1	2	2	4	4	3	3	4	4	3	3
M014908_MACM_4A	0	0	4	4	2	2	1	1	4	4	3	4	4	4	1	1	0	0	2	2	2	2	0	0	3	3	3	3	3	4	0	0	2	2	1	1	2	2	4	2	4	4	2	2	3	3	4	4	1	2	4	4	2	2	2	3	2	2	3	4	3	3	2	2	4	4	3	3	2	2	1	3	1	1	4	4	2	2	3	4	1	1	3	3	1	1	1	1	1	1	1	3	1	1	4	4	2	2	4	4	4	4	2	2	3	3	4	4	2	2	3	3	2	2	1	3	3	3	1	1	1	1	1	1	3	3	1	1	0	0	2	2	2	2	4	4	4	4	1	1	1	1	0	0	4	4	1	1	1	1	1	3	1	1	2	2	2	2	1	4	4	4	4	4	2	2	3	3	4	4	0	0	3	3	1	1	1	1	4	4	1	1	1	2	4	4	3	3	4	4	3	3
M014916_MACM_5A	0	0	4	4	2	2	1	1	4	4	3	3	4	4	1	1	0	0	2	2	2	2	0	0	3	3	3	3	4	4	3	3	2	2	1	1	2	2	4	2	4	4	2	2	3	3	0	0	1	1	4	4	2	2	3	3	2	2	3	3	3	3	2	2	4	4	3	3	2	2	1	3	1	1	2	2	2	2	4	4	1	3	1	3	1	1	1	1	1	1	3	3	1	1	4	4	2	2	2	4	4	4	2	2	3	3	4	4	2	2	3	3	2	2	1	1	3	3	1	1	1	1	1	1	3	3	1	1	0	0	2	2	2	2	4	4	4	4	1	1	1	1	0	0	4	4	1	1	1	1	1	3	1	1	2	2	2	2	1	4	4	4	4	4	2	2	3	3	4	4	0	0	3	3	1	1	1	1	4	4	1	1	1	2	4	4	3	3	4	4	3	3
M014924_MACM_6A	0	0	4	4	2	2	1	1	4	4	3	3	4	4	1	1	0	0	2	2	2	2	0	0	3	3	3	3	3	4	3	3	2	2	1	1	2	2	4	2	4	4	2	2	3	3	4	4	1	1	4	4	2	2	2	3	2	2	4	4	3	3	2	2	4	4	3	3	2	2	3	3	1	1	2	2	2	2	3	4	3	3	3	3	1	1	1	1	1	1	1	3	1	1	4	4	2	2	4	4	4	4	2	3	3	3	4	4	2	2	3	3	2	2	1	3	3	3	1	1	1	1	1	2	3	3	1	1	0	0	2	2	2	2	4	4	4	4	1	1	1	1	0	0	4	4	1	1	1	1	1	1	1	1	2	2	2	2	4	4	4	4	4	4	2	2	3	3	4	4	0	0	3	3	1	1	1	1	4	4	1	1	2	2	4	4	3	3	4	4	3	3
M016716_MACP_2A	0	0	2	4	2	2	1	1	3	4	3	3	2	4	3	3	0	0	2	2	4	4	0	0	1	3	1	3	3	4	3	3	1	2	1	1	1	2	2	2	1	4	2	4	3	4	4	2	1	1	2	4	2	2	2	3	1	2	3	3	3	2	1	2	4	4	3	3	1	2	3	3	1	2	4	4	1	2	0	0	3	3	1	3	1	4	1	3	1	3	1	3	1	2	3	4	2	4	4	4	4	4	2	3	3	3	1	4	4	4	1	3	1	2	1	3	1	1	1	2	1	2	1	2	1	3	1	3	0	0	0	0	2	2	3	4	4	2	1	3	1	3	0	0	2	4	1	3	1	4	1	3	3	3	2	4	2	2	1	1	2	4	4	2	2	3	3	3	1	4	0	0	2	3	1	3	1	1	2	4	1	1	2	2	4	2	1	1	4	2	0	0
M016724_MACP_3A	0	0	2	2	4	4	2	2	3	4	4	4	2	2	3	3	0	0	2	2	4	4	0	0	1	1	1	1	3	3	3	3	1	1	1	1	1	1	2	2	1	1	4	4	4	4	2	2	1	1	2	2	2	2	3	3	1	1	3	3	2	2	1	1	4	4	3	3	1	1	3	3	2	2	4	4	1	1	3	4	3	3	3	3	1	4	3	3	3	3	3	3	2	2	3	3	2	4	4	4	1	1	2	2	3	3	1	1	4	2	1	1	1	1	3	3	3	3	2	2	2	2	1	1	1	1	3	3	0	0	4	4	2	2	3	3	2	2	1	3	3	3	0	0	2	2	3	3	4	4	3	3	3	3	4	4	2	2	1	1	2	2	2	2	2	3	3	3	1	1	0	0	2	2	3	3	1	3	2	2	1	1	2	2	2	2	1	1	2	2	4	4
M018340_MACP_4A	0	0	4	4	2	2	0	0	4	4	4	4	2	4	3	3	0	0	2	2	4	4	0	0	3	3	1	3	3	4	3	3	1	2	1	1	1	2	0	0	1	4	2	4	3	4	4	2	1	1	2	4	2	2	2	3	2	2	4	4	3	3	1	2	4	4	3	3	1	2	3	3	1	2	4	4	1	2	3	4	1	3	1	3	1	4	1	3	1	3	1	3	1	2	3	4	2	2	4	4	4	4	2	2	3	3	1	4	2	2	1	3	1	2	1	3	1	1	1	2	1	2	1	2	1	3	1	3	0	0	2	4	2	2	3	4	4	2	1	1	1	3	0	0	2	4	1	3	1	4	3	3	3	3	2	4	2	2	1	1	2	4	4	2	2	3	3	3	1	4	0	0	2	3	1	3	1	3	2	4	1	1	2	2	4	2	3	3	4	2	3	3
M018348_MACP_5A	0	0	2	2	4	4	2	2	3	4	3	3	2	2	3	3	0	0	2	2	4	4	0	0	1	1	1	1	3	3	3	3	1	1	1	1	1	1	2	2	1	1	4	4	4	4	2	2	1	1	2	2	2	2	3	3	1	1	3	3	2	2	1	1	4	4	3	3	1	1	3	3	2	2	4	4	1	2	4	4	3	3	3	3	1	4	3	3	3	3	3	3	2	2	3	3	4	4	4	4	1	4	2	2	3	3	1	1	2	2	1	1	1	1	3	3	1	3	2	2	2	2	1	1	1	1	3	3	0	0	4	4	2	2	3	3	2	2	1	1	3	3	0	0	2	2	3	3	4	4	3	3	3	3	4	4	2	2	1	1	2	2	2	2	3	3	3	3	1	1	0	0	2	2	3	3	3	3	2	2	1	1	1	1	2	2	1	1	2	2	3	4
M018356_MACP_6A	0	0	2	4	2	2	1	2	3	4	4	4	2	4	3	3	0	0	2	2	4	4	0	0	1	3	1	3	3	4	3	3	1	2	1	1	1	2	0	0	1	4	2	4	3	4	4	2	1	1	2	4	2	2	2	3	1	2	3	4	3	2	1	2	4	4	3	3	1	2	3	3	1	2	4	4	1	2	4	4	1	3	1	3	1	1	1	3	1	3	1	3	1	2	3	4	2	4	4	4	4	4	2	2	3	3	1	4	2	2	1	3	1	2	1	3	1	1	1	2	1	2	1	2	1	3	1	3	0	0	2	4	2	2	3	4	4	2	1	3	1	3	0	0	2	4	1	3	1	4	3	3	3	3	2	4	2	2	1	1	2	4	4	2	2	3	3	3	1	4	0	0	2	3	1	3	1	1	2	4	1	1	2	2	4	2	3	3	4	2	3	3
M015101_MACM_1B	0	0	4	4	2	2	1	1	0	0	3	3	4	4	1	1	0	0	2	2	2	2	0	0	3	3	0	0	4	4	3	4	2	2	1	1	2	2	4	4	4	4	2	2	3	3	4	4	1	1	4	4	2	2	2	2	2	2	3	3	3	3	2	2	4	4	0	0	2	2	0	0	1	1	4	4	2	2	4	4	1	3	0	0	1	1	1	1	1	1	3	3	1	1	4	4	2	2	0	0	4	4	2	3	3	3	4	4	2	2	3	3	2	2	1	1	1	1	1	1	1	1	1	1	3	3	1	1	0	0	2	2	2	2	4	4	4	4	1	1	1	1	0	0	4	4	1	1	1	1	1	3	1	1	2	2	1	1	4	4	4	4	4	4	2	2	3	3	4	4	0	0	3	3	1	1	1	1	4	4	1	1	1	1	4	4	3	3	0	0	3	3
M015109_MACM_2B	0	0	4	4	2	2	1	1	4	4	3	3	4	4	1	1	0	0	2	2	2	2	0	0	3	3	3	3	4	4	3	3	2	2	1	4	2	2	4	4	4	4	2	2	3	3	4	4	1	1	2	4	2	2	2	3	2	2	3	3	3	3	2	2	4	4	3	3	2	2	1	3	1	1	4	4	2	2	4	4	3	3	1	1	1	1	1	1	1	1	1	3	1	1	4	4	2	2	2	2	1	4	2	2	3	3	4	4	2	2	3	3	2	2	1	1	1	1	1	1	1	1	1	1	3	3	1	1	0	0	2	2	2	2	4	4	4	4	1	1	1	1	0	0	4	4	1	1	1	1	1	3	1	1	2	2	1	2	4	4	4	4	4	4	2	2	3	3	4	4	0	0	3	3	1	1	1	1	4	4	1	1	2	2	4	4	3	3	4	4	3	3
M015117_MACM_3B	0	0	4	4	2	2	1	1	4	4	3	3	4	4	1	1	0	0	2	2	2	2	0	0	3	3	3	3	4	4	3	4	2	2	1	4	2	2	4	4	4	4	2	2	3	3	4	4	1	1	2	4	2	2	2	3	2	2	3	3	3	3	2	2	4	4	3	3	2	2	1	1	1	1	2	4	2	2	4	4	3	3	1	1	1	1	1	1	1	1	3	3	1	1	4	4	2	2	2	2	1	4	2	2	3	3	4	4	2	2	3	3	2	2	1	1	1	1	1	1	1	1	1	1	3	3	1	1	0	0	2	2	2	2	4	4	4	4	1	1	1	1	0	0	4	4	1	1	1	1	1	3	1	1	2	2	1	2	4	4	4	4	4	4	2	2	3	3	4	4	0	0	3	3	1	1	1	1	4	4	1	1	1	2	4	4	3	3	4	4	3	3
M014909_MACM_4B	0	0	4	4	2	2	1	1	4	4	4	4	4	4	1	1	0	0	2	2	2	2	0	0	3	3	3	3	4	4	4	4	2	2	1	1	2	2	4	2	4	4	2	2	3	3	4	4	1	1	2	4	2	2	3	3	2	2	3	3	3	3	2	2	4	4	3	3	2	2	0	0	1	1	2	4	2	2	4	4	1	1	3	3	1	1	1	1	1	1	0	0	1	1	4	4	2	2	2	4	4	4	2	3	3	3	4	4	2	2	3	3	2	2	1	1	3	3	1	1	1	1	1	1	3	3	1	1	0	0	2	2	2	2	4	4	4	4	1	1	1	1	0	0	4	4	1	1	1	1	1	1	1	1	2	2	2	2	1	4	4	4	4	4	2	2	3	3	4	4	0	0	3	3	1	1	1	1	4	4	1	1	2	2	4	4	3	3	4	4	3	3
M014917_MACM_5B	0	0	4	4	2	2	1	1	4	4	3	4	4	4	1	1	0	0	2	2	2	2	0	0	3	3	3	3	4	4	3	4	2	2	1	1	2	2	4	2	4	4	2	2	3	3	4	4	1	1	2	4	2	2	2	3	2	2	3	3	3	3	2	2	4	4	3	3	2	2	3	3	1	1	2	4	2	2	4	4	1	3	1	3	1	1	1	1	1	1	1	3	1	1	4	4	2	2	2	2	4	4	2	3	3	3	4	4	2	2	3	3	2	2	1	1	3	3	1	1	1	1	1	1	3	3	1	1	0	0	2	2	2	2	4	4	4	4	1	1	1	1	0	0	4	4	1	1	1	1	1	3	1	1	2	2	2	2	4	4	4	4	4	4	2	2	3	3	4	4	0	0	3	3	1	1	1	1	4	4	1	1	2	2	4	4	3	3	4	4	3	3
M014925_MACM_6B	0	0	4	4	2	2	1	1	3	4	3	3	2	4	1	1	0	0	2	2	4	2	0	0	3	3	1	3	3	4	3	4	1	2	1	1	1	2	2	2	1	4	0	0	3	4	4	4	1	1	2	2	2	2	3	3	2	2	3	3	3	2	1	2	4	4	3	3	2	2	3	3	1	1	4	4	2	2	4	4	3	3	3	3	1	1	1	3	1	3	1	3	1	2	3	4	2	2	2	4	4	4	2	2	3	3	1	4	2	2	3	3	2	2	1	3	1	3	1	2	1	2	1	1	1	3	1	1	0	0	2	2	2	2	3	4	4	2	1	1	1	3	0	0	2	4	1	3	1	4	1	3	1	3	2	2	2	2	1	4	2	4	4	2	2	2	3	3	1	4	0	0	3	3	1	3	1	1	4	4	1	1	2	2	4	2	3	3	4	2	3	3
M016709_MACP_1B	0	0	2	2	2	2	2	2	3	3	3	4	2	2	3	3	0	0	2	2	4	4	0	0	1	1	1	1	3	3	3	3	1	2	1	1	1	1	2	2	1	1	4	4	4	4	2	2	1	1	2	2	2	2	3	3	1	2	3	3	3	2	1	1	4	4	3	3	1	1	0	0	2	2	4	4	1	1	3	3	3	3	3	3	1	4	3	3	3	3	3	3	2	2	3	3	2	2	4	4	4	4	2	2	3	3	1	1	2	2	1	1	1	1	3	3	1	3	2	2	2	2	1	1	1	1	3	3	0	0	4	4	2	2	3	3	2	2	1	3	3	3	0	0	2	2	3	3	4	4	3	3	3	3	4	4	2	2	1	1	2	2	2	2	2	2	3	3	1	1	0	0	2	2	3	3	3	3	2	2	1	3	1	1	2	2	1	1	2	2	4	4
M016717_MACP_2B	0	0	2	4	2	2	1	2	3	4	3	3	2	4	3	3	0	0	2	2	4	4	0	0	1	3	1	3	3	4	3	3	1	2	1	1	1	2	2	2	1	4	2	4	3	4	4	2	1	1	2	4	2	2	2	3	1	2	3	3	3	2	1	2	4	4	3	3	1	2	3	3	1	2	4	4	2	2	4	4	3	3	1	3	1	1	1	3	1	3	1	3	1	2	3	4	2	4	4	4	4	4	2	3	3	3	1	4	2	2	1	3	1	2	1	3	1	1	1	2	1	2	1	2	1	3	1	3	0	0	2	4	2	2	3	4	4	2	1	1	1	3	0	0	2	4	1	3	1	4	1	3	3	3	2	2	1	2	1	1	2	4	4	2	2	2	3	3	1	4	0	0	2	3	1	3	1	3	2	4	1	1	2	2	4	2	1	1	4	2	0	0
M016725_MACP_3B	0	0	4	4	2	2	1	1	4	4	3	4	4	4	3	3	0	0	2	2	2	2	0	0	3	3	3	3	4	4	3	3	2	2	1	1	2	2	2	2	4	4	2	2	3	3	4	4	1	2	4	4	2	2	2	2	2	2	3	3	3	3	2	2	4	4	3	3	2	2	3	3	1	1	4	4	2	2	4	4	3	3	1	3	1	1	1	1	1	1	1	1	1	1	4	4	2	2	2	4	1	1	2	3	3	3	4	4	2	2	3	3	2	2	1	1	1	1	1	1	1	1	2	2	3	3	1	1	0	0	2	2	2	2	4	4	4	4	1	1	1	1	0	0	4	4	1	1	1	1	1	1	0	0	2	2	2	2	1	1	4	4	4	4	2	2	3	3	4	4	0	0	3	3	1	1	1	1	4	4	1	1	2	2	4	4	3	3	4	4	3	3
M018341_MACP_4B	0	0	2	2	2	4	2	2	3	4	3	4	2	2	3	3	0	0	2	2	4	4	0	0	1	1	1	1	3	3	3	3	1	1	1	1	1	1	0	0	1	1	4	4	4	4	2	2	1	1	2	2	2	2	3	3	1	1	3	3	3	2	1	1	4	4	3	3	1	1	3	3	2	2	4	4	1	1	3	3	3	3	3	3	1	1	3	3	3	3	3	3	2	2	3	3	4	4	0	0	1	4	0	0	3	3	1	1	2	2	1	1	1	1	3	3	1	1	2	2	2	2	1	1	1	1	3	3	0	0	4	4	2	2	3	3	2	2	1	1	3	3	0	0	2	2	3	3	4	4	3	3	3	3	4	4	1	2	1	1	2	2	2	2	2	3	3	3	1	1	0	0	2	2	3	3	3	3	2	2	1	1	1	1	2	2	1	1	2	2	3	4
M018349_MACP_5B	0	0	2	2	2	4	2	2	3	4	3	3	2	2	3	3	0	0	2	2	4	4	0	0	1	1	1	1	3	3	3	3	1	1	1	1	1	1	2	2	1	1	4	4	4	4	2	2	1	1	2	2	2	2	3	3	1	1	3	3	3	2	1	1	4	4	3	3	1	1	3	3	2	2	4	4	1	1	3	3	3	3	3	3	1	1	3	3	3	3	3	3	2	2	3	3	4	4	4	4	1	4	2	2	3	3	1	1	2	2	1	1	1	1	3	3	1	3	2	2	2	2	1	1	1	1	3	3	0	0	4	4	2	2	3	3	2	2	1	1	3	3	0	0	2	2	3	3	4	4	3	3	3	3	4	4	2	2	1	1	2	2	2	2	2	3	3	3	1	1	0	0	2	2	3	3	3	3	2	2	1	1	1	1	2	2	1	1	2	2	3	4
M018357_MACP_6B	0	0	2	2	2	4	2	2	3	4	3	4	2	2	3	3	0	0	2	2	4	4	0	0	1	1	1	1	3	3	3	3	1	1	1	1	1	1	2	2	1	1	4	4	4	4	2	2	1	1	2	2	2	2	3	3	1	1	3	3	3	2	1	1	4	4	3	3	1	1	3	3	2	2	4	4	1	1	3	3	3	3	3	3	1	1	3	3	3	3	3	3	2	2	3	3	4	4	4	4	4	4	2	2	3	3	1	1	2	2	1	1	1	1	3	3	1	1	2	2	2	2	1	1	1	1	3	3	0	0	4	4	2	2	3	3	2	2	1	1	3	3	0	0	2	2	3	3	4	4	3	3	3	3	4	4	1	2	1	1	2	2	2	2	3	3	3	3	1	1	0	0	2	2	3	3	3	3	2	2	1	1	1	2	2	2	1	1	2	2	3	4
M015102_MACM_1C	0	0	4	4	2	2	1	1	4	4	3	3	4	4	1	1	0	0	2	2	2	2	0	0	3	3	3	3	4	4	4	4	2	2	1	4	2	2	4	4	4	4	2	2	3	3	4	4	1	1	2	4	2	2	3	3	2	2	3	4	3	3	2	2	4	4	3	3	2	2	3	3	1	1	4	4	2	2	4	4	3	3	1	3	1	4	1	1	1	3	3	3	1	1	4	4	2	2	2	4	4	4	2	2	3	3	4	4	2	2	3	3	2	2	1	1	1	3	1	1	1	1	1	2	3	3	1	1	0	0	2	2	2	2	3	4	4	4	1	1	1	1	0	0	4	4	1	1	1	1	1	1	1	3	2	2	2	2	4	4	4	4	4	4	2	2	3	3	4	4	0	0	3	3	1	1	1	1	4	4	1	1	2	2	4	4	3	3	4	2	3	3
M015110_MACM_2C	0	0	4	4	2	2	1	1	4	4	3	3	4	4	1	1	0	0	2	2	2	2	0	0	3	3	3	3	4	4	3	4	2	2	1	4	2	2	4	4	4	4	2	2	3	3	4	4	1	1	4	4	2	2	2	3	2	2	3	3	3	3	2	2	4	4	3	3	2	2	1	1	1	1	2	4	2	2	4	4	3	3	1	3	1	1	1	1	1	3	1	3	1	1	4	4	2	2	2	2	4	4	2	2	3	3	4	4	2	2	3	3	2	2	1	1	1	3	1	1	1	1	1	1	3	3	1	1	0	0	2	2	2	2	3	4	4	4	1	1	1	1	0	0	4	4	1	1	1	1	1	3	1	3	2	2	1	2	4	4	4	4	4	4	2	2	3	3	4	4	0	0	3	3	1	1	1	1	4	4	1	1	2	2	4	4	3	3	4	2	3	3
M015118_MACM_3C	0	0	4	4	2	2	1	1	4	4	3	3	4	4	1	1	0	0	2	2	2	2	0	0	3	3	3	3	4	4	3	4	2	2	1	4	2	2	4	4	4	4	2	2	3	3	4	4	1	1	4	4	2	2	3	3	2	2	3	3	3	3	2	2	4	4	3	3	2	2	1	1	1	1	2	4	2	2	4	4	3	3	1	3	1	1	1	1	1	3	3	3	1	1	4	4	2	2	2	2	1	4	2	2	3	3	4	4	2	2	3	3	2	2	1	3	1	3	1	1	1	1	1	1	3	3	1	1	0	0	2	2	2	2	3	4	4	4	1	1	1	1	0	0	4	4	1	1	1	1	1	3	1	3	2	2	2	2	4	4	4	4	4	4	2	2	3	3	4	4	0	0	3	3	1	1	1	1	4	4	1	1	2	2	4	4	3	3	4	2	3	3
M014910_MACM_4C	0	0	4	4	2	2	1	1	4	4	3	4	4	4	1	1	0	0	2	2	2	2	0	0	3	3	3	3	4	4	4	4	2	2	1	1	2	2	4	2	4	4	2	2	3	3	4	4	1	1	2	4	2	2	2	3	2	2	3	3	3	3	2	2	4	4	3	3	2	2	3	3	1	1	2	4	2	2	4	4	1	3	3	3	1	1	1	1	1	1	1	3	1	1	4	4	2	2	2	2	4	4	2	3	3	3	4	4	2	2	3	3	2	2	1	1	1	3	1	1	1	1	1	1	3	3	1	1	0	0	2	2	2	2	4	4	4	4	1	1	1	1	0	0	4	4	1	1	1	1	1	1	1	1	2	2	2	2	4	4	4	4	4	4	2	2	3	3	4	4	0	0	3	3	1	1	1	1	4	4	1	1	2	2	4	4	3	3	4	4	3	3
M014918_MACM_5C	0	0	4	4	2	2	1	1	4	4	3	3	4	4	1	1	0	0	2	2	2	2	0	0	3	3	3	3	4	4	3	4	2	2	1	1	2	2	4	4	4	4	2	2	3	3	4	4	1	1	4	4	2	2	2	3	2	2	3	3	3	3	2	2	4	4	3	3	2	2	3	3	1	1	2	4	2	2	4	4	1	3	1	3	1	1	1	1	1	1	3	3	1	1	4	4	2	2	2	4	4	4	2	3	3	3	4	4	2	2	3	3	2	2	1	3	1	1	1	1	1	1	1	1	3	3	1	1	0	0	2	2	2	2	4	4	4	4	1	1	1	1	0	0	4	4	1	1	1	1	1	3	1	1	2	2	2	2	4	4	4	4	4	4	2	2	3	3	4	4	0	0	3	3	1	1	1	1	4	4	1	1	2	2	4	4	3	3	4	4	3	3
M014926_MACM_6C	0	0	4	4	2	2	1	1	4	4	3	3	4	4	1	1	0	0	2	2	2	2	0	0	3	3	3	3	4	4	3	4	2	2	1	1	2	2	4	2	4	4	2	2	3	3	4	4	1	1	4	4	2	2	2	3	2	2	3	3	3	3	2	2	4	4	3	3	2	2	0	0	1	1	2	2	2	2	4	4	3	3	1	1	1	1	1	1	1	1	3	3	1	1	4	4	2	2	2	4	4	4	2	2	3	3	4	4	2	2	3	3	2	2	1	1	1	1	1	1	1	1	1	1	3	3	1	1	0	0	2	2	2	2	4	4	4	4	1	1	1	1	0	0	4	4	1	1	1	1	1	3	1	1	2	2	2	2	1	4	4	4	4	4	2	2	3	3	4	4	0	0	3	3	1	1	1	1	4	4	1	1	1	2	4	4	3	3	4	4	3	3
M016710_MACP_1C	0	0	2	4	2	2	0	0	3	4	3	3	2	4	3	3	0	0	2	2	4	4	0	0	1	3	1	3	3	4	3	3	1	2	1	1	1	2	2	2	1	4	2	4	3	4	4	2	1	1	2	4	2	2	2	3	1	2	3	3	3	2	1	2	4	4	3	3	1	2	3	3	1	2	4	4	1	2	4	4	3	3	3	3	1	1	1	3	1	3	1	3	1	2	3	4	2	4	2	4	4	4	2	2	3	3	1	4	2	2	1	1	1	2	1	3	1	3	1	2	1	2	1	2	1	3	1	3	0	0	2	4	2	2	3	4	4	2	1	1	1	3	0	0	2	4	1	3	1	4	1	3	3	3	4	4	2	2	1	1	2	4	4	2	2	3	3	3	1	4	0	0	2	3	1	3	1	1	2	4	1	1	2	2	4	2	1	1	4	2	3	4
M016718_MACP_2C	0	0	2	4	2	2	1	1	3	4	3	4	2	4	3	3	0	0	2	2	4	4	0	0	1	3	1	3	3	4	3	3	1	2	1	1	1	2	2	2	1	4	2	4	3	4	4	2	1	1	2	4	2	2	3	3	1	2	3	3	3	2	1	2	4	4	3	3	1	2	3	3	1	2	4	4	1	2	0	0	3	3	3	3	1	4	1	3	1	3	1	3	1	2	3	4	2	4	2	4	4	4	2	2	3	3	1	4	4	2	1	1	1	2	1	3	1	1	1	2	1	2	1	2	1	3	1	3	0	0	2	4	2	2	3	4	4	2	1	1	1	3	0	0	2	4	1	3	1	4	1	3	3	3	2	4	2	2	1	1	2	4	4	2	2	3	3	3	1	4	0	0	2	3	1	3	1	3	2	4	1	1	2	2	4	2	1	1	4	2	3	4
M016726_MACP_3C	0	0	2	4	2	2	1	1	3	4	3	4	2	4	3	3	0	0	2	2	4	4	0	0	1	3	1	3	3	4	3	3	1	2	1	1	1	2	2	2	1	4	2	4	3	4	4	2	1	1	2	4	2	2	2	3	1	2	3	3	3	2	1	2	4	4	3	3	1	2	3	3	1	2	4	4	1	2	0	0	3	3	1	3	1	1	1	3	1	3	1	3	2	2	3	4	2	2	2	4	4	4	2	2	3	3	1	4	2	2	1	3	1	2	1	3	1	3	1	2	1	2	1	1	1	3	1	3	0	0	2	4	2	2	3	4	4	2	1	1	1	3	0	0	2	4	1	3	1	4	1	3	3	3	4	4	2	2	1	1	2	4	4	2	2	3	3	3	1	4	0	0	2	3	1	3	1	3	2	4	1	1	2	2	4	2	1	1	4	2	3	4
M018342_MACP_4C	0	0	2	4	2	4	1	2	4	4	3	3	2	4	3	3	0	0	2	2	4	4	0	0	1	3	1	3	3	4	3	3	1	2	1	1	1	2	2	2	1	4	2	4	3	4	4	2	1	1	2	4	2	2	2	3	2	2	3	3	3	2	1	2	4	4	3	3	1	2	3	3	1	2	4	4	1	2	3	4	1	3	3	3	1	1	1	3	1	3	1	3	1	2	3	4	2	2	4	4	4	4	2	2	3	3	1	4	4	2	1	3	1	2	1	3	1	1	1	2	1	2	1	2	1	3	1	3	0	0	2	4	2	2	3	4	4	2	1	3	1	3	0	0	2	4	1	3	1	4	1	3	3	3	2	4	2	2	1	1	2	4	4	2	2	3	3	3	1	4	0	0	2	3	1	3	1	3	2	4	1	1	2	2	4	2	3	3	4	2	3	4
M018350_MACP_5C	0	0	2	4	2	4	2	2	4	4	4	4	2	2	3	3	0	0	2	2	4	4	0	0	1	3	1	1	3	3	3	3	1	1	1	1	1	1	2	2	1	1	4	4	4	4	2	2	1	1	2	2	2	2	3	3	2	2	3	3	3	2	1	1	4	4	3	3	1	1	3	3	2	2	4	4	1	1	3	3	3	3	3	3	1	1	3	3	3	3	3	3	2	2	3	3	2	2	4	4	4	4	2	2	3	3	1	1	4	2	1	1	1	1	3	3	1	3	2	2	2	2	1	1	1	1	3	3	0	0	4	4	2	2	3	3	2	2	1	3	3	3	0	0	2	2	3	3	4	4	3	3	3	3	4	4	2	2	1	1	2	2	2	2	3	3	3	3	1	1	0	0	2	2	3	3	3	3	2	2	1	1	2	2	2	2	1	1	2	2	3	4
M018358_MACP_6C	0	0	2	2	2	4	2	2	3	3	4	4	2	2	3	3	0	0	2	2	4	4	0	0	1	1	1	1	3	3	3	3	1	1	1	1	1	1	2	2	1	1	4	4	4	4	2	2	1	1	2	2	2	2	3	3	1	1	3	3	2	2	1	1	4	4	3	3	1	1	3	3	2	2	4	4	1	1	4	4	3	3	3	3	1	1	3	3	3	3	3	3	2	2	3	3	4	4	4	4	1	4	2	2	3	3	1	1	2	2	1	1	1	1	3	3	1	1	2	2	2	2	1	1	1	1	3	3	0	0	4	4	2	2	3	3	2	2	1	3	3	3	0	0	2	2	3	3	4	4	3	3	3	3	4	4	2	2	1	1	2	2	2	2	2	3	3	3	1	1	0	0	2	2	3	3	1	3	2	2	1	1	2	2	2	2	1	1	2	2	3	4
M015103_MACM_1D	0	0	4	4	2	2	1	1	4	4	3	3	4	4	1	1	0	0	2	2	2	2	0	0	3	3	3	3	4	4	3	3	2	2	0	0	2	2	4	4	4	4	2	2	3	3	4	4	1	1	2	4	2	2	2	3	2	2	3	4	3	3	2	2	4	4	3	3	2	2	0	0	1	1	4	4	2	2	4	4	3	3	1	3	1	4	1	1	1	1	1	3	1	1	4	4	2	2	2	2	1	4	2	3	3	3	4	4	2	2	3	3	2	2	1	1	1	3	1	1	1	1	1	1	3	3	1	1	0	0	2	2	2	2	4	4	4	4	1	1	1	1	0	0	4	4	1	1	1	1	1	3	1	1	2	2	2	2	0	0	4	4	4	4	2	2	3	3	4	4	0	0	3	3	1	1	1	1	4	4	1	1	2	2	4	4	3	3	4	4	3	3
M015111_MACM_2D	0	0	4	4	2	2	1	1	4	4	3	3	4	4	1	1	0	0	2	2	2	2	0	0	3	3	3	3	4	4	3	3	2	2	1	4	2	2	4	4	4	4	2	2	3	3	4	4	1	1	2	4	2	2	2	3	2	2	3	3	3	3	2	2	4	4	3	3	2	2	1	3	1	1	4	4	2	2	4	4	3	3	1	1	1	1	1	1	1	1	1	3	1	1	4	4	2	2	2	2	1	4	2	2	3	3	4	4	2	2	3	3	2	2	1	1	1	1	1	1	1	1	1	1	3	3	1	1	0	0	2	2	2	2	4	4	4	4	1	1	1	1	0	0	4	4	1	1	1	1	1	3	1	1	2	2	1	2	1	4	4	4	4	4	2	2	3	3	4	4	0	0	3	3	1	1	1	1	4	4	1	1	2	2	4	4	3	3	4	4	3	3
M015119_MACM_3D	0	0	4	4	2	2	1	1	4	4	3	3	4	4	1	1	0	0	2	2	2	2	0	0	3	3	3	3	4	4	4	4	2	2	4	4	2	2	4	4	4	4	2	2	3	3	4	4	1	1	4	4	2	2	3	3	2	2	3	3	3	3	2	2	4	4	3	3	2	2	1	3	1	1	4	4	2	2	4	4	3	3	3	3	1	1	1	1	3	3	3	3	1	1	4	4	2	2	2	2	4	4	2	2	3	3	4	4	2	2	3	3	2	2	1	1	3	3	1	1	1	1	1	1	3	3	1	1	0	0	2	2	2	2	0	0	4	4	1	1	1	1	0	0	4	4	1	1	1	1	1	1	3	3	2	2	2	2	4	4	4	4	4	4	2	2	3	3	4	4	0	0	3	3	1	1	1	1	4	4	1	1	2	2	4	4	3	3	2	2	3	3
M014911_MACM_4D	0	0	4	4	2	2	1	1	4	4	4	4	4	4	1	1	0	0	2	2	2	2	0	0	3	3	3	3	4	4	3	3	2	2	1	1	2	2	4	4	4	4	2	2	3	3	4	4	1	1	2	4	2	2	2	2	2	2	4	4	3	3	2	2	4	4	3	3	2	2	1	3	1	1	4	4	2	2	4	4	1	3	3	3	1	4	1	1	1	1	1	3	1	1	4	4	2	2	2	4	4	4	2	3	3	3	4	4	2	2	3	3	2	2	1	1	1	3	1	1	1	1	1	1	3	3	1	1	0	0	2	2	2	2	4	4	4	4	1	1	1	1	0	0	4	4	1	1	1	1	1	1	1	1	2	2	2	2	4	4	4	4	4	4	2	2	3	3	4	4	0	0	3	3	1	1	1	1	4	4	1	1	1	1	4	4	3	3	4	4	3	3
M014919_MACM_5D	0	0	4	4	2	2	1	1	4	4	3	3	4	4	1	1	0	0	2	2	2	2	0	0	3	3	3	3	4	4	3	4	2	2	1	1	2	2	4	2	4	4	2	2	3	3	4	4	1	1	4	4	2	2	2	3	2	2	3	3	3	3	2	2	4	4	3	3	2	2	3	3	1	1	2	4	2	2	4	4	1	3	1	3	1	1	1	1	1	1	3	3	1	1	4	4	2	2	2	4	4	4	2	3	3	3	4	4	2	2	3	3	2	2	1	3	1	1	1	1	1	1	1	1	3	3	1	1	0	0	2	2	2	2	4	4	4	4	1	1	1	1	0	0	4	4	1	1	1	1	1	3	1	1	2	2	2	2	4	4	4	4	4	4	2	2	3	3	4	4	0	0	3	3	1	1	1	1	4	4	1	1	2	2	4	4	3	3	4	4	3	3
M014927_MACM_6D	0	0	4	4	2	2	1	1	4	4	3	3	4	4	1	1	0	0	2	2	2	2	0	0	3	3	3	3	0	0	3	3	2	2	1	1	2	2	2	2	4	4	2	2	3	3	4	4	1	1	4	4	2	2	2	3	2	2	3	4	3	3	2	2	4	4	3	3	2	2	1	3	1	1	2	4	2	2	4	4	1	3	3	3	1	1	1	1	1	1	3	3	1	1	4	4	2	2	4	4	4	4	2	3	3	3	4	4	2	2	3	3	2	2	1	1	1	3	1	1	1	1	1	1	3	3	1	1	0	0	2	2	2	2	4	4	4	4	1	1	1	1	0	0	4	4	1	1	1	1	1	3	1	1	2	2	2	2	1	4	4	4	4	4	2	2	3	3	4	4	0	0	3	3	1	1	1	1	4	4	1	1	1	2	4	4	3	3	4	4	3	3
M016711_MACP_1D	0	0	2	4	2	2	0	0	3	4	3	4	2	4	3	3	0	0	2	2	4	4	0	0	1	3	1	3	3	4	3	3	1	2	1	1	1	2	2	2	1	4	2	4	3	4	4	2	1	1	2	4	2	2	2	3	1	2	3	3	3	2	1	2	4	4	3	3	1	2	3	3	1	2	4	4	1	2	3	4	3	3	1	3	1	1	1	3	1	3	1	3	1	2	3	4	2	4	2	4	1	1	2	2	3	3	1	4	4	2	1	1	1	2	1	3	1	3	1	2	1	2	1	1	1	3	1	3	0	0	2	4	2	2	3	4	4	2	1	3	1	3	0	0	2	4	1	3	1	4	1	3	3	3	4	4	2	2	1	1	2	4	4	2	2	3	3	3	1	4	0	0	2	3	1	3	1	3	2	4	1	1	2	2	4	2	1	1	4	2	3	4
M016719_MACP_2D	0	0	2	2	2	4	2	2	3	3	3	4	2	2	3	3	0	0	2	2	4	4	0	0	1	3	1	1	3	3	3	3	1	2	1	1	1	1	2	2	1	1	4	4	4	4	2	2	1	1	2	2	2	2	3	3	1	2	3	3	2	2	1	1	4	4	3	3	1	1	3	3	2	2	4	4	1	1	4	4	3	3	3	3	1	4	3	3	3	3	3	3	2	2	3	3	2	4	4	4	1	4	2	2	3	3	1	1	4	2	1	1	1	1	3	3	1	1	2	2	2	2	1	1	1	1	3	3	0	0	4	4	2	2	3	3	2	2	1	3	3	3	0	0	2	2	3	3	4	4	3	3	3	3	4	4	2	2	1	1	2	2	2	2	3	3	3	3	1	1	0	0	2	2	3	3	1	1	2	2	1	1	1	2	2	2	1	1	2	2	4	4
M016727_MACP_3D	0	0	2	2	2	2	2	2	3	3	4	4	2	2	3	3	0	0	2	2	4	4	0	0	1	1	1	1	3	3	3	3	1	1	1	1	1	1	2	2	1	1	4	4	4	4	2	2	1	1	2	2	2	2	3	3	1	1	3	3	2	2	1	1	4	4	3	3	1	2	3	3	1	2	4	4	1	2	4	4	3	3	3	3	1	1	3	3	3	3	3	3	2	2	3	3	2	2	4	4	4	4	2	2	3	3	1	1	4	2	1	1	1	2	3	3	1	3	2	2	2	2	1	1	1	1	1	3	0	0	4	4	2	2	3	3	2	2	1	1	3	3	0	0	2	2	3	3	4	4	3	3	3	3	2	4	2	2	1	1	2	2	2	2	2	3	3	3	1	1	0	0	2	3	3	3	1	3	2	2	1	3	2	2	2	2	1	1	2	2	3	4
M018343_MACP_4D	0	0	2	4	2	4	1	2	4	4	3	3	2	4	3	3	0	0	2	2	4	4	0	0	1	3	1	3	3	4	3	3	1	2	1	1	1	2	2	2	1	4	2	4	3	4	4	2	1	1	2	4	2	2	2	3	1	2	3	3	3	2	1	2	4	4	3	3	1	2	3	3	1	2	4	4	1	2	3	4	1	3	3	3	1	1	1	3	1	3	1	3	1	2	3	4	2	2	4	4	4	4	2	2	3	3	1	4	4	2	1	3	1	2	1	3	1	1	1	2	1	2	1	2	1	3	1	3	0	0	2	4	2	2	3	4	4	2	1	1	1	3	0	0	2	4	1	3	1	4	1	3	3	3	2	4	2	2	1	1	2	4	4	2	2	3	3	3	1	4	0	0	2	3	1	3	1	3	2	4	1	1	2	2	4	2	3	3	4	2	3	4
M018351_MACP_5D	0	0	2	4	2	4	1	2	3	4	4	4	2	4	3	3	0	0	2	2	4	4	0	0	1	3	1	3	3	4	3	3	1	2	1	1	1	2	0	0	1	4	2	4	3	4	4	2	1	1	2	4	2	2	2	3	1	2	3	3	3	2	1	2	4	4	3	3	1	2	3	3	1	2	4	4	1	2	3	4	3	3	1	3	1	1	1	3	1	3	1	3	2	2	3	4	2	2	4	4	4	4	2	2	3	3	1	4	4	2	1	3	1	2	1	3	1	1	1	2	1	2	1	1	1	3	1	3	0	0	2	4	2	2	3	4	4	2	1	1	1	3	0	0	2	4	1	3	1	4	1	3	3	3	4	4	1	2	1	4	2	4	4	2	2	3	3	3	1	4	0	0	2	3	1	3	1	3	2	4	1	1	2	2	4	2	3	3	4	2	3	3
M018359_MACP_6D	0	0	2	4	2	4	1	2	3	4	3	4	2	4	3	3	0	0	2	2	4	4	0	0	1	3	1	3	3	4	3	3	1	2	1	1	1	2	0	0	1	4	2	4	3	4	4	2	1	1	2	4	2	2	2	3	1	2	3	3	3	2	1	2	4	4	3	3	1	2	3	3	1	2	4	4	1	2	3	4	3	3	1	3	1	1	1	3	1	3	1	3	2	2	3	4	2	2	4	4	4	4	2	2	3	3	1	4	4	4	1	3	1	2	1	3	1	1	1	2	1	2	1	1	1	3	1	3	0	0	2	4	2	2	3	4	4	2	1	1	1	3	0	0	2	4	1	3	1	4	1	3	3	3	4	4	1	2	1	4	2	4	4	2	2	3	3	3	1	4	0	0	2	3	1	3	1	3	2	4	1	1	2	2	4	2	3	3	4	2	3	3
M015104_MACM_1E	0	0	4	4	2	2	1	1	4	4	3	3	4	4	1	1	0	0	2	2	2	2	0	0	3	3	3	3	4	4	3	3	2	2	1	4	2	2	4	4	4	4	2	2	3	3	4	4	1	1	2	4	2	2	2	3	2	2	3	3	3	3	2	2	4	4	3	3	2	2	0	0	1	1	2	4	2	2	4	4	3	3	1	1	1	1	1	1	1	1	1	3	1	1	4	4	2	2	2	2	1	4	2	2	3	3	4	4	2	2	3	3	2	2	1	1	1	1	1	1	1	1	1	1	3	3	1	1	0	0	2	2	2	2	4	4	4	4	1	1	1	1	0	0	4	4	1	1	1	1	1	3	1	1	2	2	2	2	4	4	4	4	4	4	2	2	3	3	4	4	0	0	3	3	1	1	1	1	4	4	1	1	2	2	4	4	3	3	4	4	3	3
M015112_MACM_2E	0	0	4	4	2	2	1	1	4	4	3	3	4	4	1	1	0	0	2	2	2	2	0	0	3	3	3	3	4	4	3	4	2	2	1	1	2	2	4	4	4	4	2	2	3	3	4	4	1	1	4	4	2	2	2	3	2	2	3	3	3	3	2	2	4	4	3	3	2	2	1	1	1	1	2	4	2	2	4	4	3	3	1	3	1	1	1	1	1	1	1	1	1	1	4	4	2	2	2	2	4	4	2	2	3	3	4	4	2	2	3	3	2	2	1	1	1	3	1	1	1	1	1	1	3	3	1	1	0	0	2	2	2	2	4	4	4	4	1	1	1	1	0	0	4	4	1	1	1	1	1	3	1	1	2	2	1	2	4	4	4	4	4	4	2	2	3	3	4	4	0	0	3	3	1	1	1	1	4	4	1	1	2	2	4	4	3	3	4	4	3	3
M015120_MACM_3E	0	0	4	4	2	2	1	1	4	4	3	3	4	4	1	1	0	0	2	2	2	2	0	0	3	3	3	3	4	4	4	4	2	2	1	1	2	2	4	4	4	4	2	2	3	3	4	4	1	1	4	4	2	2	2	2	2	2	3	3	3	3	2	2	4	4	3	3	2	2	1	3	1	1	4	4	2	2	4	4	3	3	3	3	1	4	1	1	1	3	3	3	1	1	4	4	2	2	2	2	4	4	2	2	3	3	4	4	2	2	3	3	2	2	1	1	3	3	1	1	1	1	1	1	3	3	1	1	0	0	2	2	2	2	3	4	4	4	1	1	1	1	0	0	4	4	1	1	1	1	1	1	1	3	2	2	2	2	4	4	4	4	4	4	2	2	3	3	4	4	0	0	3	3	1	1	1	1	4	4	1	1	1	1	4	4	3	3	4	2	3	3
M014912_MACM_4E	0	0	4	4	2	2	1	1	4	4	4	4	4	4	1	1	0	0	2	2	2	2	0	0	3	3	3	3	3	4	4	4	2	2	1	1	2	2	4	2	4	4	2	2	3	3	4	4	1	1	4	4	2	2	3	3	2	2	3	3	3	3	2	2	4	4	3	3	2	2	0	0	1	1	2	2	2	2	4	4	1	3	3	3	1	1	1	1	1	1	3	3	1	1	4	4	2	2	4	4	4	4	2	2	3	3	4	4	2	2	3	3	2	2	1	3	3	3	1	1	1	1	1	1	3	3	1	1	0	0	2	2	2	2	4	4	4	4	1	1	1	1	0	0	4	4	1	1	1	1	1	3	1	1	2	2	2	2	0	0	4	4	4	4	2	2	3	3	4	4	0	0	3	3	1	1	1	1	4	4	1	1	0	0	4	4	3	3	4	4	3	3
M014920_MACM_5E	0	0	4	4	2	2	1	1	4	4	3	3	4	4	1	1	0	0	2	2	2	2	0	0	3	3	3	3	3	4	3	3	2	2	1	1	2	2	2	2	4	4	2	2	3	3	4	4	1	1	4	4	2	2	3	3	2	2	3	4	3	3	2	2	4	4	3	3	2	2	1	3	1	1	2	4	2	2	3	4	1	3	3	3	1	1	1	1	1	1	3	3	1	1	4	4	2	2	4	4	4	4	2	2	3	3	4	4	2	2	3	3	2	2	1	3	1	3	1	1	1	1	1	2	3	3	1	1	0	0	2	2	2	2	3	4	4	4	1	1	1	1	0	0	4	4	1	1	1	1	1	3	1	1	2	2	2	2	1	4	4	4	4	4	2	2	3	3	4	4	0	0	3	3	1	1	1	1	4	4	1	1	2	2	4	4	3	3	4	4	3	3
M014928_MACM_6E	0	0	4	4	2	2	1	1	4	4	3	3	4	4	1	3	0	0	2	2	2	2	0	0	3	3	3	3	4	4	3	3	2	2	1	1	2	2	4	2	4	4	2	2	3	3	4	4	1	1	4	4	2	2	3	3	2	2	3	3	3	3	2	2	4	4	3	3	2	2	0	0	1	1	4	4	2	2	3	4	1	3	1	3	1	1	1	1	1	1	3	3	1	1	4	4	2	2	2	4	4	4	2	3	3	3	4	4	2	2	3	3	2	2	0	0	3	3	1	1	1	1	1	1	3	3	1	1	0	0	2	2	2	2	4	4	4	4	1	1	1	1	0	0	4	4	1	1	1	1	1	3	1	1	2	2	2	2	1	4	4	4	4	4	2	2	3	3	4	4	0	0	3	3	1	1	1	1	4	4	1	1	1	1	4	4	3	3	4	4	3	3
M016712_MACP_1E	0	0	2	4	2	4	1	1	3	4	3	4	2	4	3	3	0	0	2	2	4	4	0	0	1	3	1	3	3	4	3	3	1	2	1	1	1	2	2	2	1	4	2	4	3	4	4	2	1	1	2	4	2	2	2	3	1	2	3	3	2	2	1	2	4	4	3	3	1	2	3	3	1	2	4	4	1	2	4	4	3	3	1	3	1	1	1	3	1	3	1	3	2	2	3	4	2	4	2	4	1	1	2	3	3	3	1	4	4	2	1	1	1	2	1	3	1	3	1	2	1	2	1	1	1	3	1	3	0	0	2	4	2	2	3	4	4	2	1	3	1	3	0	0	2	4	1	3	1	4	3	3	3	3	2	4	2	2	1	1	2	4	4	2	2	3	3	3	1	4	0	0	2	3	1	3	1	3	2	4	1	1	2	2	4	2	1	1	4	2	0	0
M016720_MACP_2E	0	0	2	2	2	4	1	1	3	4	3	3	2	4	3	3	0	0	2	2	4	4	0	0	1	3	1	3	3	4	3	3	2	2	1	1	1	2	2	2	1	4	2	4	3	4	4	2	1	2	2	4	2	4	2	3	2	2	3	3	3	2	1	2	4	4	3	3	1	2	3	3	1	2	4	4	1	2	3	4	3	3	1	3	1	4	1	3	1	3	1	3	2	2	3	4	2	2	4	4	1	4	2	3	3	3	1	4	4	2	1	1	1	2	1	3	1	1	1	2	1	2	1	2	1	3	1	3	0	0	2	4	2	2	3	4	4	2	1	3	1	3	0	0	2	4	1	3	1	4	3	3	3	3	2	4	2	2	1	1	2	4	4	2	2	3	3	3	1	4	0	0	2	3	1	3	1	1	2	4	1	1	2	2	4	2	1	1	4	2	0	0
M016728_MACP_3E	0	0	2	4	2	4	0	0	3	4	3	3	2	4	3	3	0	0	2	2	4	4	0	0	1	3	1	3	3	4	3	3	1	2	1	1	1	2	2	2	1	4	2	4	3	4	4	2	1	1	2	4	2	2	2	3	1	2	3	3	3	2	1	2	4	4	3	3	1	2	3	3	1	2	4	4	1	2	3	4	3	3	3	3	1	1	1	3	1	3	1	3	1	2	3	4	2	4	2	4	1	1	2	2	3	3	1	4	4	2	1	3	0	0	1	3	1	3	1	2	1	2	1	2	1	3	1	3	0	0	2	4	2	2	3	4	4	2	1	1	1	3	0	0	2	4	1	3	1	4	1	3	3	3	2	4	2	2	1	1	2	4	4	2	2	2	3	3	1	4	0	0	2	3	1	3	1	1	2	4	1	1	2	2	4	2	3	3	4	2	3	4
M018344_MACP_4E	0	0	2	4	2	2	2	2	3	4	4	4	2	2	3	3	0	0	2	2	4	4	0	0	1	3	1	1	3	3	3	3	1	1	1	1	1	1	2	2	1	1	4	4	4	4	2	2	1	1	2	2	2	2	3	3	1	2	3	3	3	2	1	1	4	4	3	3	1	1	3	3	2	2	4	4	1	1	3	4	3	3	3	3	1	4	3	3	3	3	3	3	2	2	3	3	2	4	4	4	4	4	2	2	3	3	1	1	2	2	1	1	1	1	3	3	1	1	2	2	2	2	1	1	1	1	3	3	0	0	4	4	2	2	0	0	2	2	1	3	3	3	0	0	2	2	3	3	4	4	3	3	3	3	4	4	2	2	1	1	2	2	2	2	3	3	3	3	1	1	0	0	2	2	3	3	1	3	2	2	1	1	2	2	2	2	1	1	2	2	3	3
M018352_MACP_5E	0	0	4	4	2	4	0	0	4	4	3	4	2	4	3	3	0	0	2	2	4	4	0	0	3	3	1	3	3	4	3	3	1	2	1	1	1	2	2	2	1	4	2	4	3	4	4	2	1	1	2	4	2	2	2	3	2	2	4	4	3	3	1	2	4	4	3	3	1	2	3	3	1	2	4	4	1	2	4	4	1	3	1	3	1	4	1	3	1	3	1	3	1	2	3	4	2	2	4	4	1	4	2	2	3	3	1	4	2	2	1	3	1	2	1	3	1	3	1	2	1	2	1	2	1	3	1	3	0	0	2	4	2	2	3	4	4	2	1	1	1	3	0	0	2	4	1	3	1	4	3	3	3	3	2	4	2	2	1	1	2	4	4	2	2	3	3	3	1	4	0	0	2	3	1	3	1	3	2	4	1	1	2	2	4	2	3	3	4	2	3	3
M018360_MACP_6E	0	0	4	4	2	2	1	1	4	4	3	3	4	4	3	3	0	0	2	2	2	2	0	0	3	3	3	3	4	4	3	3	2	2	1	1	2	2	2	2	4	4	2	2	3	3	4	4	1	1	4	4	2	2	2	2	2	2	3	3	3	3	0	0	4	4	3	3	2	2	1	3	1	1	4	4	2	2	4	4	3	3	1	1	4	4	1	1	1	1	1	3	1	1	4	4	2	2	4	4	1	4	2	2	3	3	4	4	2	2	3	3	2	2	1	1	1	3	1	1	1	1	1	2	3	3	1	1	0	0	2	2	2	2	4	4	4	4	1	1	1	1	0	0	4	4	1	1	1	1	1	1	0	0	2	2	2	2	1	1	4	4	4	4	2	2	3	3	4	4	0	0	3	3	1	1	1	1	4	4	1	1	2	2	4	4	3	3	4	4	3	3
M015105_MACM_1F	0	0	4	4	2	2	1	1	4	4	3	3	4	4	1	1	0	0	2	2	2	2	0	0	3	3	3	3	4	4	4	4	2	2	1	4	2	2	4	4	4	4	2	2	3	3	4	4	1	1	4	4	2	2	2	3	2	2	3	3	3	3	2	2	4	4	3	3	2	2	0	0	1	1	4	4	2	2	4	4	3	3	1	3	1	1	1	1	1	3	1	3	1	1	4	4	2	2	0	0	4	4	2	2	3	3	4	4	2	2	3	3	2	2	1	1	1	3	1	1	1	1	1	1	3	3	1	1	0	0	2	2	2	2	0	0	4	4	1	1	1	1	0	0	4	4	1	1	1	1	1	3	1	3	2	2	2	2	1	4	4	4	4	4	2	2	3	3	4	4	0	0	3	3	1	1	1	1	4	4	1	1	2	2	4	4	3	3	0	0	3	3
M015113_MACM_2F	0	0	4	4	2	2	1	1	4	4	3	3	4	4	1	1	0	0	2	2	2	2	0	0	3	3	3	3	4	4	4	4	2	2	1	1	2	2	4	4	4	4	2	2	3	3	4	4	1	1	4	4	2	2	2	3	2	2	3	3	3	3	2	2	4	4	3	3	2	2	1	1	1	1	4	4	2	2	3	4	1	3	3	3	4	4	1	1	1	1	3	3	1	1	4	4	2	2	2	2	4	4	2	3	3	3	4	4	2	2	3	3	2	2	1	1	1	3	1	1	1	1	1	1	3	3	1	1	0	0	2	2	2	2	4	4	4	4	1	1	1	1	0	0	4	4	1	1	1	1	1	1	1	1	2	2	2	2	4	4	4	4	4	4	2	2	3	3	4	4	0	0	3	3	1	1	1	1	4	4	1	1	1	1	4	4	3	3	4	4	3	3
M015121_MACM_3F	0	0	4	4	2	2	1	1	4	4	3	3	4	4	1	1	0	0	2	2	2	2	0	0	3	3	3	3	4	4	3	4	2	2	1	4	2	2	4	4	4	4	2	2	3	3	4	4	1	1	4	4	2	2	3	3	2	2	3	3	3	3	2	2	4	4	3	3	2	2	1	1	1	1	4	4	2	2	4	4	3	3	3	3	1	1	1	1	1	3	3	3	1	1	4	4	2	2	2	2	4	4	2	2	3	3	4	4	2	2	3	3	2	2	1	1	3	3	1	1	1	1	1	1	3	3	1	1	0	0	2	2	2	2	3	4	4	4	1	1	1	1	0	0	4	4	1	1	1	1	1	1	1	3	2	2	2	2	4	4	4	4	4	4	2	2	3	3	4	4	0	0	3	3	1	1	1	1	4	4	1	1	2	2	4	4	3	3	4	2	3	3
M014913_MACM_4F	0	0	4	4	2	2	1	1	4	4	3	4	4	4	1	1	0	0	2	2	2	2	0	0	3	3	3	3	0	0	3	4	2	2	1	1	2	2	4	4	4	4	2	2	3	3	4	4	1	1	2	4	2	2	3	3	2	2	3	4	3	3	2	2	4	4	3	3	2	2	1	3	1	1	2	4	2	2	4	4	1	3	3	3	1	1	1	1	1	1	1	3	1	1	4	4	2	2	2	4	4	4	2	2	3	3	4	4	2	2	3	3	2	2	1	1	3	3	1	1	1	1	1	1	3	3	1	1	0	0	2	2	2	2	4	4	4	4	1	1	1	1	0	0	4	4	1	1	1	1	1	3	1	1	2	2	2	2	1	4	4	4	4	4	2	2	3	3	4	4	0	0	3	3	1	1	1	1	4	4	1	1	1	2	4	4	3	3	4	4	3	3
M014921_MACM_5F	0	0	4	4	2	2	1	1	4	4	3	3	4	4	1	1	0	0	2	2	2	2	0	0	3	3	3	3	4	4	3	4	2	2	1	1	2	2	2	2	4	4	2	2	3	3	4	4	1	1	2	4	2	2	2	3	2	2	3	3	3	3	2	2	4	4	3	3	2	2	3	3	1	1	4	4	2	2	4	4	1	1	3	3	1	1	1	1	1	1	1	3	1	1	4	4	2	2	2	4	4	4	2	3	3	3	4	4	2	2	3	3	2	2	0	0	1	1	1	1	1	1	1	1	3	3	1	1	0	0	2	2	2	2	4	4	4	4	1	1	1	1	0	0	4	4	1	1	1	1	1	1	1	1	2	2	2	2	4	4	4	4	4	4	2	2	3	3	4	4	0	0	3	3	1	1	1	1	4	4	1	1	2	2	4	4	3	3	4	4	3	3
M014929_MACM_6F	0	0	4	4	2	2	1	1	4	4	3	3	4	4	1	3	0	0	2	2	2	2	0	0	3	3	3	3	4	4	3	3	2	2	1	1	2	2	2	2	4	4	2	2	3	3	4	4	1	1	4	4	2	2	2	3	2	2	3	4	3	3	2	2	4	4	3	3	2	2	0	0	1	1	2	4	2	2	3	4	3	3	1	3	1	1	1	1	1	1	3	3	1	1	4	4	2	2	4	4	4	4	2	2	3	3	4	4	2	2	3	3	2	2	1	3	3	3	1	1	1	1	1	2	3	3	1	1	0	0	2	2	2	2	4	4	4	4	1	1	1	1	0	0	4	4	1	1	1	1	1	1	1	1	2	2	2	2	4	4	4	4	4	4	2	2	3	3	4	4	0	0	3	3	1	1	1	1	4	4	1	1	2	2	4	4	3	3	4	4	3	3
M016713_MACP_1F	0	0	2	2	4	4	2	2	3	3	3	4	2	2	3	3	0	0	2	2	4	4	0	0	1	1	1	1	3	3	3	3	1	1	1	1	1	1	2	2	1	1	4	4	4	4	2	2	1	2	2	2	2	2	3	3	1	1	3	3	2	2	1	1	4	4	3	3	1	1	3	3	2	2	4	4	1	1	3	3	3	3	3	3	1	1	3	3	3	3	3	3	2	2	3	3	2	4	4	4	4	4	2	2	3	3	1	1	4	2	1	1	1	1	3	3	1	3	2	2	2	2	1	1	1	1	3	3	0	0	4	4	2	2	3	3	2	2	1	1	3	3	0	0	2	2	3	3	4	4	3	3	3	3	4	4	2	2	1	1	2	2	2	2	2	3	3	3	1	1	0	0	2	2	3	3	3	3	2	2	1	3	2	2	2	2	1	1	2	2	3	4
M016721_MACP_2F	0	0	2	2	2	4	2	2	3	3	3	4	2	2	3	3	0	0	2	2	4	4	0	0	1	1	1	1	3	3	3	3	1	1	1	1	1	1	2	2	1	1	4	4	4	4	2	2	1	1	2	2	2	2	3	3	1	1	3	3	2	2	1	1	4	4	3	3	1	1	3	3	2	2	4	4	1	1	3	4	3	3	3	3	1	1	3	3	3	3	3	3	2	2	3	3	2	4	4	4	1	1	2	2	3	3	1	1	4	2	1	1	1	1	3	3	3	3	2	2	2	2	1	1	1	1	3	3	0	0	4	4	2	2	3	3	2	2	1	3	3	3	0	0	2	2	3	3	4	4	3	3	3	3	4	4	2	2	1	1	2	2	2	2	3	3	3	3	1	1	0	0	2	2	3	3	1	3	2	2	1	1	2	2	2	2	1	1	2	2	3	4
M016729_MACP_3F	0	0	2	2	2	4	2	2	3	4	3	3	2	2	3	3	0	0	2	2	4	4	0	0	1	1	1	1	3	3	3	3	1	1	1	1	1	1	2	2	1	1	4	4	4	4	2	2	1	1	2	2	2	2	3	3	1	1	3	3	2	2	1	1	4	4	3	3	1	1	3	3	2	2	4	4	1	1	3	3	3	3	3	3	1	1	3	3	3	3	3	3	2	2	3	3	2	2	4	4	4	4	2	2	3	3	1	1	4	2	1	1	1	1	3	3	1	3	2	2	2	2	1	1	1	1	3	3	0	0	4	4	2	2	0	0	2	2	1	1	3	3	0	0	2	2	3	3	4	4	3	3	3	3	4	4	2	2	1	1	2	2	2	2	2	3	3	3	1	1	0	0	2	2	3	3	1	3	2	2	1	1	2	2	2	2	1	1	2	2	4	4
M018345_MACP_4F	0	0	2	4	2	2	1	2	3	4	4	4	2	4	3	3	0	0	2	2	4	4	0	0	1	3	1	3	3	4	3	3	1	2	1	1	1	2	0	0	1	4	2	4	3	4	4	2	1	1	2	4	2	2	2	3	1	2	3	4	3	2	1	2	4	4	3	3	1	2	3	3	1	2	4	4	1	2	4	4	1	3	1	3	1	1	1	3	1	3	1	3	1	2	3	4	2	4	4	4	4	4	2	2	3	3	1	4	2	2	1	3	1	2	1	3	1	1	1	2	1	2	1	2	1	3	1	3	0	0	2	4	2	2	3	4	4	2	1	3	1	3	0	0	2	4	1	3	1	4	3	3	3	3	2	4	2	2	1	1	2	4	4	2	2	3	3	3	1	4	0	0	2	3	1	3	1	1	2	4	1	1	2	2	4	2	3	3	4	2	3	3
M018353_MACP_5F	0	0	2	4	2	4	1	2	4	4	3	3	2	4	3	3	0	0	2	2	4	4	0	0	1	3	1	3	3	4	3	3	1	2	1	1	1	2	2	2	1	4	2	4	3	4	4	2	1	1	2	4	2	2	2	3	2	2	3	3	3	2	1	2	4	4	3	3	1	2	3	3	1	2	4	4	1	2	3	4	1	3	3	3	1	1	1	3	1	3	1	3	1	2	3	4	2	2	4	4	4	4	2	2	3	3	1	4	4	4	1	3	1	2	1	3	1	1	1	2	1	2	1	2	1	3	1	3	0	0	2	4	2	2	3	4	4	2	1	3	1	3	0	0	2	4	1	3	1	4	1	3	3	3	2	4	2	2	1	1	2	4	4	2	2	3	3	3	1	4	0	0	2	3	1	3	1	3	2	4	1	1	2	2	4	2	3	3	4	2	0	0
M018361_MACP_6F	0	0	4	4	2	2	1	1	4	4	3	3	4	4	3	3	0	0	2	2	2	2	0	0	3	3	3	3	4	4	3	3	2	2	1	1	2	2	2	2	4	4	2	2	3	3	4	4	1	1	4	4	2	2	2	2	2	2	3	3	3	3	0	0	4	4	3	3	2	2	1	3	1	1	4	4	2	2	4	4	3	3	1	1	4	4	1	1	1	1	1	3	1	1	4	4	2	2	4	4	1	4	2	2	3	3	4	4	2	2	3	3	2	2	1	1	1	3	1	1	1	1	1	2	3	3	1	1	0	0	2	2	2	2	4	4	4	4	1	1	1	1	0	0	4	4	1	1	1	1	1	1	0	0	2	2	2	2	1	1	4	4	4	4	2	2	3	3	4	4	0	0	3	3	1	1	1	1	4	4	1	1	2	2	4	4	3	3	4	4	3	3
M015106_MACM_1G	0	0	4	4	2	2	1	1	4	4	3	3	4	4	1	1	0	0	2	2	2	2	0	0	3	3	3	3	4	4	3	4	2	2	1	1	2	2	4	4	4	4	2	2	3	3	4	4	1	1	4	4	2	2	2	2	2	2	3	3	3	3	2	2	4	4	0	0	2	2	1	1	1	1	2	4	2	2	4	4	3	3	1	1	1	1	1	1	1	1	3	3	1	1	4	4	2	2	2	2	4	4	2	3	3	3	4	4	2	2	3	3	2	2	1	1	1	1	1	1	1	1	1	1	3	3	1	1	0	0	2	2	2	2	4	4	4	4	1	1	1	1	0	0	4	4	1	1	1	1	1	3	1	1	2	2	1	1	4	4	4	4	4	4	2	2	3	3	4	4	0	0	3	3	1	1	1	1	4	4	1	1	1	1	4	4	3	3	4	4	3	3
M015114_MACM_2G	0	0	4	4	2	2	1	2	3	4	3	4	2	4	1	1	0	0	2	2	4	2	0	0	3	3	1	3	3	4	3	4	1	2	1	1	1	2	4	4	1	4	2	4	3	4	4	4	1	1	2	2	2	2	3	3	2	2	3	3	3	2	1	2	4	4	3	3	2	2	1	3	1	1	4	4	2	2	3	4	3	3	3	3	1	4	1	3	1	3	3	3	1	2	3	4	2	2	2	4	4	4	2	2	3	3	1	4	2	2	3	3	2	2	1	3	1	3	1	2	1	1	1	1	1	3	1	1	0	0	0	0	2	2	3	4	4	2	1	1	1	3	0	0	2	4	1	3	1	4	1	3	1	3	2	2	2	2	1	4	2	4	4	2	2	3	3	3	1	4	0	0	3	3	1	3	1	1	4	4	1	1	1	1	4	2	3	3	4	2	3	3
M015122_MACM_3G	0	0	4	4	2	2	1	1	4	4	3	3	4	4	1	1	0	0	2	2	2	2	0	0	3	3	3	3	4	4	3	4	2	2	1	4	2	2	4	4	4	4	2	2	3	3	4	4	1	1	4	4	2	2	3	3	2	2	3	3	3	3	2	2	4	4	3	3	2	2	1	1	1	1	2	4	2	2	3	4	3	3	1	3	1	1	1	1	1	3	3	3	1	1	4	4	2	2	2	2	4	4	2	2	3	3	4	4	2	2	3	3	2	2	1	3	1	3	1	1	1	1	1	1	3	3	1	1	0	0	2	2	2	2	3	4	4	4	1	1	1	1	0	0	4	4	1	1	1	1	1	3	1	3	2	2	2	2	4	4	4	4	4	4	2	2	3	3	4	4	0	0	3	3	1	1	1	1	4	4	1	1	1	2	4	4	3	3	4	2	3	3
M014914_MACM_4G	0	0	4	4	2	2	1	1	4	4	3	3	4	4	1	3	0	0	2	2	2	2	0	0	3	3	3	3	4	4	3	4	2	2	1	4	2	2	2	2	4	4	2	2	3	3	4	4	1	1	2	2	2	2	2	3	2	2	4	4	3	3	2	2	4	4	3	3	2	2	1	1	1	1	2	4	2	2	4	4	1	3	1	3	1	1	1	1	1	1	1	1	1	1	4	4	2	2	2	4	4	4	2	2	3	3	4	4	2	2	3	3	2	2	0	0	1	3	1	1	1	1	1	2	3	3	1	1	0	0	2	2	2	2	4	4	4	4	1	1	1	1	0	0	4	4	1	1	1	1	1	1	1	1	2	2	2	2	4	4	4	4	4	4	2	2	3	3	4	4	0	0	3	3	1	1	1	1	4	4	1	1	1	1	4	4	3	3	4	4	3	3
M014922_MACM_5G	0	0	4	4	2	2	1	1	4	4	3	3	4	4	1	1	0	0	2	2	2	2	0	0	3	3	3	3	4	4	3	4	2	2	1	1	2	2	4	2	4	4	2	2	3	3	4	4	1	1	4	4	2	2	2	3	2	2	3	3	3	3	2	2	4	4	3	3	2	2	3	3	1	1	2	2	2	2	4	4	3	3	1	1	1	1	1	1	1	1	3	3	1	1	4	4	2	2	2	4	4	4	2	2	3	3	4	4	2	2	3	3	2	2	1	1	1	1	1	1	1	1	1	1	3	3	1	1	0	0	2	2	2	2	4	4	4	4	1	1	1	1	0	0	4	4	1	1	1	1	1	3	1	1	2	2	2	2	1	4	4	4	4	4	2	2	3	3	4	4	0	0	3	3	1	1	1	1	4	4	1	1	2	2	4	4	3	3	4	4	3	3
M014930_MACM_6G	0	0	4	4	2	2	1	1	4	4	3	3	4	4	1	1	0	0	2	2	2	2	0	0	3	3	3	3	3	3	3	4	2	2	1	1	2	2	4	4	4	4	2	2	3	3	4	4	1	1	4	4	2	2	3	3	2	2	3	3	3	3	2	2	4	4	3	3	2	2	3	3	1	1	2	4	2	2	4	4	3	3	1	3	1	4	1	1	1	1	3	3	1	1	4	4	2	2	0	0	4	4	2	3	3	3	4	4	2	2	3	3	2	2	0	0	1	3	1	1	1	1	1	1	3	3	1	1	0	0	2	2	2	2	4	4	4	4	1	1	1	1	0	0	4	4	1	1	1	1	1	1	1	1	2	2	2	2	4	4	4	4	4	4	2	2	3	3	4	4	0	0	3	3	1	1	1	1	4	4	1	1	2	2	4	4	3	3	4	4	3	3
M016714_MACP_1G	0	0	0	0	0	0	0	0	0	0	0	0	0	0	0	0	0	0	0	0	0	0	0	0	0	0	0	0	0	0	0	0	0	0	0	0	0	0	0	0	0	0	0	0	0	0	0	0	0	0	0	0	0	0	0	0	0	0	0	0	0	0	0	0	0	0	0	0	0	0	0	0	0	0	0	0	0	0	0	0	0	0	0	0	0	0	0	0	0	0	0	0	0	0	0	0	0	0	0	0	0	0	0	0	0	0	0	0	0	0	0	0	0	0	0	0	0	0	0	0	0	0	0	0	0	0	0	0	0	0	0	0	0	0	0	0	0	0	0	0	0	0	0	0	0	0	0	0	0	0	0	0	0	0	0	0	0	0	0	0	0	0	0	0	0	0	0	0	0	0	0	0	0	0	0	0	0	0	0	0	0	0	0	0	0	0	0	0	0	0	0	0
M016722_MACP_2G	0	0	4	4	2	2	1	1	4	4	3	3	4	4	3	3	0	0	2	2	0	0	0	0	3	3	3	3	4	4	3	3	2	2	1	1	2	2	2	2	4	4	2	2	3	3	4	4	1	2	4	4	2	2	2	2	2	2	3	3	3	3	0	0	4	4	3	3	2	2	3	3	1	1	4	4	2	2	4	4	1	3	1	3	1	1	1	1	1	1	1	1	1	1	4	4	2	2	0	0	4	4	2	3	3	3	4	4	4	2	3	3	2	2	1	1	1	3	1	1	1	1	2	2	3	3	1	1	0	0	2	2	2	2	4	4	4	4	1	1	1	1	0	0	4	4	1	1	1	1	1	1	0	0	2	2	2	2	1	1	4	4	4	4	2	2	3	3	4	4	0	0	3	3	1	1	1	1	4	4	1	1	2	2	4	4	3	3	4	4	3	3
M016730_MACP_3G	0	0	2	4	2	2	1	1	3	4	3	4	2	4	3	3	0	0	2	2	4	4	0	0	1	3	1	3	3	4	3	3	1	2	1	1	1	2	2	2	1	4	2	4	3	4	4	2	1	1	2	4	2	2	3	3	1	2	3	3	3	2	1	2	4	4	3	3	1	2	3	3	1	2	4	4	1	2	0	0	3	3	1	3	1	1	1	3	1	3	1	3	1	2	3	4	2	4	2	4	4	4	2	2	3	3	1	4	4	2	1	1	1	2	1	3	1	3	1	2	1	2	1	2	1	3	1	3	0	0	2	4	2	2	3	4	4	2	1	1	1	3	0	0	2	4	1	3	1	4	1	3	3	3	2	4	2	2	1	1	2	4	4	2	2	3	3	3	1	4	0	0	2	3	1	3	1	3	2	4	1	1	2	2	4	2	1	1	4	2	3	4
M018346_MACP_4G	0	0	2	4	2	2	1	2	3	4	4	4	2	4	3	3	0	0	2	2	4	4	0	0	1	3	1	3	3	4	3	3	1	2	1	1	1	2	2	2	1	4	2	4	3	4	4	2	1	1	2	4	2	2	2	3	1	2	3	4	3	2	1	2	4	4	3	3	1	2	3	3	1	2	4	4	1	2	4	4	1	3	1	3	1	1	1	3	1	3	1	3	1	2	3	4	2	4	4	4	4	4	2	2	3	3	1	4	2	2	1	3	1	2	1	3	1	1	1	2	1	2	1	2	1	3	1	3	0	0	2	4	2	2	3	4	4	2	1	3	1	3	0	0	2	4	1	3	1	4	3	3	3	3	2	4	2	2	1	1	2	4	4	2	2	3	3	3	1	4	0	0	2	3	1	3	1	1	2	4	1	1	2	2	4	2	3	3	4	2	3	3
M018354_MACP_5G	0	0	2	2	2	4	2	2	3	3	4	4	2	2	3	3	0	0	2	2	4	4	0	0	1	1	1	1	3	3	3	3	1	1	1	1	1	1	2	2	1	1	4	4	4	4	2	2	1	1	2	2	2	2	3	3	1	1	3	3	2	2	1	1	4	4	3	3	1	1	3	3	2	2	4	4	1	1	4	4	3	3	3	3	1	1	3	3	3	3	3	3	2	2	3	3	4	4	4	4	1	4	2	2	3	3	1	1	2	2	1	1	1	1	3	3	1	1	2	2	2	2	1	1	1	1	3	3	0	0	4	4	2	2	3	3	2	2	1	3	3	3	0	0	2	2	3	3	4	4	3	3	3	3	4	4	2	2	1	1	2	2	2	2	2	3	3	3	1	1	0	0	2	2	3	3	1	3	2	2	1	1	2	2	2	2	1	1	2	2	3	4
M018362_MACP_6G	0	0	4	4	2	2	1	1	4	4	3	3	4	4	3	3	0	0	2	2	2	2	0	0	3	3	3	3	4	4	3	3	2	2	1	1	2	2	2	2	4	4	2	2	3	3	4	4	1	1	4	4	2	2	2	2	2	2	3	4	3	2	0	0	4	4	3	3	2	2	3	3	1	1	4	4	2	2	4	4	1	3	1	1	4	4	1	1	1	1	1	1	1	1	4	4	2	2	4	4	4	4	2	3	3	3	4	4	2	2	3	3	2	2	1	1	1	3	1	1	1	1	2	2	3	3	1	1	0	0	2	2	2	2	4	4	4	4	1	1	1	1	0	0	4	4	1	1	1	1	1	3	0	0	2	2	2	2	1	1	4	4	4	4	2	2	3	3	4	4	0	0	3	3	1	1	1	1	4	4	1	1	2	2	4	4	3	3	4	4	3	3
M015107_MACM_1H	0	0	4	4	2	2	1	1	4	4	3	4	4	4	1	1	0	0	2	2	2	2	0	0	3	3	3	3	3	4	4	4	2	2	1	1	2	2	4	4	4	4	2	2	3	3	4	4	1	1	4	4	2	2	2	3	2	2	3	3	3	3	2	2	4	4	3	3	2	2	1	3	1	1	4	4	2	2	4	4	3	3	1	3	1	4	1	1	1	1	3	3	1	1	4	4	2	2	2	2	4	4	2	2	3	3	4	4	2	2	3	3	2	2	1	1	1	3	1	1	1	1	1	1	3	3	1	1	0	0	2	2	2	2	4	4	4	4	1	1	1	1	0	0	4	4	1	1	1	1	1	3	1	1	2	2	0	0	1	4	4	4	4	4	2	2	3	3	4	4	0	0	3	3	1	1	1	1	4	4	1	1	2	2	4	4	3	3	4	4	3	3
M015115_MACM_2H	0	0	4	4	2	2	1	1	4	4	3	3	4	4	1	1	0	0	2	2	2	2	0	0	3	3	3	3	4	4	3	4	2	2	4	4	2	2	4	4	4	4	2	2	3	3	4	4	1	1	4	4	2	2	2	3	2	2	3	3	3	3	2	2	4	4	3	3	2	2	0	0	1	1	4	4	2	2	4	4	3	3	3	3	1	1	1	1	3	3	3	3	1	1	4	4	2	2	2	2	4	4	2	2	3	3	4	4	2	2	3	3	2	2	1	1	3	3	1	1	1	1	1	1	3	3	1	1	0	0	2	2	2	2	0	0	4	4	1	1	1	1	0	0	4	4	1	1	1	1	1	1	3	3	2	2	2	2	4	4	4	4	4	4	2	2	3	3	4	4	0	0	3	3	1	1	1	1	4	4	1	1	2	2	4	4	3	3	2	2	3	3
M015123_MACM_3H	0	0	4	4	2	2	1	1	4	4	3	3	4	4	1	1	0	0	2	2	2	2	0	0	3	3	3	3	4	4	3	4	2	2	1	4	2	2	4	4	4	4	2	2	3	3	4	4	1	1	4	4	2	2	3	3	2	2	3	3	3	3	2	2	4	4	3	3	2	2	1	1	1	1	2	4	2	2	3	4	3	3	1	3	1	1	1	1	1	3	3	3	1	1	4	4	2	2	2	2	4	4	2	2	3	3	4	4	2	2	3	3	2	2	1	3	1	3	1	1	1	1	1	1	3	3	1	1	0	0	2	2	2	2	3	4	4	4	1	1	1	1	0	0	4	4	1	1	1	1	1	3	1	3	2	2	2	2	4	4	4	4	4	4	2	2	3	3	4	4	0	0	3	3	1	1	1	1	4	4	1	1	1	2	4	4	3	3	4	2	3	3
M014915_MACM_4H	0	0	4	4	2	2	1	1	4	4	3	4	4	4	1	1	0	0	2	2	2	2	0	0	3	3	3	3	4	4	3	4	2	2	1	1	2	2	4	2	4	4	2	2	3	3	4	4	1	1	0	0	2	2	2	3	2	2	3	4	3	3	2	2	4	4	3	3	2	2	0	0	1	1	2	2	2	2	4	4	3	3	3	3	1	1	1	1	1	1	0	0	1	1	4	4	2	2	2	4	4	4	2	3	3	3	4	4	2	2	3	3	2	2	0	0	0	0	1	1	1	1	1	1	3	3	1	1	0	0	2	2	2	2	4	4	4	4	1	1	1	1	0	0	4	4	1	1	1	1	1	1	1	1	2	2	2	2	4	4	4	4	4	4	2	2	3	3	4	4	0	0	3	3	1	1	1	1	4	4	1	1	1	2	4	4	3	3	4	4	3	3
M014923_MACM_5H	0	0	4	4	2	2	1	1	4	4	3	3	4	4	1	1	0	0	2	2	2	2	0	0	3	3	3	3	4	4	3	4	2	2	1	1	2	2	4	4	4	4	2	2	3	3	4	4	1	1	4	4	2	2	2	3	2	2	3	3	3	3	2	2	4	4	3	3	2	2	3	3	1	1	0	0	2	2	4	4	1	3	1	3	1	1	1	1	1	1	3	3	1	1	4	4	2	2	2	4	4	4	2	3	3	3	4	4	2	2	3	3	2	2	0	0	1	1	1	1	1	1	1	1	3	3	1	1	0	0	2	2	2	2	4	4	4	4	1	1	1	1	0	0	4	4	1	1	1	1	1	3	1	1	2	2	2	2	4	4	4	4	4	4	2	2	3	3	4	4	0	0	3	3	1	1	1	1	4	4	1	1	1	2	4	4	3	3	4	4	3	3
M014931_MACM_6H	0	0	4	4	2	2	1	1	4	4	3	4	4	4	1	1	0	0	2	2	2	2	0	0	3	3	3	3	3	4	3	3	2	2	1	1	2	2	2	2	4	4	2	2	3	3	4	4	1	2	2	4	2	2	2	2	2	2	3	3	3	3	2	2	4	4	3	3	2	2	1	3	1	1	4	4	2	2	4	4	1	3	3	3	1	1	1	1	1	1	1	3	1	1	4	4	2	2	2	4	4	4	2	2	3	3	4	4	2	2	3	3	2	2	1	3	1	1	1	1	1	1	1	1	3	3	1	1	0	0	2	2	2	2	4	4	4	4	1	1	1	1	0	0	4	4	1	1	1	1	1	3	1	1	2	2	2	2	1	4	4	4	4	4	2	2	3	3	4	4	0	0	3	3	1	1	1	1	4	4	1	1	1	1	4	4	3	3	4	4	3	3
M016715_MACP_1H	0	0	4	4	2	2	1	1	4	4	3	4	4	4	3	3	0	0	2	2	2	2	0	0	3	3	3	3	4	4	3	3	2	2	1	1	2	2	2	2	4	4	2	2	3	3	4	4	1	1	4	4	2	2	2	3	2	2	3	3	3	3	0	0	4	4	3	3	2	2	3	3	1	1	4	4	2	2	4	4	3	3	1	1	1	4	1	1	1	1	1	1	1	1	4	4	2	2	4	4	1	1	3	3	3	3	4	4	2	2	3	3	2	2	1	1	1	3	1	1	1	1	1	1	3	3	1	1	0	0	2	2	2	2	4	4	4	4	1	1	1	1	0	0	4	4	1	1	1	1	1	1	0	0	2	2	2	2	1	1	4	4	4	4	2	2	3	3	4	4	0	0	3	3	1	1	1	1	4	4	1	1	1	2	4	4	0	0	4	4	3	3
M016723_MACP_2H	0	0	2	2	2	4	2	2	3	3	4	4	2	2	3	3	0	0	2	2	4	4	0	0	1	1	1	1	3	3	3	3	1	1	1	1	1	1	2	2	1	1	4	4	4	4	2	2	1	1	2	2	2	2	3	3	1	1	3	3	2	2	1	1	4	4	3	3	1	1	3	3	2	2	4	4	1	1	3	4	3	3	3	3	1	1	3	3	3	3	3	3	2	2	3	3	4	4	4	4	1	1	2	2	3	3	1	1	4	2	1	1	1	1	3	3	1	3	2	2	2	2	1	1	1	1	3	3	0	0	4	4	2	2	3	3	2	2	1	3	3	3	0	0	2	2	3	3	4	4	3	3	3	3	4	4	2	2	1	1	2	2	2	2	3	3	3	3	1	1	0	0	2	2	3	3	3	3	2	2	1	1	2	2	2	2	1	1	2	2	4	4
M016731_MACP_3H	0	0	2	4	2	4	0	0	4	4	3	3	2	4	3	3	0	0	2	2	4	4	0	0	1	3	1	3	3	4	3	3	1	2	1	1	1	2	0	0	1	4	2	4	3	4	4	2	1	1	2	4	2	2	2	3	1	2	3	3	2	2	1	2	4	4	3	3	1	2	3	3	1	2	4	4	1	2	3	4	3	3	1	3	1	1	1	3	1	3	1	3	2	2	3	4	2	2	4	4	1	4	2	3	3	3	1	4	2	2	1	1	0	0	1	3	3	3	1	2	1	2	1	1	1	3	1	3	0	0	2	4	2	2	3	4	4	2	1	1	1	3	0	0	2	4	1	3	1	4	3	3	3	3	4	4	2	2	1	1	2	4	4	2	2	2	3	3	1	4	0	0	2	3	1	3	1	1	2	4	1	1	2	2	4	2	1	1	4	2	0	0
M018347_MACP_4H	0	0	4	4	2	4	0	0	4	4	3	4	2	4	3	3	0	0	2	2	4	4	0	0	3	3	1	3	3	4	3	3	1	2	1	1	1	2	2	2	1	4	2	4	3	4	4	2	1	1	2	4	2	2	2	3	2	2	4	4	3	3	1	2	4	4	3	3	1	2	3	3	1	2	4	4	1	2	4	4	1	3	1	3	1	4	1	3	1	3	1	3	1	2	3	4	2	2	4	4	1	4	2	2	3	3	1	4	2	2	1	3	1	2	1	3	1	3	1	2	1	2	1	2	1	3	1	3	0	0	2	4	2	2	3	4	4	2	1	1	1	3	0	0	2	4	1	3	1	4	3	3	3	3	2	4	2	2	1	1	2	4	4	2	2	3	3	3	1	4	0	0	2	3	1	3	1	3	2	4	1	1	2	2	4	2	3	3	4	2	3	3
M018355_MACP_5H	0	0	4	4	2	2	0	0	4	4	4	4	2	4	3	3	0	0	2	2	4	4	0	0	3	3	1	3	3	4	3	3	1	2	1	1	1	2	2	2	1	4	2	4	3	4	4	2	1	1	2	4	2	2	2	3	2	2	4	4	3	3	1	2	4	4	3	3	1	2	3	3	1	2	4	4	1	2	3	4	1	3	1	3	1	4	1	3	1	3	1	3	1	2	3	4	2	2	4	4	4	4	2	2	3	3	1	4	2	2	1	3	1	2	1	3	1	1	1	2	1	2	1	2	1	3	1	3	0	0	2	4	2	2	3	4	4	2	1	1	1	3	0	0	2	4	1	3	1	4	3	3	3	3	2	4	2	2	1	1	2	4	4	2	2	3	3	3	1	4	0	0	2	3	1	3	1	3	2	4	1	1	2	2	4	2	3	3	4	2	3	3
M018363_MACP_6H	0	0	2	2	2	2	2	2	3	4	4	4	2	2	3	3	0	0	2	2	4	4	0	0	1	1	1	1	3	3	3	3	1	1	1	1	1	1	0	0	1	1	4	4	4	4	2	2	1	1	2	2	2	4	3	3	2	2	3	3	2	2	1	1	4	4	3	3	1	1	3	3	2	2	4	4	1	1	3	4	3	3	3	3	1	1	3	3	3	3	3	3	2	2	3	3	2	2	4	4	4	4	2	2	3	3	1	1	2	2	1	1	1	1	3	3	1	1	2	2	2	2	1	1	1	1	3	3	0	0	4	4	2	2	3	3	2	2	3	3	3	3	0	0	2	2	3	3	4	4	3	3	3	3	4	4	2	2	1	1	2	2	2	2	2	3	3	3	1	1	0	0	2	2	3	3	3	3	2	2	1	1	2	2	2	2	1	1	2	2	3	4
