Sample_ID	OmyY1	OmyY1	R18251	R18251	R23044	R23044	R30220	R30220	R34286	R34286	R38993	R38993	SH114448	SH114448	R000200	R000200	R033859	R033859	R09768	R09768	R12730	R12730	R24463	R24463	R00586	R00586	R19198	R19198	R23330	R23330	R30355	R30355	R34385	R34385	R39365	R39365	SH121006	SH121006	R018277	R018277	R03418	R03418	R10226	R10226	R13191	R13191	R24493	R24493	R12738	R12738	R19633	R19633	R23813	R23813	R30423	R30423	R34662	R34662	R40094	R40094	SH127236	SH127236	R02551	R02551	R03924	R03924	R10530	R10530	R16543	R16543	R26255	R26255	R13730	R13730	R19731	R19731	R24068	R24068	R30589	R30589	R35324	R35324	R40152	R40152	OMS00116	OMS00116	R02676	R02676	R04143	R04143	R11238	R11238	R19868	R19868	R27050	R27050	R14225	R14225	R21285	R21285	R24273	R24273	R30678	R30678	R37205	R37205	R40252	R40252	OMS00143	OMS00143	R02783	R02783	R04203	R04203	R11353	R11353	R19948	R19948	R30551	R30551	R14383	R14383	R21330	R21330	R24370	R24370	R33010	R33010	R37229	R37229	R40319	R40319	OMS00144	OMS00144	R02785	R02785	R04760	R04760	R11790	R11790	R20353	R20353	R32124	R32124	R14511	R14511	R21561	R21561	R28680	R28680	R33411	R33411	R37560	R37560	R40342	R40342	OMS00159	OMS00159	R03042	R03042	R04944	R04944	R12528	R12528	R21023	R21023	R32692	R32692	R14589	R14589	R22570	R22570	R30015	R30015	R33562	R33562	R38346	R38346	R40580	R40580	OMS00169	OMS00169	R03306	R03306	R08985	R08985	R12611	R12611	R22488	R22488	R36639	R36639
M052964_M537_2A	0	0	4	4	2	2	1	1	4	4	3	4	4	4	1	3	3	3	2	2	2	2	0	0	1	3	3	3	4	4	3	4	2	2	4	4	2	2	2	2	4	4	2	2	3	3	4	4	1	1	2	4	2	2	2	3	2	2	3	3	3	3	2	2	4	4	3	3	2	2	3	3	1	1	2	2	2	2	4	4	3	3	1	1	1	1	1	1	1	1	1	3	1	1	4	4	2	2	4	4	4	4	2	2	3	3	4	4	2	2	3	3	2	2	1	1	1	3	1	1	1	1	1	1	3	3	1	1	0	0	2	2	2	2	4	4	4	4	1	1	1	1	1	1	4	4	1	1	1	1	1	1	1	1	2	2	2	2	4	4	4	4	4	4	2	2	3	3	4	4	0	0	3	3	1	1	1	1	4	4	1	1	0	0	4	4	3	3	0	0	3	3
M052972_M537_3A	0	0	2	4	2	4	1	1	4	4	3	4	2	4	3	3	3	3	2	2	4	2	0	0	1	3	1	3	3	4	3	3	2	2	1	4	1	2	2	2	1	4	2	4	0	0	4	2	1	1	2	2	2	2	2	3	2	2	3	3	3	2	1	2	4	4	3	3	1	2	3	3	1	2	2	4	1	1	4	4	3	3	1	3	1	1	1	3	1	3	1	3	2	2	3	4	2	2	4	4	4	4	2	2	3	3	1	4	2	2	1	3	1	2	1	3	1	3	1	2	1	2	1	1	1	3	1	3	0	0	2	2	4	2	3	4	4	2	1	1	1	3	1	3	2	4	1	3	4	4	1	3	1	3	2	4	2	2	1	4	2	4	4	2	2	3	3	3	1	4	0	0	2	3	1	3	1	3	2	4	1	1	2	2	4	2	3	3	0	0	3	3
M052980_M537_4A	0	0	4	4	2	2	1	1	4	4	3	3	4	4	1	3	3	3	2	2	2	2	0	0	1	3	3	3	4	4	3	4	2	2	4	4	2	2	2	2	4	4	2	2	3	3	4	4	1	1	4	4	2	2	2	3	2	2	3	3	3	3	2	2	4	4	3	3	2	2	0	0	1	1	2	2	2	2	4	4	3	3	1	3	1	1	1	1	1	1	1	3	1	1	4	4	2	2	4	4	4	4	2	2	3	3	4	4	2	2	3	3	2	2	1	1	1	3	1	1	1	1	1	2	3	3	1	1	0	0	2	2	2	2	4	4	4	4	1	1	1	1	1	1	4	4	1	1	1	1	1	1	1	1	2	2	2	2	4	4	4	4	4	4	2	2	3	3	4	4	0	0	3	3	1	1	1	1	4	4	1	1	2	2	4	4	3	3	0	0	3	3
M052868_M536_2A	0	0	2	4	2	2	1	1	3	4	3	3	2	4	1	3	3	3	2	2	4	4	0	0	0	0	1	3	3	3	3	3	1	2	1	1	1	2	2	2	1	4	2	4	3	4	4	2	1	1	2	2	2	2	2	3	0	0	3	3	3	2	1	2	4	4	3	3	1	2	3	3	1	2	4	4	1	2	3	3	3	3	1	3	1	1	1	3	1	3	1	3	1	2	3	4	2	2	4	4	4	4	2	2	1	3	0	0	2	2	1	3	1	2	1	3	3	3	1	2	1	2	1	2	1	3	1	3	0	0	2	2	2	2	3	4	4	2	1	1	1	3	1	3	2	4	1	3	1	4	3	3	3	3	2	4	2	2	1	4	2	4	0	0	3	3	3	3	1	4	0	0	2	3	1	3	1	3	2	4	1	1	2	2	4	2	3	3	4	2	3	3
M052876_M536_3A	0	0	4	4	2	2	1	1	4	4	3	4	4	4	3	3	3	3	2	2	2	2	0	0	0	0	3	3	4	4	4	4	2	2	1	4	2	2	2	2	4	4	2	2	3	3	4	4	1	1	4	4	2	2	2	3	2	2	3	3	3	3	2	2	4	4	3	3	2	2	3	3	1	1	4	4	2	2	4	4	1	3	1	1	1	1	1	1	1	1	1	3	1	1	4	4	2	2	2	2	4	4	2	3	3	3	4	4	4	4	3	3	2	2	1	1	1	3	1	1	1	1	1	2	3	3	1	1	0	0	2	2	2	2	4	4	4	4	1	1	1	1	1	1	4	4	1	1	1	1	1	3	1	1	2	2	2	2	1	4	4	4	4	4	2	2	3	3	4	4	0	0	3	3	1	1	1	1	4	4	1	1	1	2	4	4	3	3	0	0	3	3
M027289_M269_8F	0	0	4	4	2	2	1	1	4	4	3	3	4	4	1	1	3	3	2	2	2	2	0	0	1	3	3	3	4	4	3	3	2	2	1	1	2	2	2	2	4	4	2	2	3	3	4	4	1	1	2	2	2	2	2	2	2	2	3	3	3	3	2	2	4	4	3	3	2	2	3	3	1	1	4	4	2	2	3	4	3	3	1	1	1	1	1	1	3	3	3	3	1	1	3	3	2	2	4	4	4	4	2	2	1	3	4	4	2	2	3	3	2	2	1	1	1	3	1	1	1	1	1	2	3	3	1	1	0	0	2	2	2	2	4	4	4	4	1	1	1	1	1	1	4	4	3	3	1	1	3	3	1	1	2	2	2	2	1	1	4	4	4	4	2	2	3	3	4	4	0	0	3	3	1	1	1	1	4	4	1	1	1	2	4	4	3	3	4	4	3	3
M027297_M269_9F	0	0	4	4	2	2	1	1	4	4	3	3	4	4	1	1	3	3	2	2	2	2	0	0	1	3	3	3	4	4	3	3	2	2	1	1	2	2	2	2	4	4	2	2	3	3	4	4	1	1	2	2	2	2	2	2	2	2	3	3	3	3	2	2	4	4	3	3	2	2	3	3	1	1	4	4	2	2	4	4	3	3	1	1	1	1	1	1	3	3	3	3	1	1	3	3	2	2	4	4	4	4	2	2	1	3	4	4	2	2	3	3	2	2	1	3	1	1	1	1	1	1	2	2	3	3	1	1	0	0	2	2	2	2	4	4	4	4	1	1	1	1	1	1	4	4	3	3	1	1	1	1	1	1	2	2	2	2	4	4	4	4	4	4	2	2	3	3	4	4	0	0	3	3	1	1	1	1	4	4	1	1	1	1	4	4	3	3	4	4	3	3
M026847_M265_1D	0	0	2	4	2	4	1	1	4	4	3	3	2	4	1	1	3	3	2	2	4	2	0	0	1	1	1	3	3	4	3	3	2	2	1	1	1	2	2	2	1	4	2	4	3	4	4	2	1	1	2	4	2	2	3	3	1	2	3	3	3	3	1	2	4	4	3	3	1	2	3	3	1	2	4	4	1	2	4	4	3	3	1	3	1	1	1	3	1	3	1	3	1	2	3	4	2	2	2	4	4	4	0	0	3	3	1	4	2	2	1	1	1	2	1	3	1	1	1	2	1	1	1	1	1	3	1	3	0	0	2	4	4	2	3	4	4	2	1	1	1	3	1	3	2	4	1	3	1	4	1	3	1	3	2	4	1	1	1	4	2	4	4	2	2	2	3	3	1	4	0	0	2	3	1	3	1	1	2	4	1	3	2	2	4	2	3	3	0	0	3	3
M026855_M265_2D	0	0	2	4	2	4	1	1	3	4	3	4	2	4	1	1	3	3	2	2	4	4	0	0	1	1	1	1	3	3	3	3	2	2	1	1	1	1	2	2	1	1	4	4	4	4	4	2	1	1	2	2	2	2	3	3	1	1	3	3	3	3	1	1	4	4	3	3	1	1	3	3	1	2	4	4	1	2	4	4	3	3	3	3	1	1	3	3	3	3	3	3	2	2	3	3	2	2	4	4	4	4	2	2	3	3	1	1	2	2	1	3	1	2	3	3	3	3	2	2	1	2	1	1	1	1	1	3	0	0	4	4	4	2	3	3	2	2	1	1	3	3	3	3	2	2	3	3	4	4	3	3	3	3	4	4	2	2	1	1	2	2	2	2	2	3	3	3	1	1	0	0	2	3	3	3	1	1	2	4	3	3	2	2	2	2	0	0	2	2	0	0
M026863_M265_3D	0	0	4	4	2	4	0	0	3	4	3	3	4	4	1	1	3	3	2	2	4	2	0	0	0	0	1	3	3	4	3	3	1	2	1	1	1	2	2	2	1	4	2	4	3	4	4	4	1	1	2	2	2	2	3	3	2	2	3	3	3	3	1	2	4	4	3	3	1	2	3	3	1	1	4	4	2	2	4	4	3	3	1	3	1	1	1	3	3	3	3	3	1	2	3	4	2	2	4	4	4	4	2	2	1	3	1	4	2	2	3	3	2	2	1	3	3	3	1	2	1	1	1	1	1	3	1	1	0	0	2	4	2	2	3	4	4	2	1	1	1	3	1	1	2	4	1	3	1	4	3	3	1	3	2	2	1	1	1	1	2	4	4	2	2	2	3	3	1	4	0	0	3	3	1	3	1	1	4	4	1	3	1	1	4	2	3	3	2	2	3	3
M052957_M537_1B	0	0	4	4	2	2	1	1	4	4	3	3	4	4	1	1	3	3	2	2	2	2	0	0	3	3	3	3	4	4	3	3	2	2	4	4	2	2	2	2	4	4	2	2	3	3	4	4	1	1	2	4	2	2	2	2	2	2	3	3	3	3	2	2	4	4	3	3	2	2	3	3	1	1	2	2	2	2	4	4	3	3	1	1	1	1	1	1	1	1	1	1	1	1	4	4	2	2	4	4	4	4	2	2	3	3	4	4	2	2	3	3	2	2	1	1	1	1	1	1	1	1	1	1	3	3	1	1	0	0	2	2	2	2	4	4	4	4	1	1	1	1	1	1	4	4	1	1	1	1	1	1	1	1	2	2	2	2	4	4	4	4	4	4	2	2	3	3	4	4	0	0	3	3	1	1	1	1	4	4	1	1	0	0	4	4	3	3	0	0	3	3
M052965_M537_2B	0	0	4	4	2	2	1	1	4	4	3	3	4	4	1	1	3	3	2	2	2	2	0	0	3	3	3	3	4	4	4	4	2	2	1	4	2	2	2	2	4	4	2	2	3	3	4	4	1	1	4	4	2	2	2	3	2	2	3	3	3	3	2	2	4	4	3	3	2	2	1	1	1	1	2	4	2	2	4	4	3	3	1	3	1	1	1	1	1	1	1	1	1	1	4	4	2	2	2	4	4	4	2	2	3	3	4	4	2	2	3	3	2	2	1	1	1	1	1	1	1	1	1	2	3	3	1	1	0	0	2	2	2	2	4	4	4	4	1	1	1	1	1	1	4	4	1	1	1	1	1	1	1	1	2	2	2	2	4	4	4	4	4	4	2	2	3	3	4	4	0	0	3	3	1	1	1	1	4	4	1	1	2	2	4	4	3	3	0	0	3	3
M052973_M537_3B	0	0	2	4	2	4	1	1	4	4	3	4	2	4	3	3	3	3	2	2	4	2	0	0	1	3	1	3	3	4	3	4	2	2	1	4	1	2	2	2	1	4	2	4	3	4	4	2	1	1	2	4	2	2	3	3	2	2	3	3	3	2	1	2	4	4	3	3	1	2	3	3	1	2	2	4	1	1	4	4	3	3	1	3	1	1	1	3	1	3	3	3	1	2	3	4	2	2	4	4	4	4	2	2	3	3	1	4	2	2	1	1	1	2	1	3	1	3	1	2	1	2	1	1	1	3	1	3	0	0	2	2	4	2	3	4	4	2	1	1	1	3	1	3	2	4	1	3	1	4	1	3	1	3	2	4	2	2	1	4	2	4	4	2	2	3	3	3	1	4	0	0	2	3	1	3	1	3	2	4	1	1	2	2	4	2	3	3	0	0	3	3
M052981_M537_4B	0	0	4	4	2	2	1	1	4	4	3	3	4	4	1	1	3	3	2	2	2	2	0	0	1	3	3	3	4	4	3	4	2	2	4	4	2	2	2	2	4	4	2	2	3	3	4	4	1	1	2	4	2	2	2	2	2	2	3	3	3	3	2	2	4	4	3	3	2	2	0	0	1	1	2	2	2	2	4	4	3	3	1	1	1	1	1	1	1	1	1	1	1	1	4	4	2	2	2	4	4	4	2	2	3	3	4	4	2	2	3	3	2	2	1	1	1	3	1	1	1	1	1	1	3	3	1	1	0	0	2	2	2	2	4	4	4	4	1	1	1	1	1	1	4	4	1	1	1	1	1	1	1	1	2	2	2	2	4	4	4	4	4	4	2	2	3	3	4	4	0	0	3	3	1	1	1	1	4	4	1	1	0	0	4	4	3	3	0	0	3	3
M052869_M536_2B	0	0	4	4	2	2	1	1	4	4	3	4	4	4	3	3	3	3	2	2	2	2	0	0	1	3	3	3	4	4	4	4	2	2	1	1	2	2	0	0	4	4	2	2	3	3	4	4	1	1	4	4	2	2	3	3	2	2	3	3	3	3	2	2	4	4	3	3	2	2	3	3	1	1	2	4	2	2	4	4	1	3	1	1	1	1	1	1	1	1	3	3	1	1	4	4	2	2	2	2	4	4	2	2	3	3	4	4	4	2	3	3	2	2	1	1	1	3	1	1	1	1	1	1	3	3	1	1	0	0	2	2	2	2	4	4	4	4	1	1	1	1	1	1	4	4	1	1	1	1	1	3	1	1	2	2	2	2	1	4	4	4	4	4	2	2	3	3	4	4	0	0	3	3	1	1	1	1	4	4	1	1	2	2	4	4	3	3	0	0	3	3
M052877_M536_3B	0	0	4	4	2	2	1	1	4	4	3	3	4	4	1	3	3	3	2	2	2	2	0	0	3	3	3	3	3	4	3	3	2	2	1	1	2	2	2	2	4	4	2	2	3	3	4	4	1	1	2	4	2	2	2	2	2	2	3	3	3	3	2	2	4	4	3	3	2	2	3	3	1	1	4	4	2	2	3	4	1	3	1	3	1	1	1	1	1	1	1	3	1	1	4	4	2	2	4	4	1	4	2	3	1	1	4	4	4	2	3	3	2	2	1	1	1	3	1	1	1	1	1	2	3	3	1	1	0	0	2	2	2	2	4	4	4	4	1	1	1	1	1	1	4	4	1	1	1	1	3	3	1	1	2	2	2	2	4	4	4	4	4	4	2	2	3	3	4	4	0	0	3	3	1	1	1	1	4	4	1	1	1	1	4	4	3	3	4	4	3	3
M052885_M536_4B	0	0	4	4	2	2	1	1	4	4	3	4	4	4	1	1	3	3	2	2	2	2	0	0	1	3	3	3	4	4	4	4	2	2	1	4	2	2	4	2	4	4	2	2	3	3	4	4	1	1	4	4	2	2	2	3	2	2	3	3	3	3	2	2	4	4	3	3	2	2	3	3	1	1	4	4	2	2	4	4	1	3	1	1	1	1	1	1	1	1	1	3	1	1	4	4	2	2	2	2	4	4	2	3	3	3	4	4	4	2	3	3	2	2	1	1	1	3	1	1	1	1	1	2	3	3	1	1	0	0	2	2	2	2	4	4	4	4	1	1	1	1	1	1	4	4	1	1	1	1	1	3	1	1	2	2	2	2	1	4	4	4	4	4	2	2	3	3	4	4	0	0	3	3	1	1	1	1	4	4	1	1	1	2	4	4	3	3	0	0	3	3
M027290_M269_8G	0	0	4	4	2	2	1	1	4	4	3	3	4	4	1	1	3	3	2	2	2	2	0	0	1	3	3	3	4	4	3	3	2	2	1	1	2	2	2	2	4	4	2	2	3	3	4	4	1	1	2	4	2	2	2	3	2	2	3	3	3	3	2	2	4	4	3	3	2	2	3	3	1	1	4	4	2	2	4	4	3	3	1	1	1	1	1	1	3	3	3	3	1	1	3	4	2	2	4	4	4	4	2	2	1	3	4	4	2	2	3	3	2	2	1	1	1	1	1	1	1	1	2	2	3	3	1	1	0	0	2	2	2	2	4	4	4	4	1	1	1	1	1	1	4	4	1	3	1	1	1	3	1	1	2	2	2	2	1	4	4	4	4	4	2	2	3	3	4	4	0	0	3	3	1	1	1	1	4	4	1	1	1	2	4	4	3	3	0	0	3	3
M027298_M269_9G	0	0	4	4	2	2	1	1	4	4	3	3	4	4	1	1	3	3	2	2	2	2	0	0	1	3	3	3	4	4	3	3	2	2	1	1	2	2	2	2	4	4	2	2	3	3	4	4	1	1	2	2	2	2	3	3	2	2	3	3	3	3	2	2	4	4	3	3	2	2	3	3	1	1	4	4	2	2	4	4	3	3	1	1	1	1	1	1	3	3	3	3	1	1	3	3	2	2	4	4	4	4	2	2	3	3	4	4	2	2	3	3	2	2	1	3	1	1	1	1	1	1	2	2	3	3	1	1	0	0	2	2	2	2	4	4	4	4	1	1	1	1	1	1	4	4	3	3	1	1	3	3	1	1	2	2	2	2	1	1	4	4	4	4	2	2	3	3	4	4	0	0	3	3	1	1	1	1	4	4	1	1	1	1	4	4	3	3	0	0	3	3
M026848_M265_1E	0	0	4	4	2	2	1	1	4	4	3	3	4	4	1	1	3	3	2	2	2	2	0	0	3	3	3	3	4	4	3	3	2	2	1	4	2	2	2	2	4	4	2	2	3	3	4	4	1	1	2	2	2	2	3	3	2	2	3	3	3	3	2	2	4	4	3	3	2	2	3	3	1	1	2	4	2	2	4	4	1	1	1	3	1	1	1	1	1	1	3	3	1	1	3	4	2	2	2	2	4	4	2	2	3	3	4	4	2	2	3	3	2	2	1	3	3	3	1	1	1	1	1	2	3	3	1	1	0	0	2	2	2	2	4	4	4	4	1	1	1	1	1	1	4	4	1	1	1	1	1	1	1	1	2	2	2	2	1	4	4	4	4	4	2	2	3	3	4	4	0	0	3	3	1	1	1	1	4	4	1	1	1	1	4	4	3	3	4	4	3	3
M026856_M265_2E	0	0	2	4	2	4	1	1	3	4	3	4	2	4	1	3	0	0	2	2	4	4	0	0	3	3	1	1	3	3	3	3	2	2	1	1	1	2	2	2	1	1	4	4	4	4	4	2	1	1	2	2	2	2	3	3	0	0	3	3	3	2	1	1	4	4	3	3	1	1	3	3	1	2	4	4	1	2	4	4	3	3	3	3	1	1	3	3	3	3	3	3	2	2	3	3	2	2	4	4	4	4	2	2	3	3	1	1	2	2	1	3	1	2	3	3	3	3	2	2	1	2	1	1	1	1	1	3	0	0	4	4	4	2	3	3	2	2	1	1	3	3	3	3	2	2	3	3	4	4	3	3	3	3	4	4	1	2	1	1	2	2	2	2	2	3	3	3	1	1	0	0	2	3	3	3	1	1	2	4	1	3	2	2	2	2	0	0	2	2	0	0
M026864_M265_3E	0	0	4	4	2	2	1	1	4	4	3	3	2	4	1	1	3	3	2	2	4	2	0	0	1	3	1	3	3	4	3	3	1	2	1	1	1	2	2	2	1	4	2	4	3	4	4	2	1	1	2	2	2	2	3	3	2	2	3	3	3	3	1	2	4	4	3	3	1	2	3	3	1	2	4	4	1	2	4	4	3	3	1	3	1	1	1	3	3	3	3	3	1	2	3	4	2	4	4	4	4	4	2	2	1	3	1	4	2	2	1	3	1	2	1	3	1	1	1	2	1	2	1	1	1	3	1	3	0	0	2	4	4	2	3	4	4	2	1	1	1	3	1	1	2	4	1	3	1	4	3	3	1	3	2	4	1	2	1	1	2	4	4	2	2	3	3	3	1	4	0	0	2	3	1	3	1	1	2	4	1	1	1	1	4	2	3	3	2	2	3	3
M052958_M537_1C	0	0	4	4	2	2	1	1	4	4	3	3	4	4	1	3	3	3	2	2	2	2	0	0	3	3	3	3	4	4	3	3	2	2	4	4	2	2	2	2	4	4	2	2	3	3	4	4	1	1	2	4	2	2	2	2	2	2	3	3	3	3	2	2	4	4	3	3	2	2	3	3	1	1	2	2	2	2	4	4	3	3	1	1	1	1	1	1	1	1	1	1	1	1	4	4	2	2	4	4	4	4	2	2	3	3	4	4	2	2	3	3	2	2	1	1	1	1	1	1	1	1	1	1	3	3	1	1	0	0	2	2	2	2	4	4	4	4	1	1	1	1	1	1	4	4	1	1	1	1	1	1	1	1	2	2	2	2	4	4	4	4	4	4	2	2	3	3	4	4	0	0	3	3	1	1	1	1	4	4	1	1	0	0	4	4	3	3	4	4	3	3
M052966_M537_2C	0	0	4	4	2	2	1	1	4	4	3	3	4	4	3	3	3	3	2	2	2	2	0	0	3	3	3	3	4	4	3	4	2	2	1	1	2	2	2	2	4	4	2	2	3	3	4	4	1	1	4	4	2	2	2	2	2	2	3	3	3	3	2	2	4	4	3	3	2	2	1	3	1	1	2	4	2	2	4	4	3	3	1	1	1	1	1	1	1	1	1	3	1	1	4	4	2	2	2	4	4	4	2	2	3	3	4	4	2	2	3	3	2	2	1	1	1	1	1	1	1	1	1	1	3	3	1	1	0	0	2	2	2	2	4	4	4	4	1	1	1	1	1	1	4	4	1	1	1	1	1	1	1	1	2	2	2	2	4	4	4	4	4	4	2	2	3	3	4	4	0	0	3	3	1	1	1	1	4	4	1	1	2	2	4	4	3	3	0	0	3	3
M052974_M537_3C	0	0	2	4	2	2	1	1	3	4	3	3	2	4	1	3	3	3	2	2	4	2	0	0	1	1	1	3	3	4	3	3	1	2	1	1	1	2	2	2	1	4	2	4	3	4	4	2	1	1	2	4	2	2	3	3	1	2	3	3	3	3	1	2	4	4	3	3	1	2	1	1	1	2	4	4	1	2	3	4	3	3	1	3	1	4	1	3	1	3	1	3	2	2	3	4	2	4	2	4	4	4	2	3	3	3	1	4	2	2	3	3	1	2	1	3	1	3	0	0	1	1	1	1	1	3	1	3	0	0	2	4	4	2	3	4	4	2	1	1	1	3	1	3	2	4	1	3	1	4	3	3	3	3	4	4	2	2	1	4	2	4	4	2	2	2	3	3	1	4	0	0	2	3	1	3	1	1	2	4	1	3	2	2	4	2	3	3	0	0	3	3
M052982_M537_4C	0	0	2	4	2	4	1	1	4	4	3	4	2	4	3	3	3	3	2	2	4	2	0	0	1	3	1	3	3	4	3	3	2	2	1	4	1	2	2	2	1	4	2	4	0	0	4	2	1	1	2	2	2	2	2	3	2	2	3	3	3	2	1	2	4	4	3	3	1	2	3	3	1	2	2	4	1	1	4	4	3	3	1	3	1	1	1	3	1	3	1	3	2	2	3	4	2	2	4	4	4	4	2	2	3	3	1	4	2	2	1	3	1	2	1	3	1	3	1	2	1	2	1	1	1	3	1	3	0	0	2	2	4	2	3	4	4	2	1	1	1	3	1	3	2	4	1	3	4	4	1	3	1	3	2	4	2	2	1	4	2	4	4	2	2	3	3	3	1	4	0	0	2	3	1	3	1	3	2	4	1	1	2	2	4	2	3	3	0	0	3	3
M052870_M536_2C	0	0	4	4	2	2	1	1	4	4	3	3	4	4	1	3	3	3	2	2	2	2	0	0	3	3	3	3	3	4	3	3	2	2	1	1	2	2	2	2	4	4	2	2	3	3	4	4	1	1	2	4	2	2	2	2	2	2	3	3	3	3	2	2	4	4	3	3	2	2	3	3	1	1	4	4	2	2	3	4	1	3	1	3	1	1	1	1	1	1	1	3	1	1	4	4	2	2	4	4	1	4	2	3	1	1	4	4	2	2	3	3	2	2	1	1	1	3	1	1	1	1	1	2	3	3	1	1	0	0	2	2	2	2	4	4	4	4	1	1	1	1	1	1	4	4	1	1	1	1	3	3	1	1	2	2	2	2	4	4	4	4	4	4	2	2	3	3	4	4	0	0	3	3	1	1	1	1	4	4	1	1	2	2	4	4	3	3	0	0	3	3
M052878_M536_3C	0	0	2	4	2	4	1	2	3	4	3	3	2	4	1	3	3	3	2	2	4	4	0	0	3	3	1	3	3	4	3	3	1	2	1	1	1	2	2	2	1	4	2	4	3	4	4	4	1	1	2	4	2	2	3	3	1	2	3	3	3	3	1	2	4	4	3	3	1	2	3	3	1	1	4	4	2	2	3	4	1	3	1	3	1	1	1	3	1	3	1	3	1	2	3	4	2	4	4	4	1	4	2	2	3	3	1	4	4	4	1	3	2	2	1	3	1	3	1	2	1	2	1	2	1	3	1	1	0	0	2	4	2	2	3	4	4	2	1	1	1	3	1	3	2	4	1	3	1	4	1	3	3	3	2	2	2	2	1	1	2	4	4	2	3	3	3	3	1	4	0	0	3	3	1	3	1	1	4	4	1	1	0	0	4	2	0	0	0	0	3	4
M052886_M536_4C	0	0	2	4	2	2	1	1	3	4	3	4	2	4	1	3	3	3	2	2	4	2	0	0	1	1	1	3	3	4	3	3	1	2	1	1	1	2	2	2	1	4	2	4	3	4	4	2	1	1	2	2	2	2	2	3	1	2	3	3	3	2	1	2	4	4	3	3	1	2	3	3	1	2	2	4	1	2	3	3	3	3	1	3	1	1	1	3	1	3	1	3	1	2	3	4	2	2	4	4	1	4	2	3	3	3	0	0	4	2	1	3	1	2	1	3	1	3	1	2	1	2	1	1	1	3	1	3	0	0	2	4	2	2	3	4	4	2	1	1	1	3	1	3	2	4	1	3	1	4	3	3	1	3	2	4	2	2	1	4	2	4	4	2	3	3	3	3	1	4	0	0	2	3	1	3	1	1	2	4	1	3	1	2	4	2	3	3	0	0	0	0
M027291_M269_8H	0	0	4	4	2	2	1	1	4	4	3	3	4	4	1	1	3	3	2	2	2	2	0	0	1	3	3	3	4	4	3	3	2	2	1	1	2	2	2	2	4	4	2	2	3	3	4	4	1	1	2	2	2	2	2	3	2	2	3	3	3	3	2	2	4	4	3	3	2	2	3	3	1	1	4	4	2	2	4	4	3	3	1	1	1	1	1	1	1	3	3	3	1	1	3	3	2	2	4	4	4	4	2	3	1	3	4	4	2	2	3	3	2	2	1	1	1	1	1	1	1	1	2	2	3	3	1	1	0	0	2	2	2	2	4	4	4	4	1	1	1	1	1	1	4	4	3	3	1	1	3	3	1	1	2	2	2	2	1	1	4	4	4	4	2	2	3	3	4	4	0	0	3	3	1	1	1	1	4	4	1	1	1	2	4	4	3	3	0	0	3	3
M027299_M269_9H	0	0	4	4	2	2	1	1	4	4	3	3	4	4	1	1	3	3	2	2	2	2	0	0	1	3	3	3	4	4	3	3	2	2	1	1	2	2	2	2	4	4	2	2	3	3	4	4	1	1	2	2	2	2	3	3	2	2	3	3	3	3	2	2	4	4	3	3	2	2	3	3	1	1	4	4	2	2	4	4	1	1	1	1	1	1	1	1	3	3	3	3	1	1	3	3	2	2	4	4	0	0	2	2	1	3	4	4	2	2	3	3	2	2	1	1	1	1	1	1	1	1	2	2	3	3	1	1	0	0	2	2	2	2	4	4	4	4	1	1	1	1	1	1	4	4	3	3	1	1	3	3	1	1	2	2	2	2	1	1	4	4	4	4	2	2	3	3	4	4	0	0	3	3	1	1	1	1	4	4	1	1	1	1	4	4	3	3	4	4	3	3
M026849_M265_1F	0	0	2	4	2	4	0	0	3	4	3	3	4	4	1	1	3	3	2	2	4	2	0	0	1	1	1	3	3	4	3	3	1	2	1	1	1	2	2	2	1	4	2	4	3	4	4	4	1	1	2	2	2	2	3	3	1	1	3	3	2	2	1	2	4	4	3	3	1	2	3	3	1	1	4	4	2	2	4	4	3	3	1	3	1	1	1	3	3	3	3	3	1	2	3	4	2	4	4	4	4	4	2	2	3	3	1	4	2	2	3	3	2	2	1	3	3	3	1	2	1	1	1	2	1	3	1	1	0	0	2	2	2	2	3	4	4	2	1	1	1	3	1	1	2	4	1	3	1	4	3	3	1	3	2	2	1	2	1	1	2	4	4	2	2	2	3	3	1	4	0	0	3	3	1	3	1	1	4	4	1	3	1	2	4	2	3	3	0	0	3	3
M026857_M265_2F	0	0	4	4	2	4	1	1	3	4	3	3	4	4	1	1	3	3	2	2	4	2	0	0	1	1	1	3	3	4	3	3	1	2	1	1	1	2	2	2	1	4	2	4	3	4	4	4	1	1	2	2	2	2	3	3	0	0	3	3	3	3	1	2	4	4	3	3	1	2	3	3	1	1	4	4	2	2	4	4	3	3	1	3	1	1	1	3	3	3	3	3	1	2	3	4	2	4	4	4	1	4	0	0	1	3	1	4	2	2	3	3	2	2	1	3	1	3	1	2	1	2	1	1	1	3	1	1	0	0	2	4	2	2	3	4	4	2	1	1	1	3	1	1	2	4	1	3	1	4	1	3	3	3	2	2	1	2	1	1	2	4	4	2	2	2	3	3	1	4	0	0	3	3	1	3	1	1	4	4	1	3	1	1	4	2	3	3	0	0	3	3
M026865_M265_3F	0	0	4	4	4	4	2	2	3	3	3	3	4	4	1	1	3	3	2	2	4	4	0	0	1	1	1	1	3	3	3	3	1	2	1	1	1	2	2	2	1	1	4	4	4	4	4	2	1	1	2	2	2	2	3	3	1	2	3	3	3	3	1	1	4	4	3	3	1	1	3	3	1	2	4	4	1	2	4	4	3	3	3	3	1	1	3	3	3	3	3	3	2	2	3	3	2	4	4	4	4	4	2	2	3	3	1	1	2	2	3	3	1	2	3	3	1	1	2	2	1	1	1	1	1	1	1	3	0	0	4	4	2	2	3	3	2	2	1	1	3	3	3	3	2	2	3	3	4	4	3	3	3	3	4	4	1	1	1	1	2	2	2	2	2	2	3	3	1	1	0	0	2	3	3	3	1	1	2	4	3	3	2	2	2	2	0	0	2	2	3	3
M052959_M537_1D	0	0	4	4	2	2	1	1	4	4	3	3	4	4	1	1	3	3	2	2	2	2	0	0	1	3	3	3	4	4	3	4	2	2	4	4	2	2	2	2	4	4	2	2	3	3	4	4	1	1	2	4	2	2	2	2	2	2	3	3	3	3	2	2	4	4	3	3	2	2	0	0	1	1	2	2	2	2	4	4	3	3	1	1	1	1	1	1	1	1	1	1	1	1	4	4	2	2	4	4	4	4	2	2	3	3	4	4	2	2	3	3	2	2	1	1	1	1	1	1	1	1	1	1	3	3	1	1	0	0	2	2	2	2	4	4	4	4	1	1	1	1	1	1	4	4	1	1	1	1	1	1	1	1	2	2	2	2	4	4	4	4	4	4	2	2	3	3	4	4	0	0	3	3	1	1	1	1	4	4	1	1	0	0	4	4	3	3	0	0	3	3
M052967_M537_2D	0	0	4	4	2	2	1	1	0	0	3	3	4	4	1	3	3	3	2	2	2	2	0	0	3	3	3	3	4	4	3	3	2	2	1	4	2	2	2	2	4	4	2	2	3	3	4	4	0	0	2	4	2	2	2	2	2	2	3	3	3	3	2	2	4	4	3	3	2	2	1	1	1	1	2	4	2	2	4	4	3	3	1	1	1	1	1	1	1	1	1	3	1	1	4	4	2	2	2	4	4	4	2	2	3	3	4	4	2	2	3	3	2	2	1	1	1	1	1	1	1	1	1	1	3	3	1	1	0	0	2	2	2	2	4	4	4	4	1	1	1	1	1	1	4	4	1	1	1	1	1	1	1	1	2	2	2	2	4	4	4	4	4	4	2	2	3	3	4	4	0	0	3	3	1	1	1	1	4	4	1	1	2	2	4	4	3	3	0	0	3	3
M052975_M537_3D	0	0	4	4	2	2	1	1	4	4	3	4	4	4	3	3	3	3	2	2	2	2	0	0	1	3	3	3	4	4	3	4	2	2	1	4	2	2	2	2	4	4	2	2	3	3	4	4	1	1	2	4	2	2	2	3	2	2	3	3	3	3	2	2	4	4	3	3	2	2	3	3	1	1	2	4	2	2	4	4	3	3	1	3	1	1	1	1	1	1	1	1	1	1	4	4	2	2	4	4	4	4	2	2	3	3	4	4	2	2	3	3	2	2	1	1	1	1	1	1	1	1	1	2	3	3	1	1	0	0	2	2	2	2	4	4	4	4	1	1	1	1	1	1	4	4	1	1	0	0	1	1	1	1	2	2	2	2	4	4	4	4	4	4	2	2	3	3	4	4	0	0	3	3	1	1	1	1	4	4	1	1	2	2	4	4	3	3	0	0	3	3
M052863_M536_1D	0	0	2	4	2	2	1	1	4	4	3	3	2	4	3	3	3	3	2	2	4	2	0	0	1	1	1	3	3	4	3	4	1	2	1	1	1	2	2	2	1	4	2	4	3	4	4	2	1	1	2	2	2	2	3	3	1	2	3	3	3	2	1	2	4	4	3	3	1	2	3	3	1	2	4	4	1	1	4	4	1	3	3	3	1	1	1	3	1	3	1	3	1	2	3	4	2	4	2	4	4	4	2	2	3	3	1	4	2	2	1	3	1	2	1	3	3	3	1	2	1	2	1	1	1	3	1	3	0	0	2	2	2	2	3	4	4	2	1	3	1	3	1	3	2	4	1	3	1	4	1	3	1	3	2	4	2	2	1	1	2	4	4	2	3	3	3	3	1	4	0	0	2	3	1	3	1	1	2	4	1	1	2	2	4	2	3	3	0	0	3	3
M052871_M536_2D	0	0	4	4	2	2	1	1	4	4	3	3	4	4	3	3	3	3	2	2	2	2	0	0	3	3	3	3	4	4	3	3	2	2	1	1	2	2	2	2	4	4	2	2	3	3	4	4	1	1	4	4	2	2	2	3	2	2	3	3	3	3	2	2	4	4	3	3	2	2	3	3	1	1	4	4	2	2	4	4	1	1	1	1	1	1	1	1	1	1	3	3	1	1	4	4	2	2	2	4	4	4	3	3	1	3	4	4	2	2	3	3	2	2	1	1	1	3	1	1	1	1	1	2	3	3	1	1	0	0	2	2	2	2	4	4	4	4	1	1	1	1	1	1	4	4	1	1	1	1	3	3	1	1	2	2	2	2	1	4	4	4	4	4	2	2	3	3	4	4	0	0	3	3	1	1	1	1	4	4	1	1	2	2	4	4	3	3	0	0	3	3
M052879_M536_3D	0	0	2	4	2	2	1	1	3	4	3	4	2	4	3	3	3	3	2	2	4	2	0	0	0	0	1	3	3	4	3	3	1	2	1	1	1	2	2	2	1	4	2	4	3	4	4	2	1	1	2	4	2	2	2	3	1	2	3	3	3	2	1	2	4	4	3	3	1	2	3	3	1	2	4	4	1	2	3	4	1	3	3	3	1	1	1	3	1	3	3	3	1	2	3	4	2	4	4	4	1	1	2	3	1	3	1	4	4	2	1	1	1	2	1	3	1	3	1	2	1	2	1	1	1	3	1	3	0	0	2	2	2	2	3	4	4	2	1	1	1	3	1	3	2	4	1	3	1	4	3	3	1	3	2	4	2	2	1	4	2	4	4	2	3	3	3	3	1	4	0	0	2	3	1	3	1	1	2	4	1	1	2	2	4	2	3	3	0	0	3	3
M052887_M536_4D	0	0	4	4	2	2	1	1	4	4	3	4	4	4	3	3	3	3	2	2	2	2	0	0	0	0	3	3	4	4	3	4	2	2	1	4	2	2	0	0	4	4	2	2	3	3	4	4	1	1	4	4	2	2	2	3	2	2	3	3	3	3	2	2	4	4	3	3	2	2	3	3	1	1	4	4	2	2	4	4	1	3	1	1	1	1	1	1	1	1	3	3	1	1	4	4	2	2	2	2	1	4	2	3	3	3	4	4	4	2	3	3	2	2	1	1	1	3	1	1	1	1	2	2	3	3	1	1	0	0	2	2	2	2	4	4	4	4	1	1	1	1	1	1	4	4	1	1	1	1	1	1	1	1	2	2	2	2	4	4	4	4	4	4	2	2	3	3	4	4	0	0	3	3	1	1	1	1	4	4	1	1	1	2	4	4	3	3	0	0	3	3
M027292_M269_9A	0	0	4	4	2	2	1	1	4	4	3	3	4	4	1	1	3	3	2	2	2	2	0	0	1	3	3	3	4	4	3	3	2	2	1	1	2	2	2	2	4	4	2	2	3	3	4	4	1	1	2	4	2	2	3	3	2	2	3	3	3	3	2	2	4	4	3	3	2	2	3	3	1	1	4	4	2	2	4	4	1	1	1	1	1	1	1	1	3	3	3	3	1	1	3	4	2	2	4	4	4	4	2	2	1	1	4	4	2	2	3	3	2	2	1	1	1	1	1	1	1	1	1	2	3	3	1	1	0	0	2	2	2	2	4	4	4	4	1	1	1	1	1	1	4	4	1	3	1	1	3	3	1	1	2	2	2	2	1	1	4	4	4	4	2	2	3	3	4	4	0	0	3	3	1	1	1	1	4	4	1	1	1	2	4	4	3	3	4	4	3	3
M027300_M269_10A	0	0	4	4	2	2	1	1	4	4	3	3	4	4	1	1	3	3	2	2	2	2	0	0	1	3	3	3	4	4	3	3	2	2	1	1	2	2	2	2	4	4	2	2	3	3	4	4	1	1	2	2	2	2	2	3	2	2	3	3	3	3	2	2	4	4	3	3	2	2	3	3	1	1	4	4	2	2	3	4	3	3	1	1	1	1	1	1	3	3	3	3	1	1	4	4	2	2	4	4	4	4	2	2	1	1	4	4	2	2	3	3	2	2	1	1	1	1	1	1	1	1	2	2	3	3	1	1	0	0	2	2	2	2	4	4	4	4	1	1	1	1	1	1	4	4	1	1	1	1	3	3	1	1	2	2	2	2	1	1	4	4	4	4	2	2	3	3	4	4	0	0	3	3	1	1	1	1	4	4	1	1	1	1	4	4	3	3	4	4	3	3
M026850_M265_1G	0	0	4	4	2	2	1	1	3	4	3	3	4	4	1	1	3	3	2	2	4	2	0	0	1	3	1	3	3	4	3	3	1	2	1	1	2	2	2	2	1	4	2	4	3	4	4	4	1	2	2	4	2	2	3	3	2	2	3	3	3	3	1	2	4	4	3	3	1	2	3	3	1	1	4	4	2	2	4	4	3	3	1	3	1	1	1	3	3	3	3	3	1	2	3	4	2	4	4	4	4	4	2	2	1	3	1	4	2	2	3	3	2	2	1	3	1	3	1	2	1	1	1	1	1	3	1	1	0	0	2	4	2	2	3	4	4	2	1	1	1	3	1	1	2	4	1	3	1	4	3	3	1	3	2	2	1	2	1	1	2	4	4	2	2	3	3	3	1	4	0	0	3	3	1	3	1	1	4	4	1	1	1	1	4	2	3	3	2	2	3	3
M026858_M265_2G	0	0	4	4	2	2	1	1	4	4	3	3	4	4	1	1	3	3	2	2	2	2	0	0	1	3	3	3	4	4	3	4	2	2	1	1	2	2	2	2	4	4	2	2	3	3	4	4	1	1	2	4	2	2	2	3	2	2	3	3	3	3	2	2	4	4	3	3	2	2	3	3	1	1	4	4	2	2	4	4	3	3	1	1	1	1	1	1	1	1	1	3	1	1	4	4	2	2	2	4	4	4	2	2	3	3	4	4	2	2	3	3	2	2	1	1	1	1	1	1	1	1	1	2	3	3	1	1	0	0	2	2	2	2	4	4	4	4	1	1	1	1	1	1	4	4	1	3	1	1	1	3	1	1	2	2	1	2	1	4	4	4	4	4	2	2	3	3	4	4	0	0	3	3	1	1	1	1	4	4	1	1	1	2	4	4	3	3	4	4	3	3
M026866_M265_3G	0	0	4	4	2	2	1	1	3	4	3	3	4	4	1	1	3	3	2	2	4	2	0	0	1	3	1	3	3	4	3	4	1	2	1	1	2	2	2	2	1	4	2	4	3	4	4	4	1	1	2	4	2	2	2	3	2	2	3	3	3	3	1	2	4	4	3	3	1	2	3	3	1	1	4	4	2	2	4	4	3	3	3	3	1	1	1	3	1	3	3	3	1	2	3	4	2	4	2	4	4	4	0	0	3	3	1	4	2	2	3	3	2	2	1	3	3	3	1	2	1	1	1	1	1	3	1	1	0	0	2	4	2	2	3	4	4	2	1	1	1	3	1	1	2	4	1	3	1	4	1	3	1	3	2	2	2	2	1	4	2	4	4	2	2	3	3	3	1	4	0	0	3	3	1	3	1	1	4	4	1	1	1	2	4	2	3	3	4	2	3	3
M052960_M537_1E	0	0	4	4	2	2	1	1	4	4	3	4	4	4	1	3	3	3	2	2	2	2	0	0	3	3	3	3	4	4	4	4	2	2	1	4	2	2	0	0	4	4	2	2	3	3	4	4	1	1	4	4	2	2	2	3	2	2	3	3	3	3	2	2	4	4	3	3	2	2	1	1	1	1	2	4	2	2	4	4	3	3	1	3	1	1	1	1	1	1	1	3	1	1	4	4	2	2	2	4	4	4	2	2	3	3	4	4	2	2	3	3	2	2	1	1	1	1	1	1	1	1	2	2	3	3	1	1	0	0	2	2	2	2	4	4	4	4	1	1	1	1	1	1	4	4	1	1	1	1	1	1	1	1	2	2	2	2	4	4	4	4	4	4	2	2	3	3	4	4	0	0	3	3	1	1	1	1	4	4	1	1	2	2	4	4	3	3	0	0	3	3
M052968_M537_2E	0	0	4	4	2	2	1	1	4	4	3	3	4	4	1	1	3	3	2	2	2	2	0	0	3	3	3	3	4	4	3	3	2	2	4	4	2	2	2	2	4	4	2	2	3	3	4	4	1	1	2	4	2	2	2	2	2	2	3	3	3	3	2	2	4	4	3	3	2	2	0	0	1	1	2	2	2	2	4	4	3	3	1	1	1	1	1	1	1	1	1	1	1	1	4	4	2	2	4	4	4	4	2	2	3	3	4	4	2	2	3	3	2	2	1	1	1	1	1	1	1	1	1	1	3	3	1	1	0	0	2	2	2	2	4	4	4	4	1	1	1	1	1	1	4	4	1	1	1	1	1	1	1	1	2	2	2	2	4	4	4	4	4	4	2	2	3	3	4	4	0	0	3	3	1	1	1	1	4	4	1	1	0	0	4	4	3	3	0	0	3	3
M052976_M537_3E	0	0	4	4	2	2	1	1	4	4	3	3	4	4	1	3	3	3	2	2	2	2	0	0	3	3	3	3	4	4	3	3	2	2	1	4	2	2	2	2	4	4	2	2	3	3	4	4	1	1	4	4	2	2	2	3	2	2	3	3	3	3	2	2	4	4	3	3	2	2	0	0	1	1	2	4	2	2	3	3	3	3	1	3	1	4	1	1	1	1	1	3	1	1	4	4	2	2	4	4	4	4	2	3	3	3	4	4	2	2	3	3	2	2	1	1	1	1	1	1	1	1	1	2	3	3	1	1	0	0	2	2	2	2	4	4	4	4	1	1	1	1	1	1	4	4	1	1	1	1	1	3	1	1	2	2	2	2	4	4	4	4	4	4	2	2	3	3	4	4	0	0	3	3	1	1	1	1	4	4	1	1	2	2	4	4	3	3	0	0	3	3
M052864_M536_1E	0	0	2	4	2	2	1	1	3	4	3	4	2	4	1	1	3	3	2	2	4	4	0	0	1	1	1	3	3	3	3	3	1	2	1	1	1	2	2	2	1	4	2	4	3	4	4	2	1	1	2	2	2	2	2	3	1	2	3	3	3	2	1	2	4	4	3	3	1	2	3	3	1	2	4	4	1	2	3	3	3	3	1	3	1	1	1	3	1	3	1	3	1	2	3	4	2	2	4	4	1	4	2	2	1	3	0	0	4	2	1	3	1	2	1	3	3	3	1	2	1	2	1	2	1	3	1	3	0	0	2	4	2	2	3	4	4	2	1	1	1	3	1	3	2	4	1	3	1	4	3	3	3	3	2	4	2	2	1	4	2	4	0	0	3	3	3	3	1	4	0	0	2	3	1	3	1	1	2	4	1	3	2	2	4	2	3	3	0	0	3	3
M052872_M536_2E	0	0	2	4	2	2	1	1	3	4	0	0	2	4	1	3	3	3	2	2	4	2	0	0	1	1	1	3	3	4	3	4	1	2	1	4	1	2	2	2	1	4	2	4	3	4	4	2	1	1	2	4	2	2	2	3	1	2	3	3	3	2	1	2	4	4	3	3	1	2	3	3	1	2	4	4	1	2	3	3	3	3	1	3	1	1	1	3	1	3	3	3	1	2	3	4	2	2	2	4	1	4	2	3	3	3	1	4	4	4	1	3	1	2	1	3	3	3	1	2	1	2	1	2	1	3	1	3	0	0	2	4	2	2	3	4	4	2	1	1	1	3	1	3	2	4	1	3	1	4	1	3	1	3	2	4	1	2	1	4	2	4	4	2	2	3	3	3	1	4	0	0	2	3	1	3	1	1	2	4	1	3	1	2	4	2	3	3	0	0	3	3
M052880_M536_3E	0	0	2	4	2	2	1	1	3	4	3	4	2	4	1	3	3	3	2	2	4	2	0	0	1	1	1	3	3	4	3	4	1	2	1	1	1	2	2	2	1	4	2	4	3	4	4	2	1	1	0	0	2	2	3	3	1	2	3	3	3	2	1	2	4	4	3	3	1	2	3	3	1	2	4	4	1	1	3	4	1	3	1	3	1	1	1	3	1	3	1	3	1	2	3	4	2	4	2	4	1	4	2	2	3	3	1	4	4	2	1	3	1	2	1	3	1	3	1	2	1	2	1	1	1	3	1	3	0	0	2	2	2	2	3	4	4	2	1	1	1	3	1	3	2	4	1	3	1	4	3	3	1	3	2	4	2	2	1	1	2	4	4	2	3	3	3	3	1	4	0	0	2	3	1	3	1	1	2	4	1	1	2	2	4	2	3	3	0	0	3	3
M052888_M536_4E	0	0	2	2	2	2	2	2	3	3	3	3	2	2	3	3	3	3	2	2	4	4	0	0	0	0	1	1	3	3	3	3	1	1	1	1	1	1	2	2	1	1	4	4	4	4	2	2	1	1	2	2	2	2	3	3	1	1	3	3	2	2	1	1	4	4	3	3	1	1	3	3	2	2	4	4	1	1	3	3	3	3	3	3	1	4	3	3	3	3	3	3	2	2	3	3	2	2	4	4	4	4	2	2	3	3	1	1	4	2	1	1	1	1	3	3	3	3	2	2	2	2	1	1	1	1	3	3	0	0	4	4	2	2	3	3	2	2	1	1	3	3	3	3	2	2	3	3	4	4	3	3	3	3	4	4	2	2	1	1	2	2	2	2	0	0	3	3	1	1	0	0	2	2	3	3	3	3	2	2	1	1	2	2	2	2	1	1	2	2	4	4
M027293_M269_9B	0	0	4	4	2	2	1	1	4	4	3	3	4	4	1	1	3	4	2	2	2	2	0	0	1	3	3	3	4	4	3	3	2	2	1	1	2	2	2	2	4	4	2	2	3	3	4	4	1	1	2	4	2	2	2	2	2	2	3	3	3	3	2	2	4	4	3	3	2	2	3	3	1	1	0	0	2	2	4	4	1	3	1	1	1	1	1	1	1	3	3	3	1	1	3	4	2	2	4	4	4	4	2	2	1	3	4	4	2	2	3	3	2	2	1	1	1	1	1	1	1	1	1	2	3	3	1	1	0	0	2	2	2	2	4	4	4	4	1	1	1	1	1	1	4	4	1	3	1	1	1	3	1	1	2	2	2	2	1	1	4	4	4	4	2	2	3	3	4	4	0	0	3	3	1	1	1	1	4	4	1	1	1	2	4	4	3	3	4	4	3	3
M027301_M269_10B	0	0	4	4	2	2	1	1	4	4	3	3	4	4	1	1	3	3	2	2	2	2	0	0	1	3	3	3	4	4	3	3	2	2	1	1	2	2	2	2	4	4	2	2	3	3	4	4	1	1	2	2	2	2	3	3	2	2	3	3	3	3	2	2	4	4	3	3	2	2	3	3	1	1	4	4	2	2	4	4	3	3	1	1	1	1	1	1	3	3	3	3	1	1	3	4	2	2	4	4	4	4	2	3	1	3	4	4	2	2	3	3	2	2	1	3	1	1	1	1	1	1	2	2	3	3	1	1	0	0	2	2	2	2	4	4	4	4	1	1	1	1	1	1	4	4	1	3	1	1	1	3	1	1	2	2	2	2	1	4	4	4	4	4	2	2	3	3	4	4	0	0	3	3	1	1	1	1	4	4	1	1	1	1	4	4	3	3	4	4	3	3
M026851_M265_1H	0	0	4	4	2	4	2	2	3	3	3	3	2	4	1	1	3	3	2	2	4	4	0	0	1	3	1	1	3	3	3	3	1	2	1	1	1	1	2	2	1	1	4	4	4	4	4	4	1	1	2	2	2	2	3	3	2	2	3	3	3	2	1	1	4	4	3	3	1	2	3	3	1	1	4	4	2	2	3	4	3	3	3	3	1	1	3	3	3	3	3	3	2	2	3	3	2	2	4	4	4	4	2	2	3	3	1	1	2	2	1	3	2	2	3	3	1	3	2	2	1	1	1	1	1	1	1	1	0	0	4	4	2	2	3	3	2	2	1	1	3	3	3	3	2	2	3	3	4	4	3	3	3	3	0	0	2	2	1	1	2	2	2	2	2	2	3	3	1	1	0	0	3	3	3	3	1	1	4	4	1	3	2	2	2	2	1	1	2	2	3	3
M026859_M265_2H	0	0	4	4	2	2	1	1	3	4	3	3	4	4	1	1	3	3	2	2	4	2	0	0	1	3	1	3	3	4	3	3	1	2	1	1	2	2	2	2	1	4	2	4	3	4	4	4	1	2	2	4	2	2	2	3	2	2	3	3	3	3	1	2	4	4	3	3	1	2	3	3	1	1	4	4	2	2	4	4	0	0	1	3	1	1	1	3	1	3	3	3	1	2	3	4	2	4	4	4	4	4	2	2	1	3	1	4	2	2	3	3	2	2	1	3	3	3	1	2	1	1	1	1	1	3	1	1	0	0	2	4	2	2	3	4	4	2	1	1	1	3	1	1	2	4	1	3	1	4	3	3	1	3	2	2	1	2	1	1	2	4	4	2	2	3	3	3	1	4	0	0	3	3	1	3	1	1	4	4	1	1	1	2	4	2	3	3	4	2	3	3
M026867_M265_3H	0	0	4	4	2	2	1	1	4	4	3	3	4	4	1	1	3	3	2	2	2	2	0	0	1	3	3	3	4	4	3	3	2	2	1	1	2	2	2	2	4	4	2	2	3	3	4	4	1	1	2	4	2	2	3	3	2	2	3	3	3	3	2	2	4	4	3	3	2	2	3	3	1	1	4	4	2	2	4	4	3	3	1	1	1	1	1	1	3	3	3	3	1	1	4	4	2	2	4	4	4	4	2	2	1	3	4	4	2	2	3	3	2	2	1	1	1	1	1	1	1	1	1	1	3	3	1	1	0	0	2	2	2	2	4	4	4	4	1	1	1	1	1	1	4	4	1	1	1	1	3	3	1	1	2	2	2	2	1	1	4	4	4	4	2	2	3	3	4	4	0	0	3	3	1	1	1	1	4	4	1	1	2	2	4	4	3	3	0	0	3	3
M052961_M537_1F	0	0	2	4	2	2	1	2	3	4	3	4	2	4	3	3	3	3	2	2	4	2	0	0	1	3	1	3	3	4	3	3	1	2	1	4	1	2	2	2	1	4	2	4	0	0	4	2	1	1	2	2	2	4	2	3	2	2	3	3	3	2	1	2	4	4	3	3	1	2	0	0	1	2	2	4	1	1	4	4	3	3	1	3	1	1	1	3	1	3	1	3	2	2	3	4	2	2	4	4	4	4	2	2	3	3	1	4	2	2	1	3	1	2	1	3	1	1	1	2	1	2	1	1	1	3	1	3	0	0	2	2	2	2	3	4	4	2	1	3	1	3	1	3	2	4	1	3	4	4	1	3	1	3	2	4	2	2	1	4	2	4	4	2	2	3	3	3	1	4	0	0	2	3	1	3	1	1	2	4	1	1	0	0	4	2	3	3	0	0	3	3
M052969_M537_2F	0	0	4	4	2	2	1	1	4	4	3	3	4	4	1	1	3	3	2	2	2	2	0	0	3	3	3	3	4	4	3	4	2	2	1	4	2	2	2	2	4	4	2	2	3	3	4	4	1	1	4	4	2	2	2	3	2	2	3	3	3	3	2	2	4	4	3	3	2	2	1	1	1	1	2	4	2	2	4	4	3	3	1	3	1	1	1	1	1	1	1	3	1	1	4	4	2	2	2	4	4	4	2	2	3	3	4	4	2	2	3	3	2	2	1	1	1	3	1	1	1	1	1	2	3	3	1	1	0	0	2	2	2	2	4	4	4	4	1	1	1	1	1	1	4	4	1	1	1	1	1	1	1	1	2	2	2	2	4	4	4	4	4	4	2	2	3	3	4	4	0	0	3	3	1	1	1	1	4	4	1	1	2	2	4	4	3	3	0	0	3	3
M052977_M537_3F	0	0	4	4	2	2	1	1	4	4	3	3	4	4	1	3	3	3	2	2	2	2	0	0	3	3	3	3	4	4	3	4	2	2	1	4	2	2	2	2	4	4	2	2	3	3	4	4	1	1	4	4	2	2	2	3	2	2	3	3	3	3	2	2	4	4	3	3	2	2	1	1	1	1	2	4	2	2	4	4	3	3	1	3	1	1	1	1	1	1	1	3	1	1	4	4	2	2	2	4	4	4	2	2	3	3	4	4	2	2	3	3	2	2	1	1	1	1	1	1	1	1	1	2	3	3	1	1	0	0	2	2	2	2	4	4	4	4	1	1	1	1	1	1	4	4	1	1	1	1	1	1	1	1	2	2	2	2	4	4	4	4	4	4	2	2	3	3	4	4	0	0	3	3	1	1	1	1	4	4	1	1	2	2	4	4	3	3	0	0	3	3
M052865_M536_1F	0	0	4	4	2	2	1	1	4	4	3	3	4	4	1	3	3	3	2	2	2	2	0	0	3	3	3	3	4	4	3	3	2	2	1	1	2	2	2	2	4	4	2	2	3	3	4	4	1	1	2	4	2	2	2	2	2	2	3	3	3	3	2	2	4	4	3	3	2	2	3	3	1	1	2	4	2	2	3	4	1	3	1	3	1	1	1	1	1	1	1	3	1	1	4	4	2	2	4	4	1	4	3	3	1	3	4	4	2	2	3	3	2	2	1	1	3	3	1	1	1	1	1	1	3	3	1	1	0	0	2	2	2	2	4	4	4	4	1	1	1	1	1	1	4	4	1	1	1	1	3	3	1	1	2	2	2	2	4	4	4	4	4	4	2	2	3	3	4	4	0	0	3	3	1	1	1	1	4	4	1	1	2	2	4	4	3	3	0	0	3	3
M052873_M536_2F	0	0	2	4	2	4	1	1	4	4	3	3	2	4	1	3	3	3	2	2	4	2	0	0	3	3	1	3	3	4	3	3	2	2	1	1	1	2	2	2	1	4	2	4	3	4	4	2	1	1	2	2	2	2	2	3	2	2	3	3	3	3	1	2	4	4	3	3	1	2	3	3	1	2	2	4	1	2	3	4	3	3	1	3	1	1	1	3	1	3	1	3	1	2	3	4	2	2	4	4	4	4	2	3	3	3	0	0	2	2	1	3	1	2	1	3	1	3	1	2	1	2	1	1	1	3	1	3	0	0	2	4	2	2	3	4	4	2	1	3	1	3	1	3	2	4	1	3	1	4	3	3	1	3	2	4	1	2	1	4	2	4	4	2	3	3	3	3	1	4	0	0	2	3	1	3	1	1	2	4	1	1	1	1	4	2	3	3	0	0	3	3
M052881_M536_3F	0	0	2	4	2	2	1	1	3	4	3	4	2	4	1	3	3	3	2	2	4	2	0	0	1	1	1	3	3	4	3	4	1	2	1	1	1	2	4	4	1	4	2	4	3	4	4	2	1	1	2	4	2	2	3	3	1	2	3	3	3	2	1	2	4	4	3	3	1	2	3	3	1	2	4	4	1	2	3	4	1	3	3	3	1	1	1	3	1	3	1	3	1	2	3	4	2	4	4	4	1	4	2	3	1	3	1	4	2	2	1	3	1	2	1	3	1	3	1	2	1	2	1	1	1	3	1	3	0	0	2	2	2	2	3	4	4	2	1	1	1	3	1	3	2	4	1	3	1	4	3	3	1	3	2	4	2	2	1	4	2	4	4	2	3	3	3	3	1	4	0	0	2	3	1	3	1	1	2	4	1	1	2	2	4	2	3	3	0	0	3	3
M052889_M536_4F	0	0	2	2	2	2	2	2	3	3	3	3	2	2	3	3	3	3	2	2	4	4	0	0	0	0	1	1	3	3	3	3	1	1	1	1	1	1	0	0	1	1	4	4	4	4	2	2	1	1	2	2	2	2	3	3	1	1	3	3	2	2	1	1	4	4	3	3	1	1	3	3	2	2	4	4	1	1	3	3	3	3	3	3	1	4	3	3	3	3	3	3	2	2	3	3	2	2	4	4	4	4	2	2	3	3	1	1	2	2	1	1	1	1	3	3	3	3	2	2	2	2	1	1	1	1	3	3	0	0	4	4	2	2	3	3	2	2	1	1	3	3	3	3	2	2	3	3	4	4	3	3	3	3	4	4	2	2	1	1	2	2	2	2	0	0	3	3	1	1	0	0	2	2	3	3	1	3	2	2	1	3	2	2	2	2	1	1	2	2	4	4
M027294_M269_9C	0	0	4	4	2	2	1	1	4	4	3	3	4	4	1	1	3	3	2	2	2	2	0	0	1	3	3	3	4	4	3	3	2	2	1	1	2	2	2	2	4	4	2	2	3	3	4	4	1	1	2	2	2	2	2	2	2	2	3	3	3	3	2	2	4	4	3	3	2	2	3	3	1	1	4	4	2	2	4	4	3	3	1	1	1	1	1	1	3	3	3	3	1	1	3	4	2	2	4	4	4	4	2	2	1	1	4	4	4	2	3	3	2	2	1	3	1	3	1	1	1	1	1	2	3	3	1	1	0	0	2	2	2	2	4	4	4	4	1	1	1	1	1	1	4	4	1	3	1	1	1	3	1	1	2	2	2	2	1	4	4	4	4	4	2	2	3	3	4	4	0	0	3	3	1	1	1	1	4	4	1	1	1	2	4	4	3	3	4	4	3	3
M027302_M269_10C	0	0	4	4	2	2	1	1	4	4	3	3	4	4	1	1	3	3	2	2	2	2	0	0	1	3	3	3	4	4	3	4	2	2	1	1	2	2	2	2	4	4	2	2	3	3	4	4	1	1	2	2	2	2	2	3	2	2	3	3	3	3	2	2	4	4	3	3	2	2	3	3	1	1	4	4	2	2	3	4	3	3	1	1	1	1	1	1	3	3	3	3	1	1	3	4	2	2	4	4	4	4	2	2	1	1	4	4	2	2	3	3	2	2	1	1	1	3	1	1	1	1	2	2	3	3	1	1	0	0	2	2	2	2	4	4	4	4	1	1	1	1	1	1	4	4	1	3	1	1	3	3	1	1	2	2	2	2	1	1	4	4	4	4	2	2	3	3	4	4	0	0	3	3	1	1	1	1	4	4	1	1	1	2	4	4	3	3	4	4	3	3
M026852_M265_2A	0	0	2	4	2	2	0	0	4	4	3	3	2	4	1	1	3	3	2	2	4	2	0	0	1	3	1	3	3	4	3	3	1	2	1	1	1	2	2	2	1	4	2	4	3	4	4	2	1	1	2	2	2	2	3	3	2	2	3	3	2	2	1	2	4	4	3	3	1	2	3	3	1	2	4	4	1	2	4	4	3	3	1	3	1	1	1	3	3	3	3	3	1	2	3	4	2	4	4	4	4	4	2	2	1	3	1	4	2	2	1	3	1	2	1	3	1	1	1	2	1	2	1	1	1	3	1	3	0	0	2	2	4	2	3	4	4	2	1	1	1	3	1	1	2	4	1	3	1	4	3	3	1	3	2	4	1	2	1	1	2	4	4	4	2	3	3	3	1	4	0	0	2	3	1	3	1	1	2	4	1	3	1	1	4	2	3	3	2	2	3	3
M026860_M265_3A	0	0	4	4	2	4	1	1	3	4	3	3	4	4	1	1	3	3	2	2	4	2	0	0	1	3	1	3	3	4	3	3	2	2	1	1	1	2	2	2	1	4	2	4	3	4	4	4	1	1	2	4	2	2	3	3	2	2	3	3	3	3	1	2	4	4	3	3	1	2	3	3	1	1	4	4	2	2	4	4	3	3	1	3	1	1	1	3	3	3	3	3	1	2	3	4	2	2	4	4	4	4	2	2	1	3	1	4	2	2	3	3	2	2	1	3	1	1	1	2	1	1	1	1	1	3	1	1	0	0	2	4	2	2	3	4	4	2	1	1	1	3	1	1	0	0	1	3	1	4	3	3	1	3	2	2	1	2	1	1	2	4	4	4	2	2	3	3	1	4	0	0	3	3	1	3	1	1	4	4	1	3	2	2	4	2	3	3	2	2	3	3
M026868_M265_4A	0	0	2	4	2	4	0	0	3	4	3	3	2	4	1	1	3	3	2	2	4	4	0	0	1	3	1	1	3	3	3	3	2	2	1	1	1	1	2	2	1	1	4	4	4	4	4	4	1	1	2	2	2	2	3	3	2	2	3	3	2	2	1	1	4	4	3	3	1	2	3	3	1	1	4	4	2	2	3	4	3	3	3	3	1	1	3	3	3	3	3	3	2	2	3	3	2	2	4	4	4	4	2	2	3	3	1	1	2	2	1	1	2	2	3	3	1	3	2	2	1	1	1	1	1	1	1	1	0	0	4	4	4	2	3	3	2	2	1	1	3	3	3	3	2	2	3	3	4	4	3	3	3	3	0	0	2	2	1	1	2	2	2	2	2	2	3	3	1	1	0	0	3	3	3	3	1	1	4	4	1	1	2	2	2	2	1	1	2	2	3	3
M052962_M537_1G	0	0	2	4	2	2	1	2	3	4	3	4	2	4	3	3	3	3	2	2	4	2	0	0	1	3	1	3	0	0	3	4	1	2	1	1	1	2	2	2	1	4	2	4	3	4	4	2	1	1	2	4	2	4	3	3	2	2	3	3	3	2	1	2	4	4	3	3	1	2	3	3	1	2	4	4	1	2	4	4	3	3	1	3	1	1	1	3	1	3	3	3	1	2	3	4	2	2	2	4	4	4	2	3	3	3	1	4	2	2	1	3	1	2	1	3	1	3	1	2	1	2	1	1	1	3	1	3	0	0	2	2	2	2	3	4	4	2	1	3	1	3	1	3	2	4	1	3	1	4	3	3	1	3	2	4	2	2	1	4	2	4	4	2	2	3	3	3	1	4	0	0	2	3	1	3	1	1	2	4	1	1	2	2	4	2	3	3	0	0	0	0
M052970_M537_2G	0	0	4	4	2	2	1	1	4	4	3	3	4	4	3	3	3	3	2	2	2	2	0	0	1	3	3	3	4	4	3	4	2	2	1	1	2	2	2	2	4	4	2	2	3	3	4	4	1	1	4	4	2	2	3	3	2	2	3	3	3	3	2	2	4	4	3	3	2	2	1	3	1	1	4	4	2	2	4	4	3	3	1	3	1	1	1	1	1	1	1	3	1	1	4	4	2	2	2	2	4	4	3	3	3	3	4	4	2	2	3	3	2	2	1	1	1	1	1	1	1	1	1	1	3	3	1	1	0	0	2	2	2	2	4	4	4	4	1	1	1	1	1	1	4	4	1	1	1	1	3	3	1	1	2	2	2	2	4	4	4	4	4	4	2	2	3	3	4	4	0	0	3	3	1	1	1	1	4	4	1	1	2	2	4	4	3	3	0	0	3	3
M052978_M537_3G	0	0	4	4	2	2	1	1	4	4	3	3	4	4	1	3	3	3	2	2	2	2	0	0	3	3	3	3	4	4	3	4	2	2	1	4	2	2	2	2	4	4	2	2	3	3	4	4	1	1	2	4	2	2	2	2	2	2	3	3	3	3	2	2	4	4	3	3	2	2	1	1	1	1	2	4	2	2	4	4	3	3	1	1	1	1	1	1	1	1	1	3	1	1	4	4	2	2	2	4	4	4	2	2	3	3	4	4	2	2	3	3	2	2	1	1	1	3	1	1	1	1	1	1	3	3	1	1	0	0	2	2	2	2	4	4	4	4	1	1	1	1	1	1	4	4	1	1	1	1	1	1	1	1	2	2	2	2	4	4	4	4	4	4	2	2	3	3	4	4	0	0	3	3	1	1	1	1	4	4	1	1	2	2	4	4	3	3	0	0	3	3
M052866_M536_1G	0	0	4	4	2	2	1	1	4	4	3	4	4	4	1	1	3	3	2	2	2	2	0	0	1	3	3	3	4	4	3	4	2	2	1	4	2	2	4	2	4	4	2	2	3	3	4	4	1	1	4	4	2	2	2	2	2	2	3	3	3	3	2	2	4	4	3	3	2	2	3	3	1	1	4	4	2	2	4	4	1	3	1	3	1	1	1	1	1	1	3	3	1	1	4	4	2	2	2	4	1	4	3	3	1	3	4	4	2	2	3	3	2	2	1	1	3	3	1	1	1	1	1	2	3	3	1	1	0	0	2	2	2	2	4	4	4	4	1	1	1	1	1	1	4	4	1	1	1	1	1	3	1	1	2	2	2	2	4	4	4	4	4	4	2	2	3	3	4	4	0	0	3	3	1	1	1	1	4	4	1	1	1	1	4	4	3	3	0	0	3	3
M052874_M536_2G	0	0	2	4	2	2	1	1	3	4	3	4	2	4	1	1	3	3	2	2	4	4	0	0	1	1	1	3	3	3	3	3	1	2	1	1	1	2	2	2	1	4	2	4	3	4	4	2	1	1	2	2	2	2	2	3	1	2	3	3	3	2	1	2	4	4	3	3	1	2	3	3	1	2	4	4	1	2	3	3	3	3	1	3	1	1	1	3	1	3	1	3	1	2	3	4	2	2	4	4	1	4	2	2	1	3	0	0	4	2	1	3	1	2	1	3	3	3	1	2	1	2	1	2	1	3	1	3	0	0	2	4	2	2	3	4	4	2	1	1	1	3	1	3	2	4	1	3	1	4	3	3	3	3	2	4	2	2	1	4	2	4	0	0	3	3	3	3	1	4	0	0	2	3	1	3	1	1	2	4	1	3	2	2	4	2	3	3	0	0	3	3
M052882_M536_3G	0	0	4	4	2	2	1	1	4	4	3	4	4	4	1	1	3	3	2	2	2	2	0	0	0	0	3	3	4	4	3	4	2	2	1	4	2	2	4	2	4	4	2	2	3	3	4	4	1	1	4	4	2	2	2	2	2	2	3	3	3	3	2	2	4	4	3	3	2	2	3	3	1	1	4	4	2	2	4	4	1	3	1	3	1	1	1	1	1	1	3	3	1	1	4	4	2	2	2	4	1	4	3	3	1	3	4	4	4	2	3	3	2	2	1	1	3	3	1	1	1	1	1	2	3	3	1	1	0	0	2	2	2	2	4	4	4	4	1	1	1	1	1	1	4	4	1	1	1	1	1	3	1	1	2	2	2	2	4	4	4	4	4	4	2	2	3	3	4	4	0	0	3	3	1	1	1	1	4	4	1	1	1	1	4	4	3	3	0	0	3	3
M052890_M536_4G	0	0	2	4	2	2	1	1	3	4	3	3	2	4	3	3	3	3	2	2	4	2	0	0	1	1	1	3	3	4	3	4	1	2	1	1	1	2	2	2	1	4	2	4	3	4	4	2	1	1	2	4	2	2	3	3	1	2	3	3	3	2	1	2	4	4	3	3	1	2	3	3	1	2	2	4	1	2	3	4	3	3	1	3	1	1	1	3	1	3	3	3	1	2	3	4	2	2	2	4	4	4	2	2	3	3	1	4	4	2	1	3	1	2	1	3	3	3	1	2	1	2	1	1	1	3	1	3	0	0	2	2	2	2	3	4	4	2	1	1	1	3	1	3	2	4	1	3	1	4	1	3	1	3	2	4	2	2	1	4	2	4	4	2	2	3	3	3	1	4	0	0	2	3	1	3	1	3	2	4	1	1	2	2	4	2	3	3	0	0	3	3
M027295_M269_9D	0	0	4	4	2	2	1	1	4	4	3	3	4	4	1	1	3	3	2	2	2	2	0	0	1	3	3	3	4	4	3	3	2	2	1	1	2	2	2	2	4	4	2	2	3	3	4	4	1	1	2	2	2	2	3	3	2	2	3	3	3	3	2	2	4	4	3	3	2	2	3	3	1	1	4	4	2	2	4	4	1	1	1	1	1	1	1	1	3	3	3	3	1	1	3	3	2	2	4	4	4	4	2	3	1	3	4	4	2	2	3	3	2	2	1	3	1	1	1	1	1	1	1	2	3	3	1	1	0	0	2	2	2	2	4	4	4	4	1	1	1	1	1	1	4	4	3	3	1	1	3	3	1	1	2	2	2	2	1	1	4	4	4	4	2	2	3	3	4	4	0	0	3	3	1	1	1	1	4	4	1	1	1	1	4	4	3	3	0	0	3	3
M027303_M269_10D	0	0	4	4	2	2	1	1	4	4	3	3	4	4	1	1	3	3	2	2	2	2	0	0	1	3	3	3	4	4	3	3	2	2	1	1	2	2	2	2	4	4	2	2	3	3	4	4	1	1	2	2	2	2	2	3	2	2	3	3	3	3	2	2	4	4	3	3	2	2	3	3	1	1	4	4	2	2	3	4	0	0	1	3	1	1	1	1	3	3	3	3	1	1	3	3	2	2	4	4	4	4	2	2	1	3	4	4	2	2	3	3	2	2	1	1	1	3	1	1	1	1	2	2	3	3	1	1	0	0	2	2	2	2	4	4	4	4	1	1	1	1	1	1	4	4	3	3	1	1	1	3	1	1	2	2	2	2	1	4	4	4	4	4	2	2	3	3	4	4	0	0	3	3	1	1	1	1	4	4	1	1	1	1	4	4	3	3	4	4	3	3
M026853_M265_2B	0	0	4	4	2	2	1	1	3	3	3	4	2	4	1	1	3	3	2	2	4	2	0	0	1	3	1	3	3	4	3	3	2	2	1	1	1	2	2	2	1	4	2	4	3	4	4	4	1	1	2	4	2	2	2	3	2	2	3	3	2	2	1	2	4	4	3	3	2	2	3	3	1	1	4	4	2	2	0	0	3	3	1	3	1	1	1	3	3	3	3	3	1	2	3	4	2	2	4	4	4	4	2	2	1	3	1	4	2	2	1	1	2	2	1	3	3	3	1	2	1	1	1	1	1	3	1	1	0	0	2	2	2	2	3	4	4	2	1	1	1	3	1	1	2	4	1	3	1	4	3	3	1	3	2	2	1	1	1	1	2	4	4	2	2	2	3	3	1	4	0	0	3	3	1	3	1	1	4	4	1	1	1	2	4	2	3	3	0	0	3	3
M026861_M265_3B	0	0	4	4	2	2	1	1	3	4	3	3	4	4	1	1	3	3	2	2	4	2	0	0	1	3	1	3	3	4	3	3	1	2	1	1	2	2	2	2	1	4	2	4	3	4	4	4	1	2	2	4	2	2	2	3	2	2	3	3	3	3	1	2	4	4	3	3	1	2	3	3	1	1	4	4	2	2	4	4	0	0	1	3	1	1	1	3	1	3	3	3	1	2	3	4	2	4	4	4	4	4	2	2	1	3	1	4	2	2	3	3	2	2	1	3	3	3	1	2	1	1	1	1	1	3	1	1	0	0	2	4	2	2	3	4	4	2	1	1	1	3	1	1	2	4	1	3	1	4	3	3	1	3	2	2	1	2	1	1	2	4	4	2	2	3	3	3	1	4	0	0	3	3	1	3	1	1	4	4	1	1	1	2	4	2	3	3	0	0	3	3
M026869_M265_4B	0	0	2	4	2	4	1	1	4	4	3	3	2	4	1	1	3	3	2	2	4	2	0	0	1	1	1	3	3	4	3	3	2	2	1	1	1	2	2	2	1	4	2	4	3	4	4	2	1	2	2	2	2	2	2	3	0	0	3	3	3	3	1	2	4	4	3	3	1	2	3	3	1	2	4	4	1	2	4	4	3	3	1	3	1	1	1	3	3	3	1	3	1	2	3	4	2	2	4	4	4	4	2	2	1	3	1	4	2	2	1	3	1	2	1	3	1	1	1	2	1	1	1	1	1	3	1	3	0	0	2	4	4	2	3	4	4	2	1	1	1	3	1	1	2	4	1	3	1	4	3	3	1	3	2	4	1	2	1	1	2	4	4	2	2	2	3	3	1	4	0	0	2	3	1	3	1	1	2	4	1	3	2	2	4	2	3	3	0	0	3	3
M052963_M537_1H	0	0	2	4	2	2	1	2	3	4	3	4	2	4	3	3	3	3	2	2	4	2	0	0	3	3	1	3	0	0	3	4	1	2	1	4	1	2	2	2	1	4	2	4	3	4	4	2	1	1	2	4	2	4	3	3	2	2	3	3	3	2	1	2	4	4	3	3	1	2	3	3	1	2	4	4	1	2	4	4	3	3	1	3	1	1	1	3	1	3	3	3	1	2	3	4	2	2	2	4	4	4	2	3	3	3	1	4	2	2	1	3	1	2	1	3	1	3	1	2	1	2	1	1	1	3	1	3	0	0	2	2	2	2	3	4	4	2	1	3	1	3	1	3	2	4	1	3	1	4	3	3	1	3	2	4	2	2	1	4	2	4	4	2	2	3	3	3	1	4	0	0	2	3	1	3	1	1	2	4	1	1	2	2	4	2	3	3	0	0	0	0
M052971_M537_2H	0	0	2	4	2	2	1	2	3	4	3	4	2	4	3	3	3	3	2	2	4	2	0	0	1	3	1	3	0	0	3	3	1	2	1	1	1	2	2	2	1	4	2	4	0	0	4	2	1	1	2	4	2	4	3	3	2	2	3	3	3	2	1	2	4	4	3	3	1	2	3	3	1	2	4	4	1	2	4	4	3	3	1	3	1	1	1	3	1	3	3	3	1	2	3	4	2	2	2	4	4	4	2	2	3	3	1	4	2	2	1	3	1	2	1	3	1	1	0	0	1	2	1	1	1	3	1	3	0	0	2	2	2	2	3	4	4	2	1	3	1	3	1	3	2	4	1	3	1	4	1	3	1	3	2	4	2	2	1	4	2	4	4	2	2	3	3	3	1	4	0	0	2	3	1	3	1	1	2	4	1	1	2	2	4	2	3	3	0	0	3	3
M052979_M537_3H	0	0	2	4	2	4	1	1	4	4	3	3	2	4	1	3	3	3	2	2	4	2	0	0	1	3	1	3	3	4	3	4	2	2	1	4	1	2	2	2	1	4	2	4	0	0	4	2	1	1	2	4	2	2	3	3	2	2	3	3	3	2	1	2	4	4	3	3	1	2	3	3	1	2	2	4	1	1	4	4	3	3	3	3	1	1	1	3	1	3	1	3	1	2	3	4	2	2	4	4	4	4	2	2	3	3	1	4	2	2	1	3	1	2	1	3	1	1	1	2	1	2	1	2	1	3	1	3	0	0	2	2	4	2	3	4	4	2	1	1	1	3	1	3	2	4	1	3	4	4	1	3	1	3	2	4	2	2	1	4	2	4	4	2	2	3	3	3	1	4	0	0	2	3	1	3	1	3	2	4	1	1	2	2	4	2	3	3	0	0	3	3
M052867_M536_1H	0	0	2	4	2	2	0	0	3	4	3	4	2	4	1	3	3	3	2	2	4	2	0	0	1	1	1	3	3	4	3	3	1	2	1	1	1	2	4	4	1	4	2	4	3	4	4	2	1	1	2	4	2	2	2	3	1	2	3	3	3	2	1	2	4	4	3	3	1	2	3	3	1	2	4	4	1	2	3	4	1	3	3	3	1	1	1	3	1	3	3	3	1	2	3	4	2	4	4	4	1	1	2	3	1	3	1	4	2	2	1	1	1	2	1	3	1	3	1	2	1	2	1	1	1	3	1	3	0	0	2	2	2	2	3	4	4	2	1	1	1	3	1	3	2	4	1	3	1	4	3	3	1	3	2	4	2	2	1	4	2	4	4	2	3	3	3	3	1	4	0	0	2	3	1	3	1	1	2	4	1	1	2	2	4	2	3	3	0	0	3	3
M052875_M536_2H	0	0	2	4	2	4	1	1	4	4	3	3	2	4	1	3	3	3	2	2	4	4	0	0	1	1	1	3	3	4	3	3	2	2	1	1	1	2	2	2	1	4	2	4	3	4	4	4	1	1	2	4	2	2	2	3	2	2	3	3	3	2	1	2	4	4	3	3	1	2	3	3	1	1	4	4	2	2	4	4	3	3	1	3	1	1	1	3	1	3	3	3	1	2	3	4	2	4	4	4	1	4	2	2	3	3	1	4	2	2	1	3	2	2	1	3	3	3	1	2	1	2	1	2	1	3	1	1	0	0	2	2	2	2	3	4	4	2	1	1	1	3	1	3	2	4	1	3	1	4	1	3	3	3	2	2	2	2	1	1	2	4	4	2	3	3	3	3	1	4	0	0	3	3	1	3	1	1	4	4	1	3	2	2	4	2	3	3	0	0	3	4
M052883_M536_3H	0	0	4	4	2	2	1	1	4	4	3	4	4	4	3	3	3	3	2	2	0	0	0	0	3	3	3	3	4	4	3	3	2	2	1	1	2	2	0	0	4	4	2	2	3	3	4	4	1	1	4	4	2	2	3	3	2	2	3	3	3	3	2	2	4	4	3	3	2	2	3	3	1	1	4	4	2	2	4	4	1	1	1	1	1	4	1	1	1	1	3	3	1	1	4	4	2	2	4	4	4	4	3	3	1	3	4	4	2	2	3	3	2	2	1	1	1	3	1	1	1	1	2	2	3	3	1	1	0	0	2	2	2	2	4	4	4	4	1	1	1	1	1	1	4	4	1	1	1	1	3	3	0	0	2	2	2	2	4	4	4	4	4	4	2	2	3	3	4	4	0	0	3	3	1	1	1	1	4	4	1	1	2	2	4	4	3	3	0	0	3	3
M027288_M269_8E	0	0	4	4	2	2	1	1	4	4	3	3	4	4	1	1	3	3	2	2	2	2	0	0	1	3	3	3	4	4	3	4	2	2	1	1	2	2	2	2	4	4	2	2	3	3	4	4	1	1	2	4	2	2	2	2	2	2	3	3	3	3	2	2	4	4	3	3	2	2	3	3	1	1	4	4	2	2	4	4	1	1	1	1	1	1	1	1	1	3	3	3	1	1	4	4	2	2	4	4	4	4	2	2	3	3	4	4	2	2	3	3	2	2	1	3	1	1	1	1	1	1	1	2	3	3	1	1	0	0	2	2	2	2	4	4	4	4	1	1	1	1	1	1	4	4	1	1	1	1	1	3	1	1	2	2	2	2	1	4	4	4	4	4	2	2	3	3	4	4	0	0	3	3	1	1	1	1	4	4	1	1	1	1	4	4	3	3	4	4	3	3
M027296_M269_9E	0	0	4	4	2	2	1	1	4	4	3	3	4	4	1	1	3	3	2	2	2	2	0	0	1	3	3	3	4	4	3	3	2	2	1	1	2	2	2	2	4	4	2	2	3	3	4	4	1	1	2	4	2	2	3	3	2	2	3	3	3	3	2	2	4	4	3	3	2	2	3	3	1	1	4	4	2	2	4	4	3	3	1	1	1	1	1	1	3	3	3	3	1	1	4	4	2	2	4	4	4	4	2	2	3	3	4	4	2	2	3	3	2	2	1	1	1	1	1	1	1	1	2	2	3	3	1	1	0	0	2	2	2	2	4	4	4	4	1	1	1	1	1	1	4	4	1	1	1	1	3	3	1	1	2	2	2	2	1	1	4	4	4	4	2	2	3	3	4	4	0	0	3	3	1	1	1	1	4	4	1	1	2	2	4	4	3	3	4	4	3	3
M027304_M269_10E	0	0	4	4	2	2	1	1	4	4	3	3	4	4	1	1	3	3	2	2	2	2	0	0	1	3	3	3	4	4	3	3	2	2	1	1	2	2	2	2	4	4	2	2	3	3	4	4	1	1	2	2	2	2	2	3	2	2	3	3	3	3	2	2	4	4	3	3	2	2	3	3	1	1	4	4	2	2	4	4	3	3	1	1	1	1	1	1	3	3	3	3	1	1	4	4	2	2	4	4	4	4	2	2	1	1	4	4	2	2	3	3	2	2	1	1	1	3	1	1	1	1	2	2	3	3	1	1	0	0	2	2	2	2	4	4	4	4	1	1	1	1	1	1	4	4	1	1	1	1	3	3	1	1	2	2	2	2	1	1	4	4	4	4	2	2	3	3	4	4	0	0	3	3	1	1	1	1	4	4	1	1	1	1	4	4	3	3	4	4	3	3
M026854_M265_2C	0	0	0	0	0	0	0	0	0	0	3	4	0	0	0	0	0	0	0	0	0	0	0	0	0	0	0	0	0	0	0	0	0	0	0	0	0	0	0	0	0	0	0	0	0	0	0	0	0	0	0	0	0	0	0	0	1	2	0	0	0	0	0	0	0	0	0	0	0	0	3	3	0	0	0	0	0	0	0	0	0	0	0	0	0	0	0	0	0	0	0	0	0	0	0	0	0	0	0	0	0	0	0	0	0	0	0	0	0	0	0	0	0	0	0	0	0	0	0	0	0	0	0	0	0	0	0	0	0	0	0	0	0	0	0	0	0	0	0	0	0	0	0	0	0	0	0	0	0	0	0	0	0	0	0	0	0	0	0	0	0	0	0	0	0	0	0	0	0	0	0	0	0	0	0	0	0	0	0	0	0	0	0	0	0	0	0	0	0	0	0	0
M026862_M265_3C	0	0	2	4	2	2	1	1	4	4	3	4	4	4	1	1	3	3	2	2	4	2	0	0	0	0	1	3	3	4	3	3	1	2	1	1	1	2	2	2	1	4	2	4	3	4	4	4	1	1	2	4	2	2	2	3	0	0	3	3	2	2	1	2	4	4	3	3	1	2	3	3	1	1	4	4	2	2	4	4	3	3	1	3	1	1	1	3	3	3	3	3	1	2	3	4	2	4	4	4	4	4	2	2	1	3	1	4	2	2	1	1	2	2	1	3	1	3	1	2	1	2	1	1	1	3	1	1	0	0	2	2	4	2	3	4	4	2	1	1	1	3	1	1	2	4	1	3	1	4	3	3	1	3	2	2	1	1	1	1	2	4	4	2	2	3	3	3	1	4	0	0	3	3	1	3	1	1	4	4	1	3	1	1	4	2	3	3	2	2	3	3
M026870_M265_4C	0	0	4	4	0	0	0	0	3	3	3	3	4	4	1	1	3	3	2	2	0	0	0	0	1	3	0	0	0	0	3	3	1	2	1	1	0	0	2	2	0	0	0	0	0	0	4	4	0	0	2	2	2	2	0	0	2	2	3	3	3	3	0	0	4	4	3	3	0	0	3	3	1	1	4	4	2	2	4	4	0	0	0	0	1	1	0	0	3	3	3	3	2	2	0	0	2	4	4	4	4	4	2	2	0	0	0	0	2	2	3	3	2	2	3	3	0	0	0	0	1	1	1	1	0	0	1	1	0	0	0	0	2	2	0	0	0	0	1	1	0	0	0	0	0	0	0	0	0	0	3	3	3	3	0	0	1	2	1	4	0	0	4	2	0	0	3	3	0	0	0	0	3	3	0	0	1	1	4	4	3	3	2	2	0	0	3	3	2	2	3	3
