Sample_ID	OmyY1	OmyY1	R18251	R18251	R23044	R23044	R30220	R30220	R34286	R34286	R38993	R38993	SH114448	SH114448	R000200	R000200	R033859	R033859	R09768	R09768	R12730	R12730	R24463	R24463	R00586	R00586	R19198	R19198	R23330	R23330	R30355	R30355	R34385	R34385	R39365	R39365	SH121006	SH121006	R018277	R018277	R03418	R03418	R10226	R10226	R13191	R13191	R24493	R24493	R12738	R12738	R19633	R19633	R23813	R23813	R30423	R30423	R34662	R34662	R40094	R40094	SH127236	SH127236	R02551	R02551	R03924	R03924	R10530	R10530	R16543	R16543	R26255	R26255	R13730	R13730	R19731	R19731	R24068	R24068	R30589	R30589	R35324	R35324	R40152	R40152	OMS00116	OMS00116	R02676	R02676	R04143	R04143	R11238	R11238	R19868	R19868	R27050	R27050	R14225	R14225	R21285	R21285	R24273	R24273	R30678	R30678	R37205	R37205	R40252	R40252	OMS00143	OMS00143	R02783	R02783	R04203	R04203	R11353	R11353	R19948	R19948	R30551	R30551	R14383	R14383	R21330	R21330	R24370	R24370	R33010	R33010	R37229	R37229	R40319	R40319	OMS00144	OMS00144	R02785	R02785	R04760	R04760	R11790	R11790	R20353	R20353	R32124	R32124	R14511	R14511	R21561	R21561	R28680	R28680	R33411	R33411	R37560	R37560	R40342	R40342	OMS00159	OMS00159	R03042	R03042	R04944	R04944	R12528	R12528	R21023	R21023	R32692	R32692	R14589	R14589	R22570	R22570	R30015	R30015	R33562	R33562	R38346	R38346	R40580	R40580	OMS00169	OMS00169	R03306	R03306	R08985	R08985	R12611	R12611	R22488	R22488	R36639	R36639
M018116_M173_9A	0	0	4	4	2	2	2	2	3	3	3	3	4	4	1	1	3	3	2	2	4	4	0	0	3	3	1	1	3	3	3	3	1	2	1	1	1	1	2	2	1	1	4	4	4	4	4	4	1	1	2	2	2	2	3	3	0	0	3	3	3	3	1	1	4	4	3	3	1	1	3	3	1	1	4	4	2	2	3	4	3	3	3	3	1	1	3	3	3	3	3	3	2	2	3	3	2	2	4	4	4	4	2	2	3	3	1	1	2	2	3	3	2	2	3	3	1	3	2	2	1	1	1	1	1	1	1	1	0	0	4	4	2	2	3	3	2	2	1	1	3	3	0	0	2	2	3	3	4	4	3	3	3	3	0	0	1	1	1	1	2	2	2	2	2	3	3	3	1	1	0	0	3	3	3	3	1	1	4	4	1	3	1	1	2	2	0	0	2	2	3	3
M018124_M173_10A	0	0	4	4	2	2	1	2	3	3	3	3	4	4	1	1	3	3	2	2	4	4	0	0	3	3	1	1	0	0	3	3	2	2	1	1	1	1	2	2	1	1	4	4	4	4	4	4	1	1	2	2	2	2	3	3	0	0	3	3	3	3	1	1	4	4	3	3	1	1	3	3	1	1	4	4	2	2	4	4	3	3	3	3	1	1	3	3	3	3	3	3	2	2	3	3	2	2	0	0	4	4	2	2	3	3	1	1	4	2	3	3	1	2	3	3	3	3	2	2	1	2	1	1	1	1	1	3	0	0	0	0	2	2	3	3	2	2	1	1	3	3	0	0	2	2	3	3	4	4	3	3	3	3	0	0	1	1	1	1	2	2	0	0	2	3	3	3	1	1	0	0	2	3	3	3	1	1	4	4	1	3	2	2	2	2	0	0	2	2	3	3
M018060_M173_2A	0	0	4	4	2	2	1	1	4	4	3	4	4	4	1	1	3	3	2	2	2	2	0	0	3	3	3	3	4	4	3	4	2	2	1	1	2	2	2	2	4	4	2	2	3	3	4	4	1	1	2	2	2	2	2	3	0	0	3	3	3	3	2	2	4	4	3	3	2	2	1	3	1	1	2	4	2	2	4	4	3	3	1	1	1	4	1	1	1	1	3	3	1	1	4	4	2	2	2	4	4	4	3	3	3	3	4	4	2	2	3	3	2	2	1	1	3	3	1	1	1	1	1	1	3	3	1	1	0	0	2	2	2	2	4	4	4	4	1	1	1	1	0	0	4	4	3	3	1	1	3	3	1	1	2	2	1	2	4	4	4	4	4	4	2	2	3	3	4	4	0	0	3	3	1	1	1	1	4	4	1	1	1	2	4	4	3	3	4	4	3	3
M018068_M173_3A	0	0	4	4	2	2	1	1	4	4	3	4	2	4	1	3	3	3	2	2	4	4	0	0	3	3	1	3	3	4	3	3	2	2	1	1	2	2	2	2	1	4	2	4	3	4	4	2	1	1	2	2	2	2	2	3	0	0	3	3	3	3	1	2	4	4	3	3	1	2	3	3	1	2	2	4	1	2	4	4	3	3	1	3	1	1	1	3	1	3	3	3	1	2	3	4	2	4	0	0	1	4	2	2	3	3	1	4	4	2	1	1	1	2	1	3	1	3	1	2	1	2	1	1	1	3	1	3	0	0	2	4	2	2	3	4	4	2	1	1	1	3	0	0	2	4	3	3	1	4	3	3	3	3	2	4	1	1	1	4	2	4	4	2	2	3	3	3	1	4	0	0	2	3	1	3	1	3	4	4	1	1	1	1	4	2	3	3	4	2	3	3
M018076_M173_4A	0	0	4	4	2	2	1	1	3	4	3	4	2	4	1	1	3	3	2	2	4	2	0	0	3	3	1	3	3	4	3	3	2	2	1	1	2	2	2	2	1	4	2	4	3	4	4	4	1	1	2	2	2	2	2	3	0	0	3	3	3	3	1	2	4	4	3	3	1	2	1	3	1	1	4	4	2	2	4	4	3	3	1	3	1	4	1	3	1	3	3	3	0	0	3	4	2	4	2	4	4	4	2	3	3	3	1	4	2	2	1	1	2	2	1	3	1	3	1	2	1	2	1	1	1	3	1	1	0	0	2	4	2	2	3	4	4	2	1	1	1	3	0	0	2	4	3	3	1	4	3	3	3	3	0	0	1	2	1	4	2	4	4	2	2	3	3	3	1	4	0	0	3	3	1	3	1	1	4	4	1	1	1	1	4	2	3	3	4	2	3	3
M021396_M207_11A	0	0	2	2	2	2	2	2	3	3	4	4	2	4	1	3	3	3	2	2	4	4	0	0	1	1	1	1	3	3	3	3	1	2	1	1	1	2	2	2	1	1	4	4	4	4	4	2	1	1	2	2	2	2	3	3	0	0	3	3	2	2	1	1	4	4	3	3	1	1	3	3	1	2	4	4	1	2	4	4	3	3	3	3	1	4	3	3	3	3	3	3	2	2	3	3	4	4	4	4	1	4	2	2	3	3	1	1	2	2	1	3	1	2	3	3	1	1	2	2	2	2	1	1	1	1	1	3	0	0	4	4	4	2	3	3	2	2	1	1	3	3	0	0	2	2	3	3	4	4	3	3	3	3	4	4	2	2	1	1	2	2	2	2	3	3	3	3	1	1	0	0	2	3	3	3	1	1	2	4	3	3	2	2	2	2	1	1	2	2	4	4
M021404_M207_12A	0	0	2	4	2	4	1	2	4	4	3	3	2	4	1	1	3	3	2	2	4	2	0	0	1	3	1	3	3	3	3	3	1	2	1	4	1	2	2	2	1	4	2	4	3	4	4	4	1	1	2	2	2	2	2	3	0	0	3	3	3	3	1	2	4	4	3	3	1	2	3	3	1	1	4	4	2	2	3	3	3	3	3	3	1	1	1	3	1	3	3	3	1	2	3	4	2	4	2	4	1	4	2	2	1	3	1	4	2	2	1	3	2	2	1	3	1	1	1	2	1	1	1	2	1	3	1	1	0	0	2	4	2	2	3	4	4	2	1	1	1	3	0	0	2	2	3	3	1	4	3	3	3	3	0	0	2	2	1	4	2	4	4	2	2	3	3	3	1	4	0	0	3	3	1	3	1	1	4	4	1	1	1	2	4	2	3	3	4	2	3	3
M024380_M239_5A	0	0	4	4	2	2	1	1	4	4	3	3	4	4	1	1	3	3	2	2	2	2	0	0	3	3	3	3	4	4	4	4	2	2	1	4	2	2	2	2	4	4	2	2	3	3	4	4	1	1	2	4	2	2	2	3	0	0	3	4	3	3	2	2	4	4	3	3	2	2	3	3	1	1	2	4	2	2	4	4	1	3	1	3	1	1	1	1	1	1	3	3	1	1	4	4	2	2	2	4	4	4	2	2	1	1	4	4	2	2	3	3	2	2	1	3	1	1	1	1	1	1	2	2	3	3	1	1	0	0	2	2	2	2	4	4	4	4	1	1	1	1	0	0	4	4	1	1	1	1	1	3	1	1	2	2	2	2	4	4	4	4	4	4	2	2	1	3	4	4	0	0	3	3	1	1	1	1	4	4	1	1	1	1	4	4	3	3	4	4	3	3
M024388_M239_6A	0	0	4	4	2	2	1	1	4	4	3	3	4	4	1	1	3	3	2	2	2	2	0	0	3	3	3	3	4	4	3	3	2	2	1	4	2	2	2	2	4	4	2	2	3	3	4	4	1	1	4	4	2	2	2	3	0	0	3	4	3	3	2	2	4	4	3	3	2	2	3	3	1	1	2	4	2	2	4	4	1	1	1	1	1	1	1	1	1	1	3	3	1	1	4	4	2	2	2	2	4	4	2	2	1	3	4	4	2	2	3	3	2	2	3	3	3	3	1	1	1	1	2	2	3	3	1	1	0	0	2	2	2	2	4	4	4	4	1	1	1	1	0	0	4	4	1	1	1	1	1	1	1	1	2	2	2	2	4	4	4	4	4	4	2	2	3	3	4	4	0	0	3	3	1	1	1	1	4	4	1	1	1	1	4	4	3	3	4	4	3	3
M024396_M239_7A	0	0	4	4	2	2	1	1	4	4	3	3	4	4	1	1	3	3	2	2	2	2	0	0	3	3	3	3	4	4	3	3	2	2	4	4	2	2	2	2	4	4	2	2	3	3	4	4	1	1	2	2	2	2	2	3	0	0	3	4	3	3	2	2	4	4	3	3	2	2	3	3	1	1	2	4	2	2	4	4	1	1	1	1	1	1	1	1	1	1	3	3	1	1	4	4	2	2	2	2	4	4	2	3	1	1	4	4	2	2	3	3	2	2	1	3	1	3	1	1	1	1	1	1	3	3	1	1	0	0	2	2	2	2	4	4	4	4	1	1	1	1	0	0	4	4	1	1	1	1	1	1	1	1	2	2	2	2	1	4	4	4	4	4	2	2	3	3	4	4	0	0	3	3	1	1	1	1	4	4	1	1	1	1	4	4	3	3	4	4	3	3
M018109_M173_8B	0	0	4	4	2	4	2	2	4	4	3	4	2	2	1	3	3	3	2	2	4	4	0	0	1	3	1	1	3	3	3	3	1	1	1	1	1	1	2	2	1	1	4	4	4	4	4	2	1	1	2	2	2	2	3	3	0	0	3	3	3	3	1	1	4	4	3	3	1	1	3	3	1	2	4	4	1	2	3	4	3	3	3	3	1	1	3	3	3	3	3	3	2	2	3	3	2	4	4	4	4	4	2	2	3	3	1	1	4	2	1	3	1	2	3	3	1	3	2	2	2	2	1	1	1	1	1	3	0	0	4	4	2	2	3	3	2	2	1	1	3	3	0	0	2	2	3	3	4	4	3	3	3	3	4	4	2	2	1	1	2	2	2	2	2	3	3	3	1	1	0	0	2	3	3	3	1	1	2	4	1	1	2	2	2	2	1	1	2	2	4	4
M018117_M173_9B	0	0	4	4	2	4	0	0	3	3	3	3	4	4	1	1	3	3	2	2	4	4	0	0	3	3	1	1	3	3	3	3	2	2	1	1	1	1	2	2	1	1	4	4	4	4	4	4	1	1	2	2	2	2	3	3	0	0	3	3	3	2	1	1	4	2	3	3	1	1	3	3	1	1	4	4	2	2	4	4	3	3	3	3	1	1	3	3	3	3	3	3	2	2	3	3	2	2	4	4	4	4	2	2	3	3	1	1	2	2	3	3	2	2	3	3	1	3	2	2	1	2	1	1	1	1	1	1	0	0	4	4	2	2	3	3	2	2	1	1	3	3	0	0	2	2	3	3	4	4	3	3	3	3	0	0	1	2	1	1	2	2	2	2	2	3	3	3	1	1	0	0	3	3	3	3	1	1	4	4	1	1	1	1	2	2	1	1	2	2	3	4
M018125_M173_10B	0	0	4	4	2	2	2	2	3	3	3	3	2	4	1	1	3	3	2	2	4	4	0	0	3	3	1	1	3	3	3	3	1	2	1	1	1	1	2	2	1	1	4	4	4	4	4	2	1	1	2	2	2	2	3	3	0	0	3	3	3	3	1	1	4	4	3	3	1	1	3	3	1	2	4	4	1	2	3	4	3	3	3	3	1	1	3	3	3	3	3	3	2	2	3	3	2	4	4	4	4	4	2	2	3	3	1	1	2	2	1	3	1	2	3	3	3	3	2	2	1	2	1	1	1	1	1	3	0	0	4	4	4	2	3	3	2	2	1	1	3	3	0	0	2	2	3	3	4	4	3	3	3	3	4	4	1	1	1	1	2	2	2	2	2	3	3	3	1	1	0	0	2	3	3	3	1	1	2	4	3	3	2	2	2	2	1	1	2	2	3	4
M018061_M173_2B	0	0	4	4	2	2	1	1	3	4	3	3	2	4	1	1	3	3	2	2	4	2	0	0	3	3	1	3	3	4	3	4	2	2	1	1	2	2	2	2	1	4	2	4	3	4	4	2	1	1	2	2	2	2	3	3	0	0	3	3	3	3	1	2	4	4	3	3	1	2	1	3	1	1	4	4	2	2	4	4	3	3	1	3	1	1	1	3	1	3	3	3	1	2	3	4	2	2	2	4	4	4	2	3	3	3	1	4	4	4	1	3	2	2	1	3	1	3	1	2	1	2	1	1	1	3	1	1	0	0	2	4	2	2	3	4	4	2	1	1	1	3	0	0	2	4	3	3	1	4	3	3	1	3	2	2	1	1	1	4	2	4	4	4	2	3	3	3	1	4	0	0	3	3	1	3	1	1	4	4	1	3	2	2	4	2	3	3	4	2	3	3
M018069_M173_3B	0	0	4	4	2	2	1	1	3	4	3	4	2	4	1	1	3	3	2	2	4	4	0	0	3	3	1	3	3	4	3	3	2	2	1	1	2	2	2	2	1	4	2	4	3	4	4	4	1	1	2	2	2	2	2	3	0	0	3	3	3	3	1	2	4	4	3	3	1	2	3	3	1	1	2	4	2	2	4	4	3	3	1	3	1	1	1	3	1	3	3	3	1	2	3	4	2	4	4	4	1	4	2	2	3	3	1	4	4	2	1	1	2	2	1	3	1	3	1	2	1	2	1	1	1	3	1	1	0	0	2	4	2	2	3	4	4	2	1	1	1	3	0	0	2	4	3	3	1	4	3	3	3	3	2	2	1	1	1	4	2	4	4	2	2	3	3	3	1	4	0	0	3	3	1	3	1	3	4	4	1	1	1	1	4	2	3	3	4	2	3	3
M018077_M173_4B	0	0	4	4	2	2	1	1	3	4	4	4	2	4	1	1	3	3	2	2	4	4	0	0	3	3	1	3	3	4	3	3	1	2	1	1	2	2	2	2	1	4	2	4	3	4	4	4	1	1	2	4	2	2	3	3	0	0	3	3	3	3	1	2	4	4	3	3	1	2	3	3	1	1	4	4	2	2	4	4	3	3	1	3	4	4	1	3	1	3	3	3	1	2	3	4	2	2	4	4	4	4	2	2	3	3	1	4	4	2	1	1	2	2	3	3	1	3	1	2	1	2	1	2	1	3	1	1	0	0	2	4	2	2	3	4	4	2	1	1	1	3	0	0	2	4	1	3	1	4	3	3	3	3	2	2	2	2	1	4	2	4	4	2	2	3	3	3	1	4	0	0	3	3	1	3	1	1	4	4	1	1	2	2	4	2	3	3	4	2	3	3
M021389_M207_10B	0	0	2	2	2	4	2	2	3	3	3	4	4	4	1	1	3	3	2	2	4	4	0	0	1	3	1	1	3	3	3	3	1	1	1	1	1	2	2	2	1	1	4	4	4	4	4	2	1	1	2	2	2	2	3	3	0	0	3	3	2	2	1	1	4	4	3	3	1	1	3	3	1	2	4	4	2	2	3	4	3	3	3	3	1	1	3	3	3	3	3	3	2	2	3	3	4	4	4	4	1	1	2	2	3	3	1	1	2	2	1	3	1	2	3	3	1	1	2	2	2	2	1	1	1	1	1	3	0	0	4	4	2	2	3	3	2	2	1	1	3	3	0	0	2	2	3	3	4	4	3	3	3	3	0	0	2	2	1	1	2	2	2	2	3	3	3	3	1	1	0	0	2	3	3	3	1	3	2	4	3	3	0	0	2	2	0	0	2	2	4	4
M021397_M207_11B	0	0	2	4	4	4	2	2	3	4	3	4	2	4	1	1	3	3	2	2	4	4	0	0	1	1	1	1	3	3	3	3	1	1	1	1	2	2	2	2	1	1	4	4	4	4	4	4	1	1	2	2	2	2	3	3	0	0	3	3	3	2	1	1	4	4	3	3	1	1	3	3	1	1	4	4	2	2	3	4	3	3	3	3	1	1	3	3	3	3	3	3	2	2	3	3	4	4	4	4	1	1	2	2	3	3	1	1	0	0	1	3	2	2	3	3	1	1	2	2	2	2	1	1	1	1	1	1	0	0	4	4	2	2	3	3	2	2	1	1	3	3	0	0	2	2	3	3	4	4	3	3	3	3	0	0	2	2	1	1	2	2	2	2	3	3	3	3	1	1	0	0	3	3	3	3	1	3	4	4	3	3	2	2	2	2	1	1	2	2	4	4
M021405_M207_12B	0	0	2	2	4	4	2	2	3	4	3	4	2	2	1	1	3	3	2	2	4	4	0	0	1	1	1	1	3	3	3	3	1	1	1	1	2	2	2	2	1	1	4	4	4	4	4	4	1	1	2	2	2	2	3	3	0	0	3	3	3	2	1	1	4	4	3	3	1	1	3	3	1	1	4	4	2	2	4	4	3	3	3	3	1	1	3	3	3	3	3	3	2	2	3	3	4	4	4	4	1	1	2	2	3	3	1	1	2	2	1	3	2	2	3	3	1	1	2	2	2	2	1	1	1	1	1	1	0	0	4	4	4	2	3	3	2	2	1	1	3	3	0	0	2	2	3	3	4	4	3	3	3	3	0	0	1	2	1	1	2	2	2	2	3	3	3	3	1	1	0	0	3	3	3	3	1	1	4	4	1	3	0	0	2	2	1	1	2	2	4	4
M024381_M239_5B	0	0	4	4	2	2	1	1	4	4	3	3	4	4	1	1	3	3	2	2	2	2	0	0	3	3	3	3	4	4	3	4	2	2	1	4	2	2	2	2	4	4	2	2	3	3	4	4	1	1	4	4	2	2	3	3	0	0	3	3	3	3	2	2	4	4	3	3	2	2	3	3	1	1	2	4	2	2	4	4	1	1	1	1	1	1	1	1	1	1	3	3	0	0	4	4	2	2	2	2	4	4	2	2	1	1	4	4	0	0	3	3	2	2	1	1	1	1	1	1	1	1	2	2	3	3	1	1	0	0	2	2	2	2	4	4	4	4	1	1	1	1	0	0	4	4	1	1	1	1	1	1	1	1	2	2	2	2	4	4	4	4	4	4	2	2	3	3	4	4	0	0	3	3	1	1	1	1	4	4	1	1	1	1	4	4	3	3	4	4	3	3
M024389_M239_6B	0	0	4	4	2	2	1	1	4	4	3	3	4	4	1	1	3	3	2	2	2	2	0	0	3	3	3	3	4	4	4	4	2	2	1	4	2	2	2	2	4	4	2	2	3	3	4	4	1	1	2	2	2	2	3	3	0	0	3	4	3	3	2	2	4	4	3	3	2	2	3	3	1	1	4	4	2	2	4	4	1	1	1	1	1	1	1	1	1	1	3	3	1	1	4	4	2	2	2	2	4	4	2	3	1	1	4	4	2	2	3	3	2	2	1	3	1	1	1	1	1	1	1	1	3	3	1	1	0	0	2	2	2	2	4	4	4	4	1	1	1	1	0	0	4	4	1	1	1	1	1	1	1	1	2	2	2	2	4	4	4	4	4	4	2	2	3	3	4	4	0	0	3	3	1	1	1	1	4	4	1	1	1	1	4	4	3	3	4	4	3	3
M024397_M239_7B	0	0	4	4	2	2	1	1	4	4	3	3	4	4	1	1	3	3	2	2	2	2	0	0	3	3	3	3	4	4	3	4	2	2	1	4	2	2	2	2	4	4	2	2	3	3	4	4	1	1	4	4	2	2	2	2	0	0	3	4	3	3	2	2	4	4	3	3	2	2	3	3	1	1	2	4	2	2	4	4	1	1	1	1	1	1	1	1	1	1	3	3	1	1	4	4	2	2	2	4	4	4	2	2	1	3	4	4	2	2	3	3	2	2	1	1	3	3	1	1	1	1	1	1	3	3	1	1	0	0	2	2	2	2	4	4	4	4	1	1	1	1	0	0	4	4	1	1	1	1	1	3	1	1	2	2	2	2	4	4	4	4	4	4	2	2	3	3	4	4	0	0	3	3	1	1	1	1	4	4	1	1	1	1	4	4	3	3	4	4	3	3
M018110_M173_8C	0	0	4	4	4	4	2	2	3	3	3	3	4	4	1	1	3	3	2	2	4	4	0	0	3	3	1	1	3	3	3	3	1	1	1	1	1	1	2	2	1	1	4	4	4	4	4	4	1	1	2	2	2	2	3	3	0	0	3	3	3	3	1	1	4	4	3	3	1	1	3	3	1	1	4	4	2	2	3	3	3	3	3	3	1	1	3	3	3	3	3	3	2	2	3	3	2	4	4	4	4	4	2	2	3	3	1	1	2	2	3	3	1	2	3	3	1	3	2	2	2	2	1	1	1	1	1	3	0	0	4	4	2	2	3	3	2	2	1	1	3	3	0	0	2	2	3	3	4	4	3	3	3	3	0	0	1	1	1	4	2	2	2	2	3	3	3	3	1	1	0	0	2	3	3	3	1	1	4	4	3	3	2	2	2	2	1	1	2	2	3	4
M018118_M173_9C	0	0	2	4	2	4	2	2	3	3	3	4	2	2	1	1	3	3	2	2	4	4	0	0	1	3	1	1	3	3	3	3	1	1	1	1	1	2	2	2	1	1	4	4	4	4	4	2	1	1	2	2	2	2	3	3	0	0	3	3	3	2	1	1	4	4	3	3	1	1	3	3	1	2	4	4	1	2	3	4	3	3	3	3	1	1	3	3	3	3	3	3	2	2	3	3	2	4	4	4	1	4	2	2	3	3	1	1	4	2	1	1	1	1	3	3	3	3	2	2	1	2	1	1	1	1	3	3	0	0	4	4	2	2	3	3	2	2	1	1	3	3	0	0	2	2	3	3	4	4	3	3	3	3	4	4	1	2	1	1	2	2	2	2	3	3	3	3	1	1	0	0	2	2	3	3	1	1	2	4	3	3	2	2	2	2	1	1	2	2	3	4
M018126_M173_10C	0	0	4	4	2	4	2	2	3	3	3	3	2	4	1	1	3	3	2	2	4	4	0	0	3	3	1	1	3	3	3	3	1	2	1	1	2	2	2	2	1	1	4	4	4	4	4	4	1	1	2	2	2	2	3	3	0	0	3	3	3	3	1	1	4	4	3	3	1	1	3	3	1	1	4	4	2	2	3	4	3	3	3	3	1	1	3	3	3	3	3	3	2	2	3	3	2	4	4	4	4	4	2	2	3	3	1	1	4	2	1	3	1	2	3	3	1	3	2	2	1	2	1	1	1	1	1	3	0	0	4	4	2	2	3	3	2	2	1	1	3	3	0	0	2	2	3	3	4	4	3	3	3	3	0	0	1	1	1	4	2	2	2	2	2	3	3	3	1	1	0	0	2	3	3	3	1	1	4	4	3	3	2	2	2	2	1	1	2	2	3	4
M018062_M173_2C	0	0	2	4	2	2	0	0	3	4	3	4	2	4	1	3	3	3	2	2	4	2	0	0	1	3	1	3	3	4	3	3	1	2	1	1	1	2	2	2	1	4	2	4	3	4	4	2	1	1	2	2	2	2	2	3	0	0	3	3	3	2	1	2	4	4	3	3	1	2	3	3	1	2	2	4	1	2	3	4	3	3	1	3	1	4	1	3	1	3	3	3	1	2	3	4	2	4	4	4	0	0	2	3	3	3	1	4	4	2	3	3	1	2	1	3	1	3	1	2	1	2	1	1	1	3	1	3	0	0	2	4	2	2	3	4	4	2	1	1	1	3	0	0	2	4	3	3	1	4	3	3	1	3	2	4	1	2	1	4	2	4	4	2	2	3	3	3	1	4	0	0	2	3	1	3	1	1	2	4	1	3	1	1	4	2	3	3	4	2	0	0
M018070_M173_3C	0	0	4	4	2	2	1	1	4	4	3	4	4	4	1	1	3	3	2	2	2	2	0	0	3	3	3	3	4	4	3	3	2	2	1	1	2	2	2	2	4	4	2	2	3	3	4	4	1	1	2	2	2	2	2	3	0	0	3	3	3	3	2	2	4	4	3	3	2	2	3	3	1	1	4	4	2	2	4	4	3	3	1	1	4	4	1	1	1	1	3	3	1	1	4	4	2	2	4	4	4	4	3	3	1	1	4	4	2	2	3	3	2	2	1	1	1	3	1	1	1	1	1	1	3	3	1	1	0	0	2	2	2	2	4	4	4	4	1	1	1	1	0	0	4	4	3	3	1	1	3	3	1	1	2	2	2	2	4	4	4	4	4	4	2	2	3	3	4	4	0	0	3	3	1	1	1	1	4	4	1	1	1	2	4	4	3	3	4	4	3	3
M018078_M173_4C	0	0	2	4	2	2	1	1	3	4	4	4	4	4	1	1	3	3	2	2	4	2	0	0	1	3	1	3	3	4	3	3	2	2	1	1	1	2	2	2	1	4	2	4	3	4	4	2	1	1	2	2	2	2	3	3	0	0	3	3	3	2	1	2	4	4	3	3	1	2	3	3	1	2	0	0	1	2	3	4	3	3	1	3	1	1	1	3	1	3	3	3	1	2	3	4	2	2	0	0	4	4	2	3	1	3	1	4	2	2	3	3	1	2	1	3	1	3	1	2	1	1	1	1	1	3	1	3	0	0	2	4	4	2	3	4	4	2	1	1	1	3	0	0	2	4	3	3	1	4	3	3	1	3	2	4	1	2	1	4	2	4	4	2	2	2	3	3	1	4	0	0	2	3	1	3	1	1	2	4	1	3	2	2	4	2	3	3	4	2	3	4
M021390_M207_10C	0	0	2	4	2	4	2	2	3	3	3	3	4	4	1	1	3	3	2	2	4	4	0	0	1	3	1	1	3	3	3	3	1	2	1	1	1	2	2	2	1	1	4	4	4	4	4	4	1	1	2	2	2	2	3	3	0	0	3	3	3	2	1	1	4	4	3	3	1	1	3	3	1	1	4	4	2	2	3	4	3	3	3	3	1	1	3	3	3	3	3	3	2	2	3	3	2	4	4	4	1	4	2	2	3	3	1	1	2	2	3	3	2	2	3	3	3	3	2	2	2	2	1	1	1	1	1	1	0	0	4	4	2	2	3	3	2	2	1	1	3	3	0	0	2	2	3	3	4	4	3	3	3	3	0	0	1	2	1	1	2	2	2	2	2	3	3	3	1	1	0	0	3	3	3	3	1	3	4	4	3	3	2	2	2	2	1	1	2	2	3	4
M021398_M207_11C	0	0	2	2	4	4	2	2	3	3	3	4	2	2	1	1	3	3	2	2	4	4	0	0	1	1	1	1	3	3	3	3	1	1	1	1	2	2	2	2	1	1	4	4	4	4	4	4	1	1	2	2	2	2	3	3	0	0	3	3	2	2	1	1	4	4	3	3	1	1	0	0	1	1	4	4	2	2	3	4	3	3	3	3	1	1	3	3	3	3	3	3	2	2	3	3	4	4	4	4	1	1	2	2	3	3	1	1	2	2	1	1	0	0	3	3	1	1	2	2	2	2	1	1	1	1	3	3	0	0	4	4	2	2	3	3	2	2	1	1	3	3	0	0	2	2	3	3	4	4	3	3	3	3	0	0	1	1	1	1	2	2	2	2	3	3	3	3	1	1	0	0	2	2	3	3	1	1	4	4	1	3	2	2	2	2	1	1	2	2	4	4
M021406_M207_12C	0	0	2	4	2	4	1	2	3	4	3	3	4	4	1	1	3	3	2	2	4	2	0	0	1	3	1	3	3	3	3	3	1	2	1	4	2	2	2	2	1	4	2	4	3	4	4	4	1	1	2	2	2	2	2	3	0	0	3	3	3	2	1	2	4	4	3	3	1	2	3	3	1	1	4	4	2	2	3	3	3	3	3	3	1	1	1	3	1	3	3	3	1	2	3	4	2	4	2	4	1	4	2	2	1	3	1	4	2	2	1	3	2	2	1	3	1	1	1	2	1	2	1	2	1	3	1	1	0	0	2	4	2	2	3	4	4	2	1	1	1	3	0	0	2	2	3	3	1	4	3	3	3	3	2	2	1	2	1	4	2	4	4	2	2	3	3	3	1	4	0	0	3	3	1	3	1	3	4	4	1	3	1	1	4	2	3	3	4	2	0	0
M024382_M239_5C	0	0	4	4	2	2	1	1	4	4	3	3	4	4	1	1	3	3	2	2	2	2	0	0	3	3	3	3	4	4	3	4	2	2	4	4	2	2	2	2	4	4	2	2	3	3	4	4	1	1	2	4	2	2	2	3	0	0	3	4	3	3	2	2	4	4	3	3	2	2	3	3	1	1	2	4	2	2	4	4	1	1	1	1	1	1	1	1	1	1	3	3	1	1	4	4	2	2	2	2	4	4	2	3	1	1	4	4	2	2	3	3	2	2	3	3	1	3	1	1	1	1	1	1	3	3	1	1	0	0	2	2	2	2	4	4	4	4	1	1	1	1	0	0	4	4	1	1	1	1	1	1	1	1	2	2	2	2	4	4	4	4	4	4	2	2	3	3	4	4	0	0	3	3	1	1	1	1	4	4	1	1	1	2	4	4	3	3	4	4	3	3
M024390_M239_6C	0	0	4	4	2	2	1	1	4	4	3	3	4	4	1	1	3	3	2	2	2	2	0	0	3	3	3	3	4	4	3	4	2	2	1	4	2	2	2	2	4	4	2	2	3	3	4	4	1	1	2	4	2	2	2	2	0	0	3	3	3	3	2	2	4	4	3	3	2	2	3	3	1	1	4	4	2	2	4	4	1	1	1	1	1	1	1	1	1	1	3	3	1	1	4	4	2	2	2	2	4	4	2	3	1	1	4	4	2	2	3	3	2	2	1	1	1	3	1	1	1	1	1	2	3	3	1	1	0	0	2	2	2	2	4	4	4	4	1	1	1	1	0	0	4	4	1	1	1	1	1	3	1	1	2	2	2	2	4	4	4	4	4	4	2	2	3	3	4	4	0	0	3	3	1	1	1	1	4	4	1	1	2	2	4	4	3	3	4	4	3	3
M024398_M239_7C	0	0	4	4	2	2	1	1	4	4	3	3	4	4	1	1	3	3	2	2	2	2	0	0	3	3	3	3	4	4	4	4	2	2	1	4	2	2	2	2	4	4	2	2	3	3	4	4	1	1	2	4	2	2	2	2	0	0	3	4	3	3	2	2	4	4	3	3	2	2	3	3	1	1	2	4	2	2	4	4	1	1	1	1	1	1	1	1	1	1	3	3	1	1	4	4	2	2	2	2	4	4	2	2	1	1	4	4	2	2	3	3	2	2	1	3	1	3	1	1	1	1	1	1	3	3	1	1	0	0	2	2	2	2	0	0	4	4	1	1	1	1	0	0	4	4	1	1	1	1	1	3	1	1	2	2	2	2	1	4	4	4	4	4	2	2	3	3	4	4	0	0	3	3	1	1	1	1	4	4	1	1	0	0	4	4	3	3	4	4	3	3
M018111_M173_8D	0	0	4	4	2	2	1	1	4	4	3	3	4	4	1	1	3	3	2	2	2	2	0	0	3	3	3	3	4	4	3	3	2	2	1	4	2	2	2	2	4	4	2	2	3	3	4	4	1	1	2	4	2	2	2	2	0	0	3	3	3	3	2	2	4	4	3	3	2	2	1	1	1	1	0	0	2	2	4	4	1	3	1	1	1	1	1	1	1	1	1	3	1	1	4	4	2	2	2	4	4	4	2	3	3	3	4	4	4	2	3	3	2	2	1	1	1	3	1	1	1	1	1	1	3	3	1	1	0	0	2	2	2	2	4	4	4	4	1	1	1	1	0	0	4	4	1	1	1	1	1	3	1	1	2	2	1	2	1	4	4	4	4	4	2	2	3	3	4	4	0	0	3	3	1	1	1	1	4	4	1	1	0	0	4	4	3	3	4	4	3	3
M018119_M173_9D	0	0	4	4	2	2	2	2	3	3	3	3	4	4	1	1	3	3	2	2	4	4	0	0	3	3	1	1	3	3	3	3	1	2	1	1	1	1	2	2	1	1	4	4	4	4	2	2	1	1	2	2	2	2	3	3	0	0	3	3	3	3	1	1	4	4	3	3	1	1	0	0	2	2	4	4	1	1	4	4	3	3	3	3	1	1	3	3	3	3	3	3	2	2	3	3	2	4	4	4	4	4	2	2	3	3	1	1	2	2	3	3	1	1	3	3	1	3	2	2	1	2	1	1	1	1	3	3	0	0	4	4	2	2	3	3	2	2	1	1	3	3	0	0	2	2	3	3	4	4	3	3	3	3	4	4	1	1	1	1	2	2	2	2	2	3	3	3	1	1	0	0	2	2	3	3	1	1	2	2	1	3	2	2	2	2	0	0	2	2	3	4
M018127_M173_10D	0	0	4	4	2	4	2	2	3	3	3	3	4	4	1	1	3	3	2	2	4	4	0	0	3	3	1	1	3	3	3	3	2	2	1	1	1	1	2	2	1	1	4	4	4	4	4	4	1	1	2	2	2	2	3	3	0	0	3	3	3	3	1	1	4	4	3	3	1	1	3	3	1	1	4	4	2	2	3	4	3	3	3	3	1	1	3	3	3	3	3	3	2	2	3	3	2	2	4	4	4	4	2	2	3	3	1	1	4	2	3	3	2	2	3	3	1	3	2	2	1	2	1	1	1	1	1	1	0	0	4	4	2	2	3	3	2	2	1	1	3	3	0	0	2	2	3	3	4	4	3	3	3	3	0	0	1	1	1	1	2	2	2	2	2	2	3	3	1	1	0	0	3	3	3	3	1	1	4	4	1	1	1	1	2	2	1	1	2	2	3	3
M018063_M173_2D	0	0	4	4	2	2	1	1	4	4	3	3	4	4	1	1	3	3	2	2	2	2	0	0	3	3	3	3	4	4	3	3	2	2	1	1	2	2	2	2	4	4	2	2	3	3	4	4	1	1	2	2	2	2	2	3	0	0	3	3	3	3	2	2	4	4	3	3	2	2	3	3	1	1	2	4	2	2	4	4	3	3	1	1	1	1	1	1	1	1	3	3	1	1	4	4	2	2	4	4	4	4	2	2	3	3	4	4	2	2	3	3	2	2	1	1	1	3	1	1	1	1	1	2	3	3	1	1	0	0	2	2	2	2	4	4	4	4	1	1	1	1	0	0	4	4	3	3	1	1	3	3	0	0	2	2	1	1	4	4	4	4	4	4	2	2	3	3	4	4	0	0	3	3	1	1	1	1	4	4	1	1	1	2	4	4	3	3	4	4	3	3
M018071_M173_3D	0	0	2	4	2	2	1	1	3	4	3	4	2	4	1	1	3	3	2	2	4	2	0	0	1	3	1	3	3	4	3	3	1	2	1	1	2	2	2	2	1	4	2	4	3	4	4	2	1	1	2	2	2	2	3	3	0	0	3	3	3	3	1	2	4	4	3	3	1	2	3	3	1	2	0	0	1	2	4	4	3	3	3	3	1	1	1	3	1	3	3	3	1	2	3	4	2	4	2	4	4	4	2	2	3	3	1	4	4	2	1	1	1	2	1	3	1	3	1	2	1	2	1	1	1	3	1	3	0	0	2	4	2	2	3	4	4	2	1	1	1	3	0	0	2	4	3	3	1	4	1	3	1	3	2	4	1	2	1	4	2	4	4	2	2	3	3	3	1	4	0	0	2	3	1	3	1	1	4	4	1	3	2	2	4	2	3	3	4	2	3	3
M018079_M173_4D	0	0	2	4	2	4	0	0	3	4	4	4	2	4	1	1	3	3	2	2	4	2	0	0	1	3	1	3	3	4	3	3	1	2	1	1	1	2	2	2	1	4	2	4	3	4	4	4	1	1	2	2	2	2	2	3	0	0	3	3	3	2	1	2	4	4	3	3	1	2	3	3	1	1	4	4	2	2	3	4	1	3	1	3	1	4	1	3	1	3	3	3	1	2	3	4	2	4	4	4	4	4	2	2	3	3	1	4	2	2	3	3	2	2	1	3	1	1	1	2	1	2	1	1	1	3	1	1	0	0	2	4	2	2	3	4	4	2	1	1	1	3	0	0	2	4	1	3	1	4	1	3	1	3	2	2	1	2	1	1	2	4	4	2	2	3	3	3	1	4	0	0	3	3	1	3	1	1	4	4	1	3	2	2	4	2	3	3	4	2	3	3
M021391_M207_10D	0	0	2	4	2	4	2	2	3	3	4	4	2	4	1	1	3	3	2	2	4	4	0	0	1	3	1	1	3	3	3	3	1	2	1	1	1	2	2	2	1	1	4	4	4	4	4	4	1	1	2	2	2	2	3	3	0	0	3	3	3	2	1	1	4	4	3	3	1	1	3	3	1	1	4	4	2	2	3	4	3	3	3	3	1	4	3	3	3	3	3	3	2	2	3	3	4	4	4	4	1	4	2	2	3	3	1	1	2	2	1	1	1	2	3	3	1	1	2	2	2	2	1	1	1	1	1	3	0	0	4	4	2	2	3	3	2	2	1	1	3	3	0	0	2	2	3	3	4	4	3	3	3	3	0	0	2	2	1	1	2	2	2	2	3	3	3	3	1	1	0	0	2	3	3	3	1	1	4	4	3	3	2	2	2	2	1	1	2	2	3	4
M021399_M207_11D	0	0	2	4	2	4	1	1	4	4	4	4	2	4	1	1	3	3	2	2	4	2	0	0	1	3	1	3	3	3	3	3	2	2	1	4	1	2	2	2	1	4	2	4	3	4	4	2	1	1	2	2	2	2	2	3	0	0	3	3	3	2	1	2	4	4	3	3	1	2	3	3	1	2	4	4	1	2	3	3	3	3	3	3	1	4	1	3	1	3	3	3	1	2	3	4	2	2	2	4	1	4	2	2	1	3	1	4	2	2	1	3	1	2	1	3	1	3	1	2	1	1	1	2	1	3	1	3	0	0	2	4	4	2	3	4	4	2	1	1	1	3	0	0	2	2	3	3	1	4	3	3	3	3	0	0	2	2	1	4	2	4	4	2	2	3	3	3	1	4	0	0	2	3	1	3	1	1	2	4	1	1	1	2	4	2	3	3	4	2	3	3
M021407_M207_12D	0	0	4	4	2	2	1	2	3	4	3	4	4	4	1	1	3	3	2	2	4	2	0	0	1	3	1	3	3	3	3	3	1	2	1	4	2	2	2	2	1	4	2	4	3	4	4	4	1	1	2	2	2	2	2	3	0	0	3	3	3	3	1	2	4	4	3	3	1	2	3	3	1	1	4	4	2	2	3	4	3	3	3	3	1	4	1	3	1	3	3	3	1	2	3	4	2	4	2	4	4	4	2	2	1	3	1	4	2	2	3	3	2	2	1	3	1	1	1	2	1	1	1	2	1	3	1	1	0	0	2	4	2	2	3	4	4	2	1	1	1	3	0	0	2	2	3	3	1	4	3	3	3	3	2	2	1	2	1	4	2	4	4	2	2	3	3	3	1	4	0	0	3	3	1	3	1	1	4	4	1	3	1	2	4	2	3	3	4	2	0	0
M024383_M239_5D	0	0	4	4	2	2	1	1	4	4	3	3	4	4	1	1	3	3	2	2	2	2	0	0	3	3	3	3	4	4	4	4	2	2	4	4	2	2	2	2	4	4	2	2	3	3	4	4	1	1	2	2	2	2	3	3	0	0	3	4	3	3	2	2	4	4	3	3	2	2	3	3	1	1	2	4	2	2	4	4	1	1	1	1	1	1	1	1	1	1	3	3	1	1	4	4	2	2	2	2	4	4	2	2	1	3	4	4	2	2	3	3	2	2	1	1	3	3	1	1	1	1	1	2	3	3	1	1	0	0	2	2	2	2	4	4	4	4	1	1	1	1	0	0	4	4	1	1	1	1	1	1	1	1	2	2	2	2	4	4	4	4	4	4	2	2	3	3	4	4	0	0	3	3	1	1	1	1	4	4	1	1	2	2	4	4	3	3	4	4	3	3
M024391_M239_6D	0	0	4	4	2	2	1	1	4	4	3	3	4	4	1	1	3	3	2	2	2	2	0	0	3	3	3	3	4	4	3	4	2	2	4	4	2	2	2	2	4	4	2	2	3	3	4	4	1	1	2	2	2	2	2	3	0	0	3	4	3	3	0	0	4	4	3	3	2	2	3	3	1	1	2	4	2	2	4	4	1	3	1	1	1	1	1	1	1	1	3	3	1	1	4	4	2	2	2	2	4	4	2	2	1	3	4	4	2	2	3	3	2	2	1	1	1	3	1	1	1	1	1	1	3	3	1	1	0	0	2	2	2	2	4	4	4	4	1	1	1	1	0	0	4	4	1	1	1	1	1	1	1	1	2	2	2	2	4	4	4	4	4	4	2	2	3	3	4	4	0	0	3	3	1	1	1	1	4	4	1	1	1	1	4	4	3	3	4	4	3	3
M024399_M239_7D	0	0	4	4	2	2	1	1	4	4	3	3	4	4	1	1	3	3	2	2	2	2	0	0	3	3	3	3	4	4	4	4	2	2	1	4	2	2	2	2	4	4	2	2	3	3	4	4	1	1	4	4	2	2	2	3	0	0	3	3	3	3	2	2	4	4	3	3	2	2	3	3	1	1	2	4	2	2	4	4	1	3	1	1	1	1	1	1	1	1	3	3	1	1	4	4	2	2	2	4	4	4	2	3	1	3	4	4	2	2	3	3	2	2	1	1	3	3	1	1	1	1	1	2	3	3	1	1	0	0	2	2	2	2	4	4	4	4	1	1	1	1	0	0	4	4	1	1	1	1	1	3	1	1	2	2	2	2	4	4	4	4	4	4	2	2	3	3	4	4	0	0	3	3	1	1	1	1	4	4	1	1	2	2	4	4	3	3	4	4	3	3
M018112_M173_8E	0	0	4	4	2	2	2	2	3	3	3	4	4	4	1	1	3	3	2	2	4	4	0	0	3	3	1	1	3	3	3	3	2	2	1	1	1	1	2	2	1	1	4	4	4	4	4	4	1	1	2	2	2	2	3	3	0	0	3	3	3	3	1	1	4	4	3	3	1	1	3	3	1	1	4	4	2	2	3	4	3	3	3	3	1	1	3	3	3	3	3	3	2	2	3	3	2	4	4	4	1	4	2	2	3	3	1	1	2	2	3	3	2	2	3	3	3	3	2	2	1	2	1	1	1	1	0	0	0	0	4	4	2	2	3	3	2	2	1	1	3	3	0	0	2	2	3	3	4	4	3	3	3	3	0	0	1	2	1	4	2	2	2	2	2	3	3	3	1	1	0	0	3	3	3	3	1	1	4	4	1	3	0	0	2	2	0	0	2	2	3	4
M018120_M173_9E	0	0	4	4	2	4	2	2	3	3	3	4	2	4	1	1	3	3	2	2	4	4	0	0	3	3	1	1	3	3	3	3	1	2	1	1	1	2	2	2	1	1	4	4	4	4	4	2	1	1	2	2	2	2	3	3	0	0	3	3	3	3	1	1	4	4	3	3	1	1	3	3	1	1	4	4	1	2	3	4	3	3	3	3	1	1	3	3	3	3	3	3	2	2	3	3	2	4	4	4	4	4	2	2	3	3	1	1	2	2	3	3	1	2	3	3	3	3	2	2	1	2	1	1	1	1	1	3	0	0	4	4	2	2	3	3	2	2	1	1	3	3	0	0	2	2	3	3	4	4	3	3	3	3	4	4	1	2	1	1	2	2	2	2	2	3	3	3	1	1	0	0	2	3	3	3	1	1	4	4	1	3	2	2	2	2	1	1	2	2	3	3
M018128_M173_10E	0	0	4	4	2	4	2	2	3	3	3	3	2	4	1	1	3	3	2	2	4	4	0	0	3	3	1	1	3	3	3	3	1	1	1	1	1	2	2	2	1	1	4	4	4	4	4	4	1	1	2	2	2	2	3	3	0	0	3	3	3	3	1	1	4	4	3	3	1	1	3	3	1	1	4	4	2	2	3	4	3	3	3	3	1	1	3	3	3	3	3	3	2	2	3	3	2	4	4	4	4	4	2	2	3	3	1	1	4	2	1	3	1	2	3	3	3	3	2	2	1	1	1	1	1	1	1	3	0	0	4	4	2	2	3	3	2	2	1	1	3	3	0	0	2	2	3	3	4	4	3	3	3	3	4	4	1	1	1	4	2	2	2	2	2	2	3	3	1	1	0	0	2	3	3	3	1	1	4	4	1	3	1	2	2	2	1	1	2	2	3	4
M018064_M173_2E	0	0	2	4	2	2	1	2	3	3	3	3	2	4	1	1	3	3	2	2	4	4	0	0	1	3	1	1	3	3	3	3	2	2	1	1	1	1	2	2	1	1	4	4	4	4	2	2	1	1	2	2	2	2	3	3	0	0	3	3	3	2	1	1	4	4	3	3	1	1	3	3	2	2	4	4	1	1	3	4	3	3	3	3	1	4	3	3	3	3	3	3	2	2	3	3	2	4	4	4	1	4	2	2	3	3	1	1	4	2	1	3	1	1	3	3	1	3	2	2	1	2	1	1	1	1	3	3	0	0	4	4	4	2	3	3	2	2	1	1	3	3	0	0	2	2	3	3	4	4	3	3	3	3	4	4	1	2	1	1	2	2	2	2	2	3	3	3	1	1	0	0	2	2	3	3	1	3	2	2	1	3	2	2	2	2	0	0	2	2	3	4
M018072_M173_3E	0	0	4	4	2	2	1	1	3	4	3	3	2	4	1	1	3	3	2	2	4	2	0	0	3	3	1	3	3	4	3	3	1	2	1	1	2	2	2	2	1	4	2	4	3	4	4	2	1	1	2	2	2	2	3	3	0	0	3	3	3	3	1	2	4	4	3	3	1	2	3	3	1	2	4	4	1	2	4	4	3	3	1	3	4	4	1	3	1	3	3	3	1	2	3	4	2	4	4	4	4	4	2	3	1	3	1	4	4	2	1	1	1	2	1	3	1	3	1	2	1	2	1	1	1	3	1	3	0	0	2	4	2	2	3	4	4	2	1	1	1	3	0	0	2	4	3	3	1	4	3	3	1	3	2	4	2	2	1	4	2	4	4	4	2	3	3	3	1	4	0	0	2	3	1	3	1	1	4	4	1	3	1	2	4	2	3	3	4	2	3	3
M018080_M173_4E	0	0	4	4	2	2	1	1	3	4	3	3	2	4	1	3	3	3	2	2	4	2	0	0	3	3	1	3	3	4	3	3	1	2	1	1	2	2	2	2	1	4	2	4	3	4	4	4	1	1	2	2	2	2	2	3	0	0	3	3	3	3	1	2	4	4	3	3	1	2	3	3	1	1	4	4	2	2	4	4	1	3	1	3	1	4	1	3	1	3	3	3	1	2	3	4	2	2	4	4	4	4	2	2	3	3	1	4	4	2	1	3	2	2	1	3	1	3	1	2	1	2	1	1	1	3	1	1	0	0	2	4	2	2	3	4	4	2	1	1	1	3	0	0	2	4	1	3	1	4	1	3	1	3	2	2	2	2	1	1	2	4	4	4	2	3	3	3	1	4	0	0	3	3	1	3	1	3	4	4	1	1	2	2	4	2	3	3	4	2	3	3
M021392_M207_10E	0	0	4	4	2	2	2	2	3	4	3	3	2	4	1	1	3	3	2	2	4	4	0	0	1	3	1	1	3	3	3	3	1	2	1	1	1	2	2	2	1	1	4	4	4	4	4	4	1	1	2	2	2	2	3	3	0	0	3	3	3	3	1	1	4	4	3	3	1	1	3	3	1	2	4	4	1	2	4	4	3	3	3	3	1	1	3	3	3	3	3	3	2	2	3	3	2	4	4	4	1	4	2	2	3	3	1	1	2	2	1	3	1	2	3	3	1	1	2	2	1	2	1	1	1	1	1	3	0	0	4	4	2	2	3	3	2	2	1	1	3	3	0	0	2	2	3	3	4	4	3	3	3	3	4	4	1	2	1	1	2	2	2	2	3	3	3	3	1	1	0	0	2	3	3	3	1	1	4	4	3	3	2	2	2	2	1	1	2	2	3	4
M021400_M207_11E	0	0	4	4	2	4	1	2	4	4	3	3	2	4	1	1	3	3	2	2	4	2	0	0	3	3	1	3	3	3	3	3	1	2	1	4	1	2	2	2	1	4	2	4	3	4	4	2	1	1	2	2	2	2	2	3	0	0	3	3	3	3	1	2	4	4	3	3	1	2	3	3	1	2	4	4	1	2	3	3	3	3	3	3	1	1	1	3	1	3	3	3	1	2	3	4	2	4	2	4	1	4	2	2	1	3	1	4	2	2	1	3	1	2	1	3	3	3	1	2	1	2	1	2	1	3	1	3	0	0	2	4	2	2	3	4	4	2	1	1	1	3	0	0	2	2	3	3	1	4	3	3	3	3	0	0	1	1	1	4	2	4	4	4	2	3	3	3	1	4	0	0	2	3	1	3	1	1	2	4	1	3	1	1	4	2	3	3	4	2	3	3
M021408_M207_12E	0	0	2	2	4	4	2	2	4	4	3	4	2	2	1	1	3	3	2	2	4	4	0	0	1	1	1	1	3	3	3	3	1	2	1	1	1	2	2	2	1	1	4	4	4	4	4	2	1	1	2	2	2	2	3	3	0	0	3	3	2	2	1	1	4	4	3	3	1	1	3	3	2	2	4	4	1	1	3	3	3	3	3	3	1	1	3	3	3	3	3	3	2	2	3	3	2	4	4	4	1	1	2	2	3	3	1	1	2	2	1	1	0	0	3	3	1	1	2	2	1	1	1	1	1	1	3	3	0	0	4	4	4	2	3	3	2	2	1	1	3	3	0	0	2	2	3	3	4	4	3	3	3	3	4	4	2	2	1	1	2	2	2	2	3	3	3	3	1	1	0	0	2	2	3	3	1	1	2	4	1	3	2	2	2	2	1	1	2	2	0	0
M024384_M239_5E	0	0	4	4	2	2	1	1	4	4	3	3	4	4	1	1	3	3	2	2	2	2	0	0	3	3	3	3	4	4	4	4	2	2	4	4	2	2	2	2	4	4	2	2	3	3	4	4	1	1	2	2	2	2	2	3	0	0	3	4	3	3	2	2	4	4	3	3	2	2	3	3	1	1	2	4	2	2	4	4	1	1	1	1	1	1	1	1	1	1	3	3	0	0	4	4	2	2	2	2	4	4	2	3	1	1	4	4	2	2	3	3	2	2	1	1	1	3	1	1	1	1	1	2	3	3	1	1	0	0	2	2	2	2	4	4	4	4	1	1	1	1	0	0	4	4	1	1	1	1	1	1	1	1	2	2	2	2	4	4	4	4	4	4	2	2	3	3	4	4	0	0	3	3	1	1	1	1	4	4	1	1	1	1	4	4	3	3	4	4	3	3
M024392_M239_6E	0	0	4	4	2	2	1	1	4	4	3	3	4	4	1	1	3	3	2	2	2	2	0	0	3	3	3	3	4	4	4	4	2	2	1	4	2	2	2	2	4	4	2	2	3	3	4	4	1	1	2	2	2	2	3	3	0	0	3	3	3	3	2	2	4	4	3	3	2	2	3	3	1	1	2	4	2	2	4	4	1	3	1	1	1	1	1	1	1	1	3	3	1	1	4	4	2	2	2	4	4	4	2	2	1	3	4	4	2	2	3	3	2	2	1	1	1	3	1	1	1	1	1	1	3	3	1	1	0	0	2	2	2	2	4	4	4	4	1	1	1	1	0	0	4	4	1	1	1	1	1	3	1	1	2	2	2	2	4	4	4	4	4	4	2	2	3	3	4	4	0	0	3	3	1	1	1	1	4	4	1	1	1	1	4	4	3	3	4	4	3	3
M024400_M239_7E	0	0	4	4	2	2	1	1	4	4	3	3	4	4	1	1	3	3	2	2	2	2	0	0	3	3	3	3	4	4	3	4	2	2	1	4	2	2	2	2	4	4	2	2	3	3	4	4	1	1	4	4	2	2	2	3	0	0	3	4	3	3	2	2	4	4	3	3	2	2	3	3	1	1	4	4	2	2	4	4	1	1	1	1	1	1	1	1	1	1	3	3	0	0	4	4	2	2	2	2	4	4	2	2	1	1	4	4	2	2	3	3	2	2	1	3	1	3	1	1	1	1	2	2	3	3	1	1	0	0	2	2	2	2	4	4	4	4	1	1	1	1	0	0	4	4	1	3	1	1	1	1	1	1	2	2	2	2	4	4	4	4	4	4	2	2	1	3	4	4	0	0	3	3	1	1	1	1	4	4	1	1	1	1	4	4	3	3	4	4	3	3
M018113_M173_8F	0	0	4	4	2	2	1	2	3	4	3	3	4	4	1	1	3	3	2	2	4	2	0	0	3	3	1	3	3	4	3	3	1	2	1	1	2	2	2	2	1	4	2	4	3	4	4	4	1	1	2	4	2	2	2	3	0	0	3	3	3	3	1	2	4	4	3	3	1	2	1	1	1	1	4	4	2	2	4	4	3	3	1	3	1	1	1	3	1	3	1	3	2	2	3	4	2	4	2	4	4	4	2	3	3	3	1	4	4	2	3	3	1	2	1	3	1	3	1	2	1	2	1	1	1	3	1	3	0	0	2	4	2	2	3	4	4	2	1	1	1	3	0	0	2	4	1	3	1	4	3	3	3	3	2	2	1	1	1	4	2	4	4	4	2	3	3	3	1	4	0	0	2	3	1	3	1	1	4	4	1	3	2	2	4	2	3	3	4	2	3	3
M018121_M173_9F	0	0	2	4	2	2	1	2	3	3	3	3	4	4	1	1	3	3	2	2	4	4	0	0	1	3	1	1	3	3	3	3	2	2	1	1	1	1	2	2	1	1	4	4	4	4	4	4	1	1	2	2	2	2	3	3	0	0	3	3	3	3	1	1	4	4	3	3	1	1	3	3	1	1	4	4	2	2	3	4	3	3	3	3	1	1	3	3	3	3	3	3	2	2	3	3	2	4	4	4	4	4	2	2	3	3	1	1	2	2	3	3	2	2	3	3	1	3	2	2	1	2	1	1	1	1	1	1	0	0	4	4	2	2	3	3	2	2	1	1	3	3	0	0	2	2	3	3	4	4	3	3	3	3	0	0	1	1	1	1	2	2	2	2	2	2	3	3	1	1	0	0	3	3	3	3	1	1	4	4	3	3	1	1	2	2	0	0	2	2	3	3
M018129_M173_10F	0	0	4	4	2	2	2	2	3	3	3	3	4	4	1	1	3	3	2	2	4	4	0	0	3	3	1	1	3	3	3	3	1	2	1	1	1	1	2	2	1	1	4	4	4	4	4	4	1	1	2	2	2	2	3	3	0	0	3	3	3	3	1	1	4	4	3	3	1	1	3	3	1	1	4	4	2	2	4	4	3	3	3	3	1	1	3	3	3	3	3	3	2	2	3	3	2	4	4	4	4	4	2	2	3	3	1	1	4	2	3	3	1	2	3	3	3	3	2	2	2	2	1	1	1	1	1	3	0	0	4	4	2	2	3	3	2	2	1	1	3	3	0	0	2	2	3	3	4	4	3	3	3	3	0	0	1	1	1	1	2	2	2	2	3	3	3	3	1	1	0	0	2	3	3	3	1	1	4	4	3	3	0	0	2	2	0	0	2	2	3	3
M018065_M173_2F	0	0	4	4	2	2	1	1	4	4	3	4	4	4	1	1	3	3	2	2	2	2	0	0	3	3	3	3	4	4	3	3	2	2	1	1	2	2	2	2	4	4	2	2	3	3	4	4	1	1	2	2	2	2	2	3	0	0	3	3	3	3	2	2	4	4	3	3	2	2	3	3	1	1	4	4	2	2	4	4	3	3	1	3	1	4	1	1	1	1	3	3	1	1	4	4	2	2	2	4	1	4	2	3	3	3	4	4	2	2	3	3	0	0	1	1	1	1	1	1	1	1	1	1	3	3	1	1	0	0	2	2	2	2	4	4	4	4	1	1	1	1	0	0	4	4	3	3	1	1	1	3	1	1	2	2	1	2	4	4	4	4	4	4	2	2	3	3	4	4	0	0	3	3	1	1	1	1	4	4	1	1	0	0	4	4	3	3	4	4	3	3
M018073_M173_3F	0	0	4	4	2	4	1	1	3	4	3	4	2	4	1	1	3	3	2	2	4	4	0	0	3	3	1	3	3	4	3	3	2	2	1	1	2	2	2	2	1	4	2	4	3	4	4	4	1	1	2	2	2	2	3	3	0	0	3	3	3	3	1	2	4	4	3	3	1	2	3	3	1	1	2	4	2	2	4	4	3	3	1	3	1	1	1	3	1	3	3	3	1	2	3	4	2	4	4	4	4	4	2	2	1	3	1	4	4	2	1	1	2	2	1	3	1	3	1	2	1	2	1	1	1	3	1	1	0	0	2	4	2	2	3	4	4	2	1	1	1	3	0	0	2	4	3	3	1	4	3	3	3	3	2	2	1	2	1	4	2	4	4	2	2	3	3	3	1	4	0	0	3	3	1	3	1	1	4	4	1	1	1	2	4	2	3	3	4	2	3	3
M018081_M173_4F	0	0	4	4	2	2	1	1	3	4	3	3	2	4	1	3	3	3	2	2	4	4	0	0	3	3	1	3	3	4	3	3	2	2	1	1	1	2	2	2	1	4	2	4	3	4	4	2	1	1	2	2	2	2	2	3	0	0	3	3	3	3	1	2	4	4	3	3	1	2	3	3	1	2	4	4	1	2	3	4	3	3	1	3	1	1	1	3	1	3	3	3	1	2	3	4	2	2	4	4	4	4	2	2	3	3	1	4	0	0	3	3	1	2	1	3	1	1	1	2	1	2	1	2	1	3	1	3	0	0	2	4	2	2	3	4	4	2	1	1	1	3	0	0	2	4	3	3	1	4	3	3	0	0	2	4	1	1	1	4	2	4	4	2	2	3	3	3	1	4	0	0	2	3	1	3	1	3	2	4	1	1	0	0	4	2	3	3	4	2	3	3
M021393_M207_10F	0	0	2	2	2	4	2	2	3	3	3	4	2	2	1	1	3	3	2	2	4	4	0	0	1	1	1	1	3	3	3	3	1	2	1	1	1	1	2	2	1	1	4	4	4	4	2	2	1	1	2	2	2	2	3	3	0	0	3	3	2	2	1	1	4	4	3	3	1	1	3	3	2	2	4	4	1	1	3	4	3	3	3	3	1	1	3	3	3	3	3	3	2	2	3	3	4	4	4	4	1	4	2	2	3	3	1	1	2	2	1	1	1	1	3	3	1	3	2	2	2	2	1	1	1	1	3	3	0	0	4	4	4	4	3	3	2	2	1	1	3	3	0	0	2	2	3	3	4	4	3	3	3	3	4	4	1	2	1	1	2	2	2	2	3	3	3	3	1	1	0	0	2	2	3	3	1	1	2	2	3	3	2	2	2	2	1	1	2	2	4	4
M021401_M207_11F	0	0	2	2	2	4	2	2	3	4	3	3	2	4	1	1	3	3	2	2	4	4	0	0	1	1	1	1	3	3	3	3	1	2	1	1	1	2	2	2	1	1	4	4	4	4	4	2	1	1	2	2	2	2	3	3	0	0	3	3	2	2	1	1	4	4	3	3	1	1	3	3	1	2	4	4	1	2	3	4	3	3	3	3	1	1	3	3	3	3	3	3	2	2	3	3	4	4	4	4	1	4	2	2	3	3	1	1	2	2	1	1	1	2	3	3	1	3	2	2	1	1	1	1	1	1	1	3	0	0	4	4	4	2	3	3	2	2	1	1	3	3	0	0	2	2	3	3	4	4	3	3	3	3	4	4	2	2	1	1	2	2	2	2	3	3	3	3	1	1	0	0	2	3	3	3	1	1	2	4	3	3	2	2	2	2	1	1	2	2	4	4
M021409_M207_12F	0	0	2	2	4	4	2	2	4	4	4	4	2	2	1	1	3	3	2	2	4	4	0	0	1	1	1	1	3	3	3	3	1	2	1	1	1	2	2	2	1	1	4	4	4	4	2	2	1	1	2	2	2	2	3	3	0	0	3	3	2	2	1	1	4	4	3	3	1	1	3	3	2	2	4	4	1	2	3	4	3	3	3	3	1	1	3	3	3	3	3	3	2	2	3	3	4	4	4	4	1	1	2	2	3	3	1	1	2	2	1	3	0	0	3	3	1	1	2	2	2	2	1	1	1	1	3	3	0	0	4	4	4	2	3	3	2	2	1	1	3	3	0	0	2	2	3	3	4	4	3	3	3	3	4	4	2	2	1	1	2	2	2	2	3	3	3	3	1	1	0	0	2	2	3	3	1	1	2	2	3	3	2	2	2	2	1	1	2	2	0	0
M024385_M239_5F	0	0	4	4	2	2	1	1	4	4	3	3	4	4	1	1	3	3	2	2	2	2	0	0	3	3	3	3	4	4	4	4	2	2	1	4	2	2	2	2	4	4	2	2	3	3	4	4	1	1	2	2	2	2	3	3	0	0	3	3	3	3	2	2	4	4	3	3	2	2	3	3	1	1	2	4	2	2	4	4	1	1	1	3	1	1	1	1	1	1	3	3	1	1	4	4	2	2	2	2	4	4	2	3	1	3	4	4	2	2	3	3	2	2	1	3	1	3	1	1	1	1	1	2	3	3	1	1	0	0	2	2	2	2	4	4	4	4	1	1	1	1	0	0	4	4	1	1	1	1	1	1	1	1	2	2	2	2	4	4	4	4	4	4	2	2	3	3	4	4	0	0	3	3	1	1	1	1	4	4	1	1	0	0	4	4	3	3	4	4	3	3
M024393_M239_6F	0	0	4	4	2	2	1	1	4	4	3	3	4	4	1	1	3	3	2	2	2	2	0	0	3	3	3	3	4	4	4	4	2	2	4	4	2	2	2	2	4	4	2	2	3	3	4	4	1	1	4	4	2	2	3	3	0	0	3	4	3	3	2	2	4	4	3	3	2	2	3	3	1	1	2	2	2	2	4	4	1	1	1	1	1	1	1	1	1	1	3	3	1	1	4	4	2	2	2	2	4	4	2	2	1	1	4	4	2	2	3	3	2	2	1	3	1	1	1	1	1	1	2	2	3	3	1	1	0	0	2	2	2	2	4	4	4	4	1	1	1	1	0	0	4	4	1	1	1	1	1	1	1	1	2	2	2	2	4	4	4	4	4	4	2	2	3	3	4	4	0	0	3	3	1	1	1	1	4	4	1	1	1	1	4	4	3	3	4	4	3	3
M024401_M239_7F	0	0	4	4	2	2	1	1	4	4	3	3	4	4	1	1	3	3	2	2	2	2	0	0	3	3	3	3	4	4	4	4	2	2	4	4	2	2	2	2	4	4	2	2	3	3	4	4	1	1	2	2	2	2	3	3	0	0	4	4	3	3	2	2	4	4	3	3	2	2	3	3	1	1	2	2	2	2	4	4	1	1	1	1	1	1	1	1	1	1	3	3	1	1	4	4	2	2	2	2	4	4	2	2	1	1	4	4	2	2	3	3	2	2	1	1	1	1	1	1	1	1	1	1	3	3	1	1	0	0	2	2	2	2	4	4	4	4	1	1	1	1	0	0	4	4	1	1	1	1	1	1	1	1	2	2	2	2	4	4	4	4	4	4	2	2	3	3	4	4	0	0	3	3	1	1	1	1	4	4	1	1	0	0	4	4	3	3	4	4	3	3
M018114_M173_8G	0	0	4	4	2	2	1	2	3	4	3	3	2	4	1	1	3	3	2	2	4	2	0	0	3	3	1	3	3	4	3	3	1	2	1	1	2	2	2	2	1	4	2	4	3	4	4	4	1	1	2	4	2	2	2	3	0	0	3	3	3	3	1	2	4	4	3	3	1	2	1	1	1	1	4	4	2	2	4	4	3	3	1	3	1	1	1	3	1	3	1	3	2	2	3	4	2	4	2	4	1	4	2	3	3	3	1	4	2	2	1	3	1	2	1	3	1	3	1	2	1	1	1	1	1	3	1	3	0	0	2	4	2	2	3	4	4	2	1	1	1	3	0	0	2	4	1	3	1	4	3	3	3	3	2	2	1	1	1	4	2	4	4	4	2	3	3	3	1	4	0	0	2	3	1	3	1	1	4	4	1	3	2	2	4	2	3	3	4	2	3	3
M018122_M173_9G	0	0	4	4	2	2	1	2	3	4	3	3	2	4	1	1	3	3	2	2	4	2	0	0	3	3	1	3	3	4	3	3	1	2	1	1	1	2	2	2	1	4	2	4	3	4	4	4	1	1	2	4	2	2	2	3	0	0	3	3	3	3	1	2	4	4	3	3	1	2	1	1	1	1	4	4	2	2	4	4	3	3	1	3	1	1	1	3	1	3	1	3	2	2	3	4	2	4	2	4	1	1	2	3	3	3	1	4	4	2	1	3	1	2	1	3	1	1	1	2	1	2	1	1	1	3	1	3	0	0	2	4	2	2	3	4	4	2	1	1	1	3	0	0	2	4	1	3	1	4	3	3	3	3	2	2	1	1	1	4	2	4	4	4	2	3	3	3	1	4	0	0	2	3	1	3	1	1	4	4	1	3	2	2	4	2	3	3	4	2	3	3
M018130_M173_10G	0	0	4	4	2	2	2	2	3	3	3	3	2	4	1	1	3	3	2	2	4	4	0	0	3	3	1	1	3	3	3	3	1	2	1	1	1	1	2	2	1	1	4	4	4	4	4	2	1	1	2	2	2	2	3	3	0	0	3	3	3	3	1	1	4	4	3	3	1	1	3	3	1	2	4	4	1	2	3	4	3	3	3	3	1	1	3	3	3	3	3	3	2	2	3	3	2	2	4	4	4	4	2	2	3	3	1	1	2	2	1	3	1	2	3	3	3	3	2	2	1	2	1	1	1	1	1	3	0	0	4	4	4	2	3	3	2	2	1	1	3	3	0	0	2	2	3	3	4	4	3	3	3	3	4	4	1	1	1	1	2	2	2	2	3	3	3	3	1	1	0	0	2	3	3	3	1	1	2	4	1	1	1	1	2	2	1	1	2	2	3	3
M018066_M173_2G	0	0	4	4	2	2	1	2	3	4	3	4	2	4	1	3	3	3	2	2	4	2	0	0	3	3	1	3	3	4	3	3	1	2	1	1	2	2	2	2	1	4	2	4	3	4	4	2	1	1	2	2	2	2	2	3	0	0	3	3	3	3	1	2	4	4	3	3	1	2	3	3	1	2	4	4	1	2	4	4	3	3	1	3	4	4	1	3	1	3	3	3	1	2	3	4	2	4	4	4	4	4	2	3	3	3	1	4	4	2	1	1	1	2	1	3	1	1	1	2	1	1	1	1	1	3	1	3	0	0	2	4	2	2	3	4	4	2	1	1	1	3	0	0	2	4	3	3	1	4	3	3	1	3	2	4	2	2	1	4	2	4	4	2	2	3	3	3	1	4	0	0	2	3	1	3	1	1	4	4	1	1	1	2	4	2	3	3	4	2	3	3
M018074_M173_3G	0	0	4	4	2	4	1	1	3	4	3	3	2	4	1	1	3	3	2	2	4	4	0	0	3	3	1	3	3	4	3	3	1	2	1	1	2	2	2	2	1	4	2	4	3	4	4	4	1	1	2	2	2	2	2	3	0	0	3	3	3	3	1	2	4	4	3	3	1	2	3	3	1	1	4	4	2	2	4	4	3	3	1	3	1	1	1	3	1	3	3	3	1	2	3	4	2	2	4	4	4	4	2	2	3	3	1	4	4	2	3	3	1	2	1	3	1	1	1	2	1	1	1	2	1	3	1	3	0	0	2	4	2	2	3	4	4	2	1	1	1	3	0	0	2	4	3	3	1	4	3	3	3	3	2	2	1	2	1	4	2	4	4	4	2	2	3	3	1	4	0	0	2	3	1	3	1	1	4	4	1	1	1	2	4	2	3	3	4	2	3	3
M018082_M173_4G	0	0	2	4	2	2	1	1	4	4	3	3	2	4	1	1	3	3	2	2	4	4	0	0	1	3	1	3	3	4	3	3	1	2	1	1	2	2	2	2	1	4	2	4	3	4	4	2	1	1	2	2	2	2	2	3	0	0	3	3	3	3	1	2	4	4	3	3	1	2	3	3	1	2	2	4	1	2	4	4	3	3	1	3	1	4	1	3	1	3	3	3	1	2	3	4	2	2	4	4	4	4	2	2	3	3	1	4	4	4	1	1	1	2	1	3	3	3	1	2	1	2	1	1	1	3	1	3	0	0	2	4	2	2	3	4	4	2	1	1	1	3	0	0	2	4	3	3	1	4	3	3	3	3	2	4	1	2	1	4	2	4	4	2	2	3	3	3	1	4	0	0	2	3	1	3	1	1	4	4	1	3	1	2	4	2	3	3	4	2	3	3
M021394_M207_10G	0	0	2	4	4	4	0	0	3	4	3	3	2	4	1	1	3	3	2	2	4	4	0	0	1	3	1	1	3	3	3	3	2	2	1	1	2	2	2	2	1	1	4	4	4	4	4	4	1	1	2	2	2	2	3	3	0	0	3	3	3	2	1	1	4	4	3	3	1	1	3	3	1	2	4	4	1	2	3	3	3	3	3	3	1	1	3	3	3	3	3	3	2	2	3	3	2	2	4	4	1	4	2	2	3	3	1	1	2	2	1	3	1	2	3	3	1	3	2	2	1	1	1	1	1	1	1	3	0	0	4	4	2	2	3	3	2	2	1	1	3	3	0	0	2	2	3	3	4	4	3	3	3	3	4	4	1	2	1	1	2	2	2	2	2	3	3	3	1	1	0	0	2	3	3	3	1	1	4	4	1	3	1	2	2	2	1	1	2	2	4	4
M021402_M207_11G	0	0	2	4	2	4	1	1	4	4	4	4	2	4	1	1	3	3	2	2	4	2	0	0	1	3	1	3	3	3	3	3	2	2	1	4	2	2	2	2	1	4	2	4	3	4	4	4	1	1	2	2	2	2	2	3	0	0	3	3	3	2	1	2	4	4	3	3	1	2	3	3	1	1	4	4	2	2	3	4	3	3	3	3	1	4	1	3	1	3	3	3	1	2	3	4	2	2	2	4	1	4	2	2	1	3	1	4	2	2	3	3	2	2	1	3	1	3	1	2	1	2	1	2	1	3	1	1	0	0	2	4	2	2	3	4	4	2	1	1	1	3	0	0	2	2	3	3	1	4	3	3	3	3	2	2	2	2	1	4	2	4	4	2	2	3	3	3	1	4	0	0	3	3	1	3	1	1	4	4	1	1	1	1	4	2	3	3	4	2	3	3
M021410_M207_12G	0	0	2	4	2	4	1	2	3	4	3	3	4	4	1	1	3	3	2	2	4	2	0	0	1	3	1	3	3	3	3	3	1	2	1	4	2	2	2	2	1	4	2	4	3	4	4	4	1	1	2	2	2	2	2	3	0	0	3	3	3	2	1	2	4	4	3	3	1	2	3	3	1	1	4	4	2	2	3	3	3	3	3	3	1	1	1	3	1	3	3	3	1	2	3	4	2	4	2	4	1	4	2	2	1	3	1	4	2	2	1	3	2	2	1	3	1	1	1	2	1	2	1	2	1	3	1	1	0	0	2	4	2	2	3	4	4	2	1	1	1	3	0	0	2	2	3	3	1	4	3	3	3	3	2	2	2	2	1	4	2	4	4	2	2	3	3	3	1	4	0	0	3	3	1	3	1	3	4	4	1	3	1	1	4	2	3	3	4	2	3	3
M024386_M239_5G	0	0	4	4	2	2	1	1	4	4	3	3	4	4	1	1	3	3	2	2	2	2	0	0	3	3	3	3	4	4	4	4	2	2	4	4	2	2	2	2	4	4	2	2	3	3	4	4	1	1	2	2	2	2	3	3	0	0	3	4	3	3	2	2	4	4	3	3	2	2	3	3	1	1	2	4	2	2	4	4	1	3	1	1	1	1	1	1	1	1	3	3	0	0	4	4	2	2	2	2	4	4	2	3	1	3	4	4	2	2	3	3	2	2	1	1	1	1	1	1	1	1	1	2	3	3	1	1	0	0	2	2	2	2	4	4	4	4	1	1	1	1	0	0	4	4	1	1	1	1	1	1	1	1	2	2	2	2	4	4	4	4	4	4	2	2	3	3	4	4	0	0	3	3	1	1	1	1	4	4	1	1	1	1	4	4	3	3	4	4	3	3
M024394_M239_6G	0	0	4	4	2	2	1	1	4	4	3	3	4	4	1	1	3	3	2	2	2	2	0	0	3	3	3	3	4	4	4	4	2	2	1	4	2	2	2	2	4	4	2	2	3	3	4	4	1	1	2	2	2	2	2	3	0	0	3	3	3	3	2	2	4	4	3	3	2	2	3	3	1	1	4	4	2	2	4	4	3	3	1	1	1	1	1	1	1	1	3	3	1	1	4	4	2	2	2	4	4	4	2	3	3	3	4	4	2	2	3	3	2	2	1	1	1	3	1	1	1	1	2	2	3	3	1	1	0	0	2	2	2	2	4	4	4	4	1	1	1	1	0	0	4	4	1	1	1	1	1	3	1	1	2	2	1	2	4	4	4	4	4	4	2	2	3	3	4	4	0	0	3	3	1	1	1	1	4	4	1	1	0	0	4	4	3	3	4	4	3	3
M024402_M239_7G	0	0	4	4	2	2	1	1	4	4	3	3	4	4	1	1	3	3	2	2	2	2	0	0	3	3	3	3	4	4	3	4	2	2	1	4	2	2	2	2	4	4	2	2	3	3	4	4	1	1	4	4	2	2	2	3	0	0	4	4	3	3	2	2	4	4	3	3	2	2	3	3	1	1	2	2	2	2	4	4	1	1	1	1	1	1	1	1	1	1	3	3	1	1	4	4	2	2	2	2	4	4	2	2	1	1	4	4	2	2	3	3	2	2	1	3	1	3	1	1	1	1	1	1	3	3	1	1	0	0	2	2	2	2	4	4	4	4	1	1	1	1	0	0	4	4	1	1	1	1	1	1	1	1	2	2	2	2	1	4	4	4	4	4	2	2	3	3	4	4	0	0	3	3	1	1	1	1	4	4	1	1	1	1	4	4	3	3	4	4	3	3
M018115_M173_8H	0	0	2	4	2	4	2	2	3	3	3	4	2	2	1	1	3	3	2	2	4	4	0	0	1	3	1	1	3	3	3	3	1	1	1	1	1	2	2	2	1	1	4	4	4	4	4	2	1	1	2	2	2	2	3	3	0	0	3	3	3	2	1	1	4	4	3	3	1	1	0	0	1	2	4	4	1	2	3	4	3	3	3	3	1	1	3	3	3	3	3	3	2	2	3	3	2	4	4	4	1	4	2	2	3	3	1	1	4	2	1	1	1	1	3	3	3	3	2	2	1	2	1	1	1	1	3	3	0	0	4	4	2	2	3	3	2	2	1	1	3	3	0	0	2	2	3	3	4	4	3	3	3	3	4	4	1	2	1	1	2	2	2	2	3	3	3	3	1	1	0	0	2	2	3	3	1	1	2	4	3	3	2	2	2	2	1	1	2	2	3	4
M018123_M173_9H	0	0	4	4	2	2	1	2	3	3	3	3	4	4	1	1	3	3	2	2	4	4	0	0	3	3	1	1	3	3	3	3	2	2	1	1	1	1	2	2	1	1	4	4	4	4	4	4	1	1	2	2	2	2	3	3	0	0	3	3	3	3	1	1	4	4	3	3	1	1	3	3	1	1	4	4	2	2	4	4	3	3	3	3	1	1	3	3	3	3	3	3	2	2	3	3	2	2	4	4	0	0	2	2	3	3	1	1	4	2	3	3	2	2	3	3	3	3	2	2	1	1	1	1	1	1	1	1	0	0	4	4	2	2	3	3	2	2	1	1	3	3	0	0	2	2	3	3	4	4	3	3	3	3	0	0	1	1	1	4	2	2	2	2	2	3	3	3	1	1	0	0	3	3	3	3	1	1	4	4	1	1	1	1	2	2	1	1	2	2	3	4
M018131_M173_10H	0	0	4	4	4	4	2	2	3	3	3	3	2	4	1	1	3	3	2	2	4	4	0	0	3	3	1	1	3	3	3	3	1	1	1	1	1	1	2	2	1	1	4	4	4	4	4	2	1	1	2	2	2	2	3	3	0	0	3	3	3	3	1	1	4	4	3	3	1	1	3	3	1	2	4	4	1	2	3	3	3	3	3	3	1	1	3	3	3	3	3	3	2	2	3	3	4	4	4	4	1	4	2	2	3	3	1	1	2	2	1	3	1	2	3	3	1	3	2	2	2	2	1	1	1	1	1	3	0	0	4	4	2	2	3	3	2	2	1	1	3	3	0	0	2	2	3	3	4	4	3	3	3	3	4	4	1	1	1	1	2	2	4	2	2	3	3	3	1	1	0	0	2	3	3	3	1	1	2	4	3	3	0	0	2	2	1	1	2	2	3	4
M018067_M173_2H	0	0	2	4	2	2	1	1	4	4	4	4	2	4	1	1	3	3	2	2	4	2	0	0	1	3	1	3	3	4	3	3	1	2	1	1	2	2	2	2	1	4	2	4	3	4	4	2	1	1	2	2	2	2	2	3	0	0	3	3	3	3	1	2	4	4	3	3	1	2	3	3	1	2	4	4	1	2	4	4	3	3	1	3	4	4	1	3	1	3	3	3	1	2	3	4	2	2	4	4	4	4	2	3	3	3	1	4	2	2	1	1	1	2	1	3	1	3	1	2	1	2	1	1	1	3	1	3	0	0	2	4	2	2	3	4	4	2	1	1	1	3	0	0	2	4	3	3	1	4	3	3	1	3	2	4	2	2	1	4	2	4	4	2	2	3	3	3	1	4	0	0	2	3	1	3	1	1	4	4	1	3	1	2	4	2	3	3	4	2	3	3
M018075_M173_3H	0	0	4	4	2	2	1	1	4	4	4	4	4	4	1	1	3	3	2	2	2	2	0	0	3	3	3	3	4	4	3	4	2	2	1	1	2	2	2	2	4	4	2	2	3	3	4	4	1	1	2	4	2	2	2	2	0	0	3	3	3	3	2	2	4	4	3	3	2	2	1	3	1	1	2	4	2	2	4	4	3	3	1	1	4	4	1	1	1	1	3	3	1	1	4	4	2	2	2	4	4	4	3	3	3	3	4	4	2	2	3	3	2	2	1	1	3	3	1	1	1	1	1	1	3	3	1	1	0	0	2	2	2	2	4	4	4	4	1	1	1	1	0	0	4	4	1	3	1	1	3	3	1	1	2	2	2	2	4	4	4	4	4	4	2	2	3	3	4	4	0	0	3	3	1	1	1	1	4	4	1	1	1	2	4	4	3	3	4	4	3	3
M018083_M173_4H	0	0	4	4	2	2	1	1	4	4	3	4	4	4	1	1	3	3	2	2	2	2	0	0	3	3	3	3	4	4	3	3	2	2	1	1	2	2	2	2	4	4	2	2	3	3	4	4	1	1	2	2	2	2	2	3	0	0	3	3	3	3	2	2	4	4	3	3	2	2	1	3	1	1	4	4	2	2	4	4	3	3	1	1	1	4	1	1	1	1	3	3	1	1	4	4	2	2	2	4	4	4	3	3	3	3	4	4	2	2	3	3	2	2	1	1	1	1	1	1	1	1	1	1	3	3	1	1	0	0	2	2	2	2	4	4	4	4	1	1	1	1	0	0	4	4	3	3	1	1	3	3	1	1	2	2	1	2	4	4	4	4	4	4	2	2	3	3	4	4	0	0	3	3	1	1	1	1	4	4	1	1	1	2	4	4	3	3	4	4	3	3
M021395_M207_10H	0	0	2	4	2	4	1	1	4	4	3	3	2	4	1	3	3	3	2	2	4	2	0	0	1	3	1	3	3	3	3	3	2	2	1	4	1	2	2	2	1	4	2	4	3	4	4	2	1	1	2	2	2	2	2	3	0	0	3	3	3	2	1	2	4	4	3	3	1	2	3	3	1	2	4	4	1	2	3	4	3	3	3	3	1	4	1	3	1	3	3	3	1	2	3	4	2	2	2	4	4	4	2	2	1	3	1	4	2	2	1	3	1	2	1	3	1	3	1	2	1	1	1	2	1	3	1	3	0	0	2	4	4	2	3	4	4	2	1	1	1	3	0	0	2	2	3	3	1	4	3	3	3	3	0	0	1	2	1	4	2	4	4	2	2	3	3	3	1	4	0	0	2	3	1	3	1	1	2	4	1	1	1	1	4	2	3	3	4	2	3	3
M021403_M207_11H	0	0	4	4	2	4	2	2	3	4	3	3	2	4	1	1	3	3	2	2	4	4	0	0	3	3	1	1	3	3	3	3	1	1	1	1	1	1	2	2	1	1	4	4	4	4	4	2	1	1	2	2	2	2	3	3	0	0	3	3	3	3	1	1	4	4	3	3	1	1	3	3	1	2	4	4	1	2	3	3	3	3	3	3	1	1	3	3	3	3	3	3	2	2	3	3	4	4	4	4	4	4	2	2	3	3	1	1	2	2	1	3	1	2	3	3	1	3	2	2	2	2	1	1	1	1	1	3	0	0	4	4	2	2	3	3	2	2	1	1	3	3	0	0	2	2	3	3	4	4	3	3	3	3	4	4	1	1	1	1	2	2	2	2	2	3	3	3	1	1	0	0	2	3	3	3	1	1	2	4	3	3	2	2	2	2	1	1	2	2	3	4
M021411_M207_12H	0	0	2	2	2	4	0	0	3	3	3	3	4	4	1	1	3	3	2	2	4	4	0	0	1	3	1	1	3	3	3	3	1	2	1	1	2	2	2	2	1	1	4	4	4	4	4	4	1	1	2	2	2	2	3	3	0	0	3	3	2	2	1	1	4	4	3	3	1	1	3	3	1	1	4	4	2	2	4	4	3	3	3	3	1	1	3	3	3	3	3	3	2	2	3	3	2	2	4	4	1	4	2	2	3	3	1	1	2	2	3	3	2	2	3	3	1	1	2	2	1	2	1	1	1	1	1	1	0	0	4	4	2	2	3	3	2	2	1	1	3	3	0	0	2	2	3	3	4	4	3	3	3	3	0	0	2	2	1	1	2	2	2	2	3	3	3	3	1	1	0	0	3	3	3	3	1	1	4	4	3	3	2	2	2	2	1	1	2	2	4	4
M024387_M239_5H	0	0	4	4	2	2	1	1	4	4	3	3	4	4	1	1	3	3	2	2	2	2	0	0	3	3	3	3	4	4	4	4	2	2	4	4	2	2	2	2	4	4	2	2	3	3	4	4	1	1	2	4	2	2	3	3	0	0	3	4	3	3	2	2	4	4	3	3	2	2	3	3	1	1	2	4	2	2	4	4	1	1	1	1	1	1	1	1	1	1	3	3	1	1	4	4	2	2	2	2	4	4	2	2	1	1	4	4	2	2	3	3	2	2	1	1	1	3	1	1	1	1	1	2	3	3	1	1	0	0	2	2	2	2	4	4	4	4	1	1	1	1	0	0	4	4	1	1	1	1	1	1	1	1	2	2	2	2	4	4	4	4	4	4	2	2	3	3	4	4	0	0	3	3	1	1	1	1	4	4	1	1	1	1	4	4	3	3	4	4	3	3
M024395_M239_6H	0	0	4	4	2	2	1	1	4	4	3	3	4	4	1	1	3	3	2	2	2	2	0	0	3	3	3	3	4	4	3	4	2	2	4	4	2	2	2	2	4	4	2	2	3	3	4	4	1	1	2	2	2	2	3	3	0	0	3	3	3	3	2	2	4	4	1	3	2	2	3	3	1	1	2	4	2	2	4	4	1	1	1	1	1	1	1	1	1	1	3	3	1	1	4	4	2	2	2	2	4	4	2	3	1	1	4	4	2	2	3	3	2	2	3	3	1	1	1	1	1	1	1	2	3	3	1	1	0	0	2	2	2	2	4	4	4	4	1	1	1	1	0	0	4	4	1	1	1	1	1	3	1	1	2	2	2	2	4	4	4	4	4	4	2	2	3	3	4	4	0	0	3	3	1	1	1	1	4	4	1	1	1	1	4	4	3	3	4	4	3	3
M024403_M239_7H	0	0	4	4	2	2	1	1	4	4	3	3	4	4	1	1	3	3	4	2	2	2	0	0	3	3	3	3	4	4	3	4	2	2	4	4	2	2	2	2	4	4	2	2	3	3	4	4	1	1	2	2	2	2	3	3	0	0	4	4	3	3	2	2	4	4	3	3	2	2	3	3	1	1	2	4	2	2	4	4	1	1	1	3	1	1	1	1	1	1	3	3	1	1	4	4	2	2	2	2	4	4	2	2	1	1	4	4	2	2	3	3	2	2	1	3	3	3	1	1	1	2	2	2	3	3	1	1	0	0	2	2	2	2	4	4	4	4	1	1	1	1	0	0	4	4	1	1	1	1	1	1	1	1	2	2	2	2	4	4	4	4	4	4	2	2	3	3	4	4	0	0	3	3	1	1	1	1	4	4	1	1	0	0	4	4	3	3	4	4	3	3
