Sample_ID	OmyY1	OmyY1	R18251	R18251	R23044	R23044	R30220	R30220	R34286	R34286	R38993	R38993	SH114448	SH114448	R000200	R000200	R033859	R033859	R09768	R09768	R12730	R12730	R24463	R24463	R00586	R00586	R19198	R19198	R23330	R23330	R30355	R30355	R34385	R34385	R39365	R39365	SH121006	SH121006	R018277	R018277	R03418	R03418	R10226	R10226	R13191	R13191	R24493	R24493	R12738	R12738	R19633	R19633	R23813	R23813	R30423	R30423	R34662	R34662	R40094	R40094	SH127236	SH127236	R02551	R02551	R03924	R03924	R10530	R10530	R16543	R16543	R26255	R26255	R13730	R13730	R19731	R19731	R24068	R24068	R30589	R30589	R35324	R35324	R40152	R40152	OMS00116	OMS00116	R02676	R02676	R04143	R04143	R11238	R11238	R19868	R19868	R27050	R27050	R14225	R14225	R21285	R21285	R24273	R24273	R30678	R30678	R37205	R37205	R40252	R40252	OMS00143	OMS00143	R02783	R02783	R04203	R04203	R11353	R11353	R19948	R19948	R30551	R30551	R14383	R14383	R21330	R21330	R24370	R24370	R33010	R33010	R37229	R37229	R40319	R40319	OMS00144	OMS00144	R02785	R02785	R04760	R04760	R11790	R11790	R20353	R20353	R32124	R32124	R14511	R14511	R21561	R21561	R28680	R28680	R33411	R33411	R37560	R37560	R40342	R40342	OMS00159	OMS00159	R03042	R03042	R04944	R04944	R12528	R12528	R21023	R21023	R32692	R32692	R14589	R14589	R22570	R22570	R30015	R30015	R33562	R33562	R38346	R38346	R40580	R40580	OMS00169	OMS00169	R03306	R03306	R08985	R08985	R12611	R12611	R22488	R22488	R36639	R36639
M031239_M310_10D	0	0	4	4	2	2	1	2	3	4	3	4	2	4	1	3	3	3	2	2	4	2	0	0	3	3	1	3	3	4	3	3	1	2	1	1	1	2	4	2	1	4	2	4	3	4	4	2	1	2	4	4	2	4	2	3	0	0	0	0	3	2	0	0	4	4	0	0	1	2	3	3	1	1	4	4	2	2	4	4	3	3	1	3	1	1	1	3	1	3	3	3	1	2	3	4	2	2	0	0	4	4	2	2	3	3	1	4	4	2	3	3	1	2	1	3	3	3	1	2	1	1	1	2	1	3	1	3	0	0	0	0	2	2	3	4	4	2	1	1	1	3	1	3	2	4	1	3	4	4	1	3	1	3	2	2	2	2	1	4	2	4	4	2	2	2	3	3	1	4	2	4	2	2	1	3	1	1	2	4	1	1	2	2	4	2	3	3	4	2	3	3
M030344_M301_6E	0	0	4	4	2	2	1	2	3	4	4	4	2	4	1	1	3	3	2	2	4	2	0	0	3	3	1	3	3	4	3	4	1	2	1	1	1	2	2	2	1	4	2	4	3	4	4	2	1	1	4	4	2	4	2	3	0	0	0	0	3	2	0	0	4	4	0	0	1	2	3	3	1	1	2	4	2	2	3	4	1	3	1	3	1	1	1	3	1	3	3	3	1	2	3	4	2	2	0	0	4	4	2	2	3	3	1	4	2	2	3	3	1	2	1	3	1	3	1	2	1	1	1	2	1	3	1	3	1	1	0	0	2	2	3	4	4	2	1	1	1	3	1	3	2	4	1	3	4	4	1	3	1	3	2	2	2	2	4	4	2	4	4	2	2	3	3	3	1	4	2	2	2	2	1	3	1	1	2	4	1	1	1	2	4	2	3	3	4	2	3	3
M030371_M301_9H	0	0	2	4	2	2	1	2	3	4	3	3	2	4	1	3	3	3	2	2	4	2	0	0	1	3	1	3	3	4	3	3	1	2	1	4	1	2	2	2	1	4	2	4	3	4	4	4	1	1	2	4	2	4	2	3	0	0	0	0	3	2	0	0	4	4	0	0	1	2	3	3	1	2	4	4	1	1	4	4	1	3	1	3	1	4	1	3	1	3	3	3	1	2	3	4	2	2	0	0	4	4	2	2	3	3	1	4	2	2	3	3	1	2	1	3	1	1	1	2	1	2	1	1	1	3	1	3	1	4	0	0	2	2	3	4	4	2	1	1	1	3	1	3	2	4	1	3	4	4	1	3	1	1	2	4	2	2	1	4	2	4	4	2	2	2	3	3	1	4	2	4	2	2	1	3	1	1	4	4	1	1	2	2	4	2	3	3	4	2	3	3
M030384_M301_11E	0	0	4	4	2	2	2	2	3	3	3	4	2	2	1	1	3	3	2	2	4	4	0	0	1	3	1	1	3	3	3	3	1	1	1	1	1	1	4	2	1	1	4	4	4	4	4	2	1	1	2	2	2	4	3	3	0	0	0	0	2	2	0	0	4	4	0	0	1	2	3	3	1	2	4	4	1	2	3	4	3	3	3	3	1	1	3	3	3	3	3	3	2	2	3	3	2	2	0	0	1	4	2	2	3	3	1	1	2	2	3	3	1	2	3	3	1	3	2	2	1	2	1	1	1	1	1	3	1	4	0	0	2	2	3	3	4	2	1	3	3	3	1	3	2	2	3	3	0	0	3	3	3	3	2	4	2	2	1	1	2	2	2	2	2	2	3	3	1	1	2	4	2	2	3	3	1	3	2	4	1	1	2	2	2	2	1	1	2	2	3	3
M030380_M301_11A	0	0	4	4	2	2	1	2	3	4	3	3	2	4	1	1	3	3	2	2	4	2	0	0	3	3	1	3	3	4	3	3	1	2	1	1	1	2	2	2	1	4	2	4	3	4	4	4	1	1	2	4	2	4	2	3	0	0	3	4	3	2	0	0	4	4	0	0	1	2	3	3	1	2	4	4	1	2	3	4	1	3	1	3	1	4	1	3	1	3	3	3	1	2	3	4	2	2	0	0	4	4	2	2	3	3	1	4	2	2	3	3	1	2	1	3	3	3	1	2	1	2	1	2	1	3	1	3	1	1	0	0	2	2	3	4	4	2	1	1	1	3	1	3	2	4	1	3	4	4	1	3	1	1	2	4	2	2	1	4	2	4	4	2	2	2	3	3	1	4	2	4	2	2	1	3	1	1	4	4	1	1	2	2	4	2	3	3	4	2	3	3
M030506_M303_2G	0	0	0	0	0	0	1	1	0	0	0	0	2	2	0	0	0	0	0	0	4	4	0	0	0	0	0	0	0	0	0	0	0	0	0	0	1	1	0	0	0	0	0	0	0	0	2	2	0	0	0	0	0	0	0	0	2	2	3	3	0	0	0	0	0	0	0	0	0	0	3	3	0	0	0	0	0	0	0	0	0	0	0	0	0	0	0	0	0	0	0	0	0	0	0	0	0	0	0	0	0	0	3	3	3	3	0	0	2	2	0	0	0	0	0	0	0	0	0	0	0	0	0	0	0	0	0	0	0	0	0	0	0	0	4	4	0	0	0	0	0	0	3	3	0	0	0	0	0	0	0	0	0	0	0	0	0	0	1	4	0	0	0	0	2	2	0	0	0	0	2	2	0	0	0	0	0	0	0	0	0	0	0	0	0	0	0	0	0	0	0	0
M030514_M303_3G	0	0	2	4	2	2	1	2	3	4	4	4	2	4	1	3	3	3	2	2	4	2	0	0	1	3	1	3	3	4	3	3	1	2	1	1	1	2	4	2	1	4	2	4	3	4	4	2	1	1	2	4	2	4	3	3	0	0	4	4	3	2	0	0	4	4	0	0	2	2	3	3	1	2	2	4	1	2	3	4	3	3	3	3	1	4	1	3	1	3	3	3	1	2	3	4	2	2	0	0	1	4	2	2	3	3	1	4	2	2	1	3	2	2	3	3	3	3	1	2	1	2	1	1	1	3	1	3	0	0	0	0	2	2	3	4	4	2	1	3	1	3	1	3	2	4	1	3	4	4	1	3	1	3	2	4	2	2	1	4	2	4	4	2	2	2	3	3	1	4	2	4	0	0	1	1	1	1	2	4	1	1	2	2	4	2	3	3	4	2	3	3
M030522_M303_4G	0	0	4	4	2	2	1	1	4	4	3	3	4	4	1	3	3	3	2	2	2	2	0	0	3	3	3	3	4	4	3	4	2	2	1	1	2	2	4	4	4	4	2	2	3	3	4	4	1	1	4	4	2	4	2	2	0	0	0	0	3	3	0	0	4	4	0	0	2	2	3	3	1	1	2	4	2	2	4	4	1	3	1	1	1	1	1	1	1	1	1	3	1	2	4	4	2	2	0	0	4	4	2	2	3	3	4	4	2	2	3	3	2	2	1	1	1	1	1	1	1	1	1	2	3	3	1	3	1	4	0	0	2	2	4	4	4	2	1	1	1	1	1	3	4	4	1	1	0	0	1	1	1	1	2	2	2	2	1	4	4	4	4	4	2	2	3	3	4	4	2	2	0	0	1	1	1	1	4	4	1	1	2	2	4	4	3	3	4	4	3	3
M030530_M303_5G	0	0	4	4	2	2	1	1	4	4	3	3	4	4	1	3	3	3	2	2	2	2	0	0	3	3	3	3	4	4	3	3	2	2	1	4	2	2	4	2	4	4	2	2	3	3	4	4	1	2	4	4	2	4	3	3	0	0	3	4	3	3	0	0	4	4	3	3	2	2	3	3	1	1	2	2	2	2	4	4	1	3	1	1	1	1	1	1	1	1	1	3	1	2	4	4	2	2	0	0	1	4	2	2	3	3	4	4	2	2	3	3	2	2	1	1	1	3	1	1	1	1	1	1	3	3	1	3	0	0	0	0	2	2	4	4	4	2	1	1	1	1	1	3	4	4	1	1	0	0	1	3	1	1	2	2	2	2	1	4	4	4	4	4	2	2	3	3	4	4	2	4	0	0	1	1	1	1	4	4	1	1	1	2	4	4	3	3	4	4	3	3
M030545_M303_7F	0	0	4	4	2	2	1	1	4	4	3	3	4	4	1	3	3	3	2	2	2	2	0	0	3	3	3	3	4	4	3	3	2	2	1	1	2	2	4	2	4	4	2	2	3	3	4	4	1	1	4	4	2	4	2	3	0	0	3	3	3	3	0	0	4	4	0	0	2	2	1	3	1	1	2	2	2	2	4	4	1	3	1	3	1	1	1	1	1	1	1	3	1	2	4	4	2	2	0	0	1	4	2	2	3	3	4	4	2	2	3	3	2	2	1	1	3	3	1	1	1	1	1	2	3	3	1	3	1	4	0	0	2	2	4	4	4	2	1	1	1	1	1	3	4	4	1	1	0	0	1	1	1	1	2	2	2	2	1	4	4	4	4	4	2	2	3	3	4	4	2	2	0	0	1	1	1	1	4	4	1	1	2	2	4	4	3	3	4	4	3	3
M030356_M301_8A	0	0	2	4	2	2	1	2	3	4	3	3	2	4	1	3	3	3	2	2	4	2	0	0	1	3	1	3	3	4	3	3	1	2	1	1	1	2	4	4	1	4	2	4	3	4	4	2	1	1	2	4	2	4	3	3	0	0	4	4	3	2	0	0	4	4	0	0	1	2	3	3	1	2	2	4	1	2	3	4	3	3	3	3	1	4	1	3	1	3	3	3	1	2	3	4	2	2	0	0	1	4	2	2	3	3	1	4	2	2	3	3	1	2	3	3	1	3	1	2	1	2	1	1	1	3	1	3	4	4	0	0	2	2	3	4	4	2	1	3	1	3	1	3	2	4	1	3	4	4	1	3	1	1	2	4	2	2	1	4	2	4	4	4	2	2	3	3	1	4	2	4	2	2	1	3	1	1	2	4	1	1	2	2	4	2	3	3	4	2	3	3
M031240_M310_10E	0	0	4	4	2	2	1	1	4	4	3	4	4	4	1	1	3	3	2	2	2	2	0	0	3	3	3	3	4	4	3	4	2	2	1	1	2	2	4	4	4	4	2	2	3	3	4	4	1	1	2	4	2	4	2	3	0	0	3	4	3	3	0	0	4	4	0	0	2	2	1	3	1	1	2	4	2	2	4	4	1	1	1	3	1	1	1	1	1	1	3	3	1	2	4	4	2	2	0	0	4	4	2	3	3	3	4	4	2	2	3	3	2	2	1	1	1	3	1	1	1	1	1	2	3	3	1	3	0	0	0	0	2	2	4	4	4	2	1	1	1	1	1	3	4	4	1	1	0	0	1	1	1	1	2	2	2	2	1	4	4	4	4	4	2	2	3	3	4	4	2	4	0	0	1	1	1	1	4	4	1	1	1	1	4	4	3	3	4	4	3	3
M030345_M301_6F	0	0	4	4	2	2	1	2	3	4	3	4	2	4	1	3	3	3	2	2	4	2	0	0	3	3	1	3	3	4	3	3	1	2	1	1	1	2	4	2	1	4	2	4	3	4	4	4	1	1	2	2	2	4	3	3	0	0	0	0	3	2	0	0	4	4	0	0	1	2	1	3	1	2	2	4	1	2	4	4	1	3	1	3	1	1	1	3	1	3	3	3	1	2	3	4	2	2	0	0	4	4	2	2	3	3	1	4	2	2	3	3	1	2	1	3	3	3	1	2	1	1	1	1	1	3	1	3	1	4	0	0	2	2	3	4	4	2	1	1	1	3	1	3	2	4	1	3	4	4	1	3	1	3	2	4	2	2	4	4	2	4	4	2	2	2	3	3	1	4	2	4	0	0	1	3	1	1	4	4	1	1	2	2	4	2	3	3	4	2	3	3
M030372_M301_10A	0	0	4	4	2	2	2	2	3	3	4	4	2	2	1	3	3	3	2	2	4	4	0	0	3	3	1	1	3	3	3	3	1	1	1	1	1	1	2	2	1	1	4	4	4	4	4	4	1	1	2	2	2	4	3	3	0	0	0	0	2	2	0	0	4	4	0	0	1	2	3	3	1	1	4	4	2	2	3	3	3	3	3	3	1	1	3	3	3	3	3	3	2	2	3	3	2	2	0	0	1	4	2	2	3	3	1	1	2	2	3	3	2	2	3	3	1	3	2	2	1	1	1	1	1	1	1	3	1	1	0	0	2	2	3	3	4	2	1	1	3	3	1	3	2	2	3	3	0	0	3	3	3	3	2	4	2	2	1	4	2	2	2	2	2	2	3	3	1	1	2	4	0	0	3	3	1	1	2	4	1	1	1	2	2	2	1	1	2	2	3	3
M030385_M301_11F	0	0	4	4	2	2	1	1	3	4	4	4	2	4	1	3	3	3	2	2	4	2	0	0	3	3	1	3	3	4	3	3	1	2	1	1	1	2	2	2	1	4	2	4	3	4	4	2	1	1	4	4	2	4	3	3	0	0	4	4	3	2	0	0	4	4	0	0	1	2	3	3	1	1	4	4	2	2	3	4	1	3	3	3	1	4	1	3	1	3	3	3	1	2	3	4	2	4	0	0	4	4	2	2	3	3	1	4	2	2	3	3	1	2	1	3	3	3	1	2	1	2	1	1	1	3	1	3	1	4	0	0	2	2	3	4	4	2	1	1	1	3	1	3	2	4	1	3	4	4	3	3	1	3	2	2	2	2	1	1	2	4	4	2	2	2	3	3	1	4	2	2	2	2	1	3	1	1	2	4	1	1	2	2	4	2	3	3	4	2	3	3
M030301_M301_1B	0	0	4	4	2	2	1	1	4	4	4	4	4	4	3	3	3	3	2	2	2	2	0	0	3	3	3	3	4	4	3	4	2	2	1	4	2	2	0	0	4	4	2	2	3	3	4	4	1	1	4	4	2	4	2	2	0	0	3	4	3	3	0	0	4	4	0	0	2	2	3	3	1	1	4	4	2	2	4	4	3	3	1	1	1	1	1	1	1	1	1	3	1	2	4	4	2	2	0	0	1	4	2	2	1	3	4	4	2	2	3	3	2	2	1	1	1	1	1	1	1	1	1	2	3	3	1	3	1	1	0	0	2	2	4	4	4	2	1	1	1	1	1	3	4	4	1	1	0	0	1	1	1	1	2	2	2	2	1	4	4	4	4	4	2	2	3	3	4	4	2	4	0	0	1	1	1	1	4	4	1	1	2	2	4	4	3	3	4	4	3	3
M030499_M303_1H	0	0	2	4	2	2	2	2	3	3	3	3	2	2	1	1	3	3	2	2	4	4	0	0	1	1	1	1	3	3	3	3	1	1	1	1	1	1	2	2	1	1	4	4	4	4	4	2	1	1	2	2	2	4	3	3	0	0	0	0	2	2	0	0	4	4	0	0	1	1	3	3	2	2	4	4	1	1	3	3	3	3	3	3	1	1	3	3	3	3	3	3	2	2	3	3	2	2	0	0	1	1	2	2	3	3	1	1	2	2	1	3	1	2	3	3	3	3	2	2	1	2	1	1	1	1	3	3	0	0	0	0	2	2	3	3	4	2	1	3	3	3	1	3	2	2	3	3	0	0	3	3	3	3	4	4	2	2	1	1	2	2	2	2	2	3	3	3	1	1	2	2	0	0	3	3	1	1	2	2	1	1	2	2	2	2	1	1	2	2	3	4
M030507_M303_2H	0	0	4	4	2	2	0	0	3	4	3	3	2	4	1	1	3	3	2	2	4	2	0	0	1	3	1	3	3	4	3	4	1	2	1	1	1	2	2	2	1	4	2	4	3	4	4	4	1	1	2	4	2	4	3	3	0	0	0	0	3	2	0	0	4	4	0	0	1	2	3	3	1	2	4	4	1	2	4	4	3	3	3	3	1	4	1	3	1	3	3	3	1	2	3	4	2	2	0	0	4	4	2	3	1	3	1	4	2	2	3	3	1	2	1	3	3	3	1	2	1	1	1	1	1	3	1	3	4	4	4	4	2	2	3	4	4	2	1	1	1	3	1	3	2	4	1	3	4	4	1	3	1	3	2	4	2	2	1	4	2	4	4	2	2	2	3	3	1	4	2	4	2	2	1	3	1	1	4	4	1	1	2	2	4	2	3	3	4	2	3	3
M030515_M303_3H	0	0	4	4	2	2	1	1	4	4	3	3	4	4	1	1	3	3	2	2	2	2	0	0	3	3	3	3	4	4	3	3	2	2	1	1	2	2	4	2	4	4	2	2	3	3	4	4	1	1	4	4	2	4	2	2	0	0	3	4	3	3	0	0	4	4	0	0	2	2	3	3	1	1	4	4	2	2	4	4	1	1	1	1	1	4	1	1	1	1	1	3	1	2	4	4	2	2	0	0	4	4	2	2	3	3	4	4	2	2	3	3	2	2	1	1	1	3	1	1	1	1	1	1	3	3	1	3	1	4	0	0	2	2	4	4	4	2	1	1	1	1	1	3	4	4	1	1	0	0	1	1	1	1	2	2	2	2	4	4	4	4	4	4	2	2	3	3	4	4	2	4	0	0	1	1	1	1	4	4	1	1	2	2	4	4	3	3	4	4	3	3
M030523_M303_4H	0	0	4	4	2	2	1	2	3	4	3	3	2	4	1	1	3	3	2	2	4	2	0	0	3	3	1	3	3	4	3	4	1	2	1	4	1	2	4	2	1	4	2	4	3	4	4	4	1	1	2	4	2	4	3	3	0	0	0	0	3	2	0	0	4	4	0	0	1	2	3	3	1	2	4	4	1	1	4	4	1	3	1	3	1	4	1	3	1	3	3	3	1	2	3	4	2	2	0	0	4	4	2	2	3	3	1	4	2	2	3	3	1	2	1	3	1	1	1	2	1	1	1	2	1	3	1	3	0	0	0	0	2	2	3	4	4	2	1	1	1	3	1	3	2	4	1	3	4	4	1	3	1	1	2	4	2	2	1	4	2	4	4	2	2	2	3	3	1	4	2	4	2	2	1	3	1	1	4	4	1	1	2	2	4	2	3	3	4	2	3	3
M030531_M303_5H	0	0	4	4	2	2	1	2	3	4	0	0	2	4	1	3	3	3	2	2	4	2	0	0	1	3	1	3	3	4	3	3	1	2	1	1	1	2	4	2	1	4	2	4	0	0	4	4	1	1	2	4	2	4	2	3	0	0	0	0	3	2	0	0	4	4	0	0	1	2	3	3	1	2	4	4	1	2	4	4	3	3	3	3	1	1	1	3	1	3	3	3	1	2	3	4	2	2	0	0	4	4	2	2	3	3	1	4	2	2	3	3	1	2	1	3	1	1	1	2	1	1	1	2	1	3	1	3	0	0	0	0	2	2	3	4	4	2	1	1	1	3	1	3	2	4	1	3	4	4	3	3	1	3	2	4	2	2	1	1	2	4	4	2	2	2	3	3	1	4	2	4	2	2	1	3	1	1	4	4	1	3	2	2	4	2	3	3	4	2	3	3
M030546_M303_7G	0	0	4	4	2	2	2	2	3	3	3	4	2	2	1	3	3	3	2	2	4	4	0	0	3	3	1	1	3	3	3	3	1	1	1	1	1	1	2	2	1	1	4	4	4	4	2	2	1	2	2	2	2	4	3	3	0	0	0	0	2	2	0	0	4	4	0	0	2	2	3	3	1	1	4	4	2	2	3	4	3	3	3	3	1	1	3	3	3	3	3	3	2	2	3	3	2	2	0	0	4	4	2	2	3	3	1	1	4	2	3	3	2	2	3	3	1	3	2	2	1	1	1	1	1	1	1	3	1	1	0	0	2	2	3	3	4	2	1	1	3	3	1	3	2	2	3	3	0	0	3	3	3	3	2	2	2	2	1	1	2	2	2	2	2	2	3	3	1	1	2	4	0	0	3	3	1	1	2	2	1	1	2	2	2	2	1	1	2	2	3	3
M030357_M301_8B	0	0	4	4	2	2	1	1	4	4	3	4	4	4	1	1	3	3	2	2	2	2	0	0	3	3	3	3	4	4	3	4	2	2	1	1	2	2	4	4	4	4	2	2	3	3	4	4	1	1	4	4	2	4	2	3	0	0	3	4	3	3	0	0	4	4	0	0	2	2	1	1	1	1	4	4	2	2	4	4	1	3	1	1	1	1	1	1	1	1	1	3	1	2	4	4	2	2	0	0	4	4	2	3	3	3	4	4	2	2	3	3	2	2	1	3	3	3	1	1	1	1	1	1	3	3	1	3	1	1	0	0	2	2	0	0	4	2	1	1	1	1	1	3	4	4	1	1	0	0	1	1	1	1	2	2	2	2	1	4	4	4	4	4	2	2	3	3	4	4	2	4	0	0	1	1	1	1	4	4	1	1	2	2	4	4	3	3	4	4	3	3
M031241_M310_10F	0	0	4	4	2	2	1	1	4	4	3	4	4	4	1	1	3	3	2	2	2	2	0	0	3	3	3	3	4	4	3	4	2	2	1	1	2	2	4	2	4	4	2	2	3	3	4	4	1	1	4	4	2	4	2	2	0	0	0	0	3	3	0	0	4	4	0	0	2	2	3	3	1	1	4	4	2	2	4	4	1	1	1	1	1	1	1	1	1	1	1	3	1	2	4	4	2	2	0	0	4	4	2	3	1	3	4	4	2	2	3	3	2	2	1	3	1	3	1	1	1	1	1	1	3	3	1	3	0	0	0	0	2	2	4	4	4	2	1	1	1	1	1	3	4	4	1	1	0	0	1	3	1	1	2	2	2	2	1	4	4	4	4	4	2	2	3	3	4	4	2	4	0	0	1	1	1	1	4	4	1	1	2	2	4	4	3	3	4	4	3	3
M030346_M301_6G	0	0	4	4	2	2	1	2	3	4	3	4	2	4	3	3	3	3	2	2	4	2	0	0	3	3	1	3	3	4	3	3	1	2	1	4	1	2	2	2	1	4	2	4	3	4	4	2	1	2	2	4	2	4	3	3	0	0	3	4	3	2	0	0	4	4	0	0	1	2	3	3	1	2	4	4	1	1	3	4	1	3	1	3	1	4	1	3	1	3	3	3	1	2	3	4	2	2	0	0	4	4	2	2	3	3	1	4	2	2	3	3	1	2	1	3	3	3	1	2	1	1	1	1	1	3	1	3	1	1	2	2	2	2	3	4	4	2	1	1	1	3	1	3	2	4	1	3	4	4	1	3	1	3	2	4	2	2	1	4	2	4	4	2	2	2	1	3	1	4	2	4	2	2	1	3	1	1	2	4	1	1	2	2	4	2	3	3	4	2	3	3
M030373_M301_10B	0	0	4	4	2	2	1	1	3	4	3	3	2	4	1	1	3	3	2	2	4	2	0	0	3	3	1	3	3	4	3	3	1	2	1	4	2	2	2	2	1	4	2	4	3	4	4	2	1	1	2	4	2	4	2	3	0	0	0	0	3	2	0	0	4	4	0	0	2	2	3	3	1	2	4	4	1	2	4	4	1	3	3	3	1	1	1	3	1	3	3	3	1	2	3	4	2	2	0	0	4	4	2	2	3	3	1	4	2	2	3	3	2	2	1	3	1	3	1	2	1	1	1	1	1	3	1	3	1	4	0	0	2	2	3	4	4	2	1	1	1	3	1	3	2	4	1	3	4	4	3	3	1	1	2	4	2	2	1	4	2	4	4	2	2	2	3	3	1	4	2	4	0	0	1	3	1	1	2	4	1	1	2	2	4	2	3	3	4	2	3	3
M030386_M301_11G	0	0	4	4	2	2	1	2	3	4	3	4	2	4	1	3	3	3	2	2	4	2	0	0	3	3	1	3	3	4	3	3	1	2	1	4	1	2	2	2	1	4	2	4	3	4	4	4	1	1	2	4	2	4	2	3	0	0	0	0	3	2	0	0	4	4	0	0	1	2	3	3	1	2	4	4	1	2	3	4	1	3	1	3	1	1	1	3	1	3	1	3	1	2	3	4	2	2	0	0	4	4	2	2	3	3	1	4	2	2	3	3	1	2	1	3	3	3	1	2	1	1	1	1	1	3	1	3	0	0	2	4	2	2	3	4	4	2	1	1	1	3	1	3	2	4	1	3	4	4	1	3	1	3	2	4	2	2	1	4	2	4	4	2	2	2	3	3	1	4	2	4	2	2	1	3	1	1	4	4	1	1	2	2	4	2	3	3	4	2	3	3
M030302_M301_1C	0	0	4	4	2	2	2	2	3	3	3	3	2	2	3	3	3	3	2	2	4	4	0	0	1	3	1	1	3	3	3	3	1	1	1	1	1	1	2	2	1	1	4	4	4	4	2	2	1	1	2	2	2	4	3	3	0	0	0	0	2	2	0	0	4	4	0	0	1	2	3	3	2	2	4	4	1	1	4	4	3	3	3	3	1	1	3	3	3	3	3	3	2	2	3	3	2	2	0	0	4	4	2	2	3	3	1	1	2	2	1	3	1	2	3	3	1	1	2	2	1	1	1	1	1	1	3	3	0	0	0	0	2	2	3	3	4	2	1	3	3	3	1	3	2	2	3	3	0	0	3	3	3	3	4	4	2	2	1	1	2	2	2	2	2	2	3	3	1	1	2	4	2	2	3	3	1	1	2	2	1	1	2	2	2	2	1	1	2	2	3	3
M030500_M303_2A	0	0	4	4	2	2	1	1	3	4	0	0	2	4	1	3	3	3	2	2	4	2	0	0	3	3	1	3	3	4	3	3	1	2	1	1	1	2	4	4	1	4	2	4	3	4	4	2	1	1	2	4	2	4	2	3	0	0	0	0	3	2	0	0	4	4	0	0	1	2	3	3	1	2	2	4	1	1	3	4	1	3	1	3	1	1	1	3	1	3	1	3	1	2	3	4	2	4	0	0	4	4	2	2	1	3	1	4	2	2	3	3	1	2	1	3	1	1	1	2	1	1	1	1	1	3	1	3	1	4	0	0	2	2	3	4	4	2	1	1	1	3	1	3	2	4	1	3	4	4	1	3	1	3	2	4	2	2	1	4	2	4	4	2	2	2	3	3	1	4	2	4	2	3	1	3	1	1	2	4	1	1	2	2	4	2	3	3	4	2	3	3
M030508_M303_3A	0	0	4	4	2	2	1	1	4	4	3	3	4	4	1	1	3	3	2	2	2	2	0	0	3	3	3	3	4	4	3	3	2	2	1	4	2	2	2	2	4	4	2	2	3	3	4	4	1	1	4	4	2	4	2	2	0	0	3	4	3	3	0	0	4	4	0	0	2	2	1	3	1	1	2	2	2	2	4	4	3	3	1	3	1	1	1	1	1	1	3	3	1	2	4	4	2	2	0	0	4	4	2	3	1	3	4	4	2	2	3	3	2	2	1	1	1	1	1	1	1	1	1	2	3	3	1	3	1	4	0	0	2	2	4	4	4	2	1	1	1	1	1	3	4	4	1	1	0	0	1	1	1	1	2	2	2	2	1	1	4	4	4	4	2	2	3	3	4	4	2	4	0	0	1	1	1	1	4	4	1	1	2	2	4	4	3	3	4	4	3	3
M030516_M303_4A	0	0	4	4	2	2	1	2	3	4	3	4	2	4	1	3	3	3	2	2	4	2	0	0	3	3	1	3	3	4	3	3	1	2	1	1	1	2	4	4	1	4	2	4	3	4	4	4	1	1	2	4	2	4	3	3	0	0	0	0	3	2	0	0	4	4	0	0	1	2	3	3	1	2	4	4	1	1	3	4	3	3	1	3	1	1	1	3	1	3	3	3	2	2	3	4	2	2	0	0	4	4	2	2	3	3	1	4	2	2	3	3	1	2	1	3	1	3	1	2	1	1	1	2	1	3	1	3	0	0	4	4	2	2	3	4	4	2	1	3	1	3	1	3	2	4	1	3	4	4	1	3	1	3	2	4	2	2	1	4	2	4	4	2	2	2	3	3	1	4	2	2	2	2	1	3	1	1	4	4	1	1	2	2	4	2	3	3	4	2	3	3
M030524_M303_5A	0	0	4	4	2	2	1	1	3	4	3	3	2	4	1	1	3	3	2	2	4	2	0	0	1	3	1	3	3	4	3	4	1	2	1	1	1	2	2	2	1	4	2	4	3	4	4	4	1	1	2	2	2	4	3	3	2	2	3	3	3	2	0	0	4	4	0	0	1	2	3	3	1	2	2	4	1	2	4	4	1	3	1	3	1	1	1	3	1	3	3	3	1	2	3	4	2	2	0	0	4	4	2	2	3	3	1	4	2	2	3	3	1	2	1	3	1	1	1	2	1	1	1	1	1	3	1	3	1	4	2	2	2	2	3	4	4	2	1	1	1	3	1	3	2	4	1	3	4	4	1	3	1	3	2	4	2	2	1	4	2	4	4	2	2	2	3	3	1	4	2	4	2	3	1	3	1	1	4	4	1	1	2	2	4	2	3	3	4	2	3	3
M030532_M303_6A	0	0	4	4	2	2	1	1	3	4	0	0	2	4	0	0	3	3	2	2	4	2	0	0	1	3	1	3	3	4	3	3	1	2	1	1	1	2	4	2	1	4	2	4	3	4	4	2	1	1	2	4	2	4	3	3	2	2	3	4	3	2	2	2	4	4	0	0	1	2	1	3	1	2	2	4	1	2	3	4	1	3	1	3	1	1	1	3	1	3	1	3	1	2	3	4	2	4	0	0	4	4	2	3	3	3	1	4	2	2	3	3	1	2	1	3	1	3	1	2	1	1	1	1	1	3	1	3	0	0	2	4	2	2	3	4	4	2	1	3	1	3	1	3	2	4	1	3	4	4	1	3	1	3	2	4	2	2	1	4	2	4	4	2	2	2	3	3	1	4	0	0	0	0	1	3	1	1	2	4	1	1	2	2	4	2	3	3	4	2	3	3
M030547_M303_7H	0	0	4	4	2	2	0	0	3	4	4	4	2	4	1	3	3	3	2	2	4	2	0	0	3	3	1	3	3	4	3	4	1	2	1	4	1	2	4	4	1	4	2	4	3	4	4	2	1	1	4	4	2	4	3	3	0	0	3	3	3	2	2	2	4	4	0	0	1	2	3	3	1	1	4	4	2	2	3	4	1	3	1	3	1	1	1	3	1	3	1	3	1	2	3	4	2	4	0	0	4	4	2	3	3	3	1	4	2	2	3	3	1	2	3	3	3	3	1	2	1	2	1	1	1	3	1	3	1	4	4	4	2	2	3	4	4	2	1	1	1	3	1	3	2	4	1	3	4	4	1	3	1	3	2	2	2	2	1	4	2	4	4	2	2	2	3	3	1	4	2	4	2	3	1	3	1	1	2	4	1	1	2	2	4	2	3	3	4	2	3	3
M030364_M301_9A	0	0	4	4	2	2	1	2	3	4	3	4	2	4	1	3	3	3	2	2	4	2	0	0	1	3	1	3	3	4	3	3	1	2	1	1	1	2	4	2	1	4	2	4	3	4	4	2	1	1	2	2	2	4	2	3	0	0	0	0	3	2	0	0	4	4	0	0	1	2	3	3	1	1	2	4	2	2	4	4	3	3	3	3	1	1	1	3	1	3	1	3	1	2	3	4	2	2	0	0	1	4	2	3	3	3	1	4	2	2	3	3	1	2	1	3	1	1	1	2	1	1	1	1	1	3	1	3	1	1	2	2	2	2	3	4	4	2	1	3	1	3	1	3	2	4	1	3	4	4	3	3	1	3	2	2	2	2	1	4	2	4	4	2	2	2	3	3	1	4	2	4	0	0	1	3	1	1	2	4	1	1	2	2	4	2	3	3	4	2	3	3
M031242_M310_10G	0	0	4	4	2	2	1	2	3	4	3	3	2	4	1	1	3	3	2	2	4	2	0	0	1	3	1	3	3	4	3	4	1	2	1	1	1	2	4	2	1	4	2	4	3	4	4	2	1	1	2	4	2	4	2	3	0	0	0	0	3	2	0	0	4	4	0	0	2	2	3	3	1	1	4	4	2	2	4	4	1	3	3	3	1	1	1	3	1	3	3	3	1	2	3	4	2	2	0	0	4	4	2	2	3	3	1	4	2	2	3	3	2	2	1	3	1	3	1	2	1	1	1	1	1	3	1	3	1	4	0	0	2	2	3	4	4	2	1	3	1	3	1	3	2	4	1	3	4	4	1	3	1	3	2	2	2	2	1	4	2	4	4	2	2	2	3	3	1	4	2	4	0	0	1	3	1	1	2	4	1	3	2	2	4	2	3	3	4	2	3	3
M030347_M301_6H	0	0	4	4	2	2	2	2	3	3	3	4	2	2	1	3	3	3	2	2	4	4	0	0	1	3	1	1	3	3	3	3	1	1	1	1	1	1	4	2	1	1	4	4	4	4	4	4	1	1	2	2	2	4	3	3	0	0	0	0	2	2	0	0	4	4	0	0	1	2	3	3	2	2	4	4	1	1	3	4	3	3	3	3	1	1	3	3	3	3	3	3	2	2	3	3	2	4	0	0	4	4	2	2	3	3	1	1	2	2	1	3	0	0	3	3	1	3	2	2	1	2	1	1	1	1	3	3	0	0	0	0	2	2	3	3	4	2	1	1	3	3	1	3	2	2	3	3	0	0	3	3	0	0	4	4	2	2	1	1	2	2	2	2	2	2	3	3	1	1	2	2	0	0	3	3	1	1	4	4	1	1	2	2	2	2	1	1	2	2	3	3
M030374_M301_10C	0	0	4	4	2	2	1	2	3	4	3	3	2	4	1	3	3	3	2	2	4	2	0	0	3	3	1	3	3	4	3	3	1	2	1	1	1	2	4	2	1	4	2	4	3	4	4	4	1	1	2	4	2	4	2	3	0	0	3	4	3	2	0	0	4	4	0	0	2	2	3	3	1	1	2	4	2	2	3	3	1	3	1	3	1	1	1	3	1	3	3	3	1	2	3	4	2	2	0	0	4	4	2	3	3	3	1	4	2	2	3	3	2	2	1	3	1	3	1	2	1	1	1	2	1	3	1	3	1	4	0	0	2	2	3	4	4	2	1	3	1	3	1	3	2	4	1	3	4	4	1	3	1	1	2	2	2	2	1	1	2	4	4	2	2	2	3	3	1	4	2	2	0	0	1	3	1	3	4	4	1	1	1	2	4	2	3	3	4	2	3	3
M030387_M301_11H	0	0	4	4	2	2	1	2	3	4	3	3	2	4	1	1	3	3	2	2	4	2	0	0	1	3	1	3	3	4	3	3	1	2	1	4	1	2	4	2	1	4	2	4	3	4	4	4	1	1	2	4	2	4	3	3	0	0	3	4	3	2	0	0	4	4	0	0	2	2	3	3	1	1	4	4	2	2	3	4	1	3	1	3	1	4	1	3	1	3	1	3	1	2	3	4	2	2	0	0	1	4	2	2	3	3	1	4	2	2	3	3	2	2	1	3	1	3	1	2	1	1	1	1	1	3	1	3	0	0	0	0	2	2	3	4	4	2	1	1	1	3	1	3	2	4	1	3	4	4	1	3	1	1	2	2	2	2	1	4	2	4	4	2	2	2	3	3	1	4	2	4	0	0	1	3	1	1	4	4	1	1	2	2	4	2	1	1	4	2	3	3
M030303_M301_1D	0	0	4	4	2	2	1	1	4	4	3	4	4	4	3	3	3	3	2	2	2	2	0	0	3	3	3	3	4	4	3	3	2	2	4	4	2	2	0	0	4	4	2	2	3	3	4	4	1	1	4	4	2	4	2	2	0	0	3	4	3	3	0	0	4	4	0	0	2	2	1	1	1	1	4	4	2	2	4	4	1	3	3	3	1	1	1	1	1	1	3	3	1	2	4	4	2	2	0	0	1	4	3	3	3	3	4	4	2	2	3	3	2	2	1	1	1	3	1	1	1	1	1	2	3	3	1	3	1	4	0	0	2	2	4	4	4	2	1	1	1	1	1	3	4	4	1	1	0	0	1	1	1	1	2	2	2	2	4	4	4	4	4	4	2	2	3	3	4	4	2	4	0	0	1	1	1	1	4	4	1	1	2	2	4	4	3	3	4	4	3	3
M030501_M303_2B	0	0	4	4	2	2	1	1	3	4	3	3	2	4	1	1	3	3	2	2	4	2	0	0	3	3	1	3	3	4	3	4	1	2	1	1	1	2	2	2	1	4	2	4	3	4	4	4	1	1	2	4	2	4	2	3	0	0	0	0	3	2	0	0	4	4	0	0	1	2	3	3	1	2	4	4	1	2	4	4	3	3	1	3	1	1	1	3	1	3	1	3	1	2	3	4	2	2	0	0	4	4	2	2	3	3	1	4	2	2	3	3	1	2	1	3	1	1	1	2	1	1	1	1	1	3	1	3	0	0	4	4	2	2	3	4	4	2	1	1	1	3	1	3	2	4	1	3	4	4	1	3	1	1	2	4	2	2	1	4	2	4	4	2	2	2	3	3	1	4	2	4	2	2	1	3	1	1	2	4	1	1	2	2	4	2	3	3	4	2	3	3
M030509_M303_3B	0	0	4	4	2	2	1	2	3	4	3	3	2	4	1	1	3	3	2	2	4	2	0	0	3	3	1	3	3	4	3	4	1	2	1	1	1	2	2	2	1	4	2	4	3	4	4	4	1	1	2	4	2	4	3	3	0	0	4	4	3	2	0	0	4	4	0	0	1	2	1	3	1	2	4	4	1	2	4	4	3	3	1	3	1	1	1	3	1	3	3	3	1	2	3	4	2	2	0	0	4	4	2	3	3	3	1	4	2	2	3	3	1	2	1	3	1	3	1	2	1	1	1	1	1	3	1	3	0	0	0	0	2	2	3	4	4	2	1	3	1	3	1	3	2	4	1	3	4	4	1	3	1	3	2	4	2	2	1	4	2	4	4	2	2	2	3	3	1	4	2	4	2	3	1	3	1	1	4	4	1	1	2	2	4	2	3	3	4	2	3	3
M030517_M303_4B	0	0	4	4	2	2	0	0	3	4	3	4	2	4	1	1	3	3	2	2	4	2	0	0	3	3	1	3	3	4	3	3	1	2	1	4	1	2	4	4	1	4	2	4	3	4	4	4	1	1	2	4	2	4	2	3	0	0	3	3	3	2	2	2	4	4	0	0	1	2	3	3	1	2	4	4	1	2	3	4	1	3	1	3	1	1	1	3	1	3	1	3	1	2	3	4	2	2	0	0	1	4	2	2	3	3	1	4	4	2	3	3	1	2	1	3	3	3	1	2	1	1	1	1	1	3	1	3	0	0	2	2	2	2	3	4	4	2	1	1	1	3	1	3	2	4	1	3	4	4	1	3	1	1	2	4	2	2	1	1	2	4	4	2	2	2	3	3	1	4	2	4	0	0	1	3	1	1	4	4	1	1	1	2	4	2	3	3	4	2	3	3
M030525_M303_5B	0	0	4	4	2	2	0	0	3	4	0	0	2	4	1	3	3	3	2	2	4	2	0	0	3	3	1	3	3	4	3	3	1	2	1	1	2	2	2	2	1	4	2	4	3	4	4	4	1	1	2	4	2	4	2	3	0	0	0	0	3	2	0	0	4	4	0	0	2	2	3	3	1	1	4	4	2	2	3	4	3	3	1	3	1	4	1	3	1	3	3	3	1	2	3	4	2	2	0	0	4	4	2	3	3	3	1	4	2	2	3	3	2	2	1	3	1	1	1	2	1	1	1	1	1	3	1	3	0	0	4	4	2	2	3	4	4	2	1	3	1	3	1	3	2	4	1	3	4	4	1	3	1	3	2	2	2	2	1	4	2	4	4	2	2	3	3	3	1	4	2	4	0	0	1	3	1	1	4	4	1	1	2	2	4	2	3	3	4	2	3	3
M030540_M303_7A	0	0	4	4	2	2	2	2	3	3	3	3	2	2	1	3	3	3	2	2	4	4	0	0	1	3	1	1	3	3	3	3	1	1	1	1	1	2	4	2	1	1	4	4	4	4	4	2	1	1	2	2	2	4	3	3	0	0	0	0	3	2	0	0	4	4	0	0	1	2	3	3	2	2	4	4	1	2	3	4	3	3	3	3	1	1	3	3	3	3	3	3	2	2	3	3	2	2	0	0	4	4	2	2	3	3	1	1	2	2	1	3	1	2	3	3	1	3	2	2	1	1	1	1	1	1	3	3	1	1	0	0	2	2	3	3	4	2	3	3	3	3	1	3	2	2	3	3	0	0	3	3	0	0	2	4	2	2	1	1	2	2	2	2	2	2	3	3	1	1	2	4	0	0	3	3	1	1	2	4	1	1	2	2	2	2	1	1	2	2	3	3
M030548_M303_8A	0	0	4	4	2	2	1	1	4	4	3	3	4	4	1	3	3	3	2	2	2	2	0	0	3	3	3	3	4	4	3	4	2	2	1	1	2	2	4	2	4	4	2	2	3	3	4	4	1	1	4	4	2	4	2	3	0	0	4	4	3	3	0	0	4	4	0	0	2	2	3	3	1	1	2	4	2	2	4	4	3	3	1	3	1	4	1	1	1	1	1	3	1	2	4	4	2	2	0	0	1	4	2	2	3	3	4	4	4	2	3	3	2	2	1	1	1	1	1	1	1	1	1	1	3	3	1	3	1	4	0	0	2	2	4	4	4	2	1	1	1	1	1	3	4	4	1	1	0	0	1	3	1	1	2	2	2	2	4	4	4	4	4	4	2	2	3	3	4	4	2	4	0	0	1	1	1	1	4	4	1	1	1	2	4	4	3	3	4	4	3	3
M030365_M301_9B	0	0	2	4	2	2	2	2	3	3	3	4	2	2	1	1	3	3	2	2	4	4	0	0	1	3	1	1	3	3	3	3	1	1	1	1	1	1	4	2	1	1	4	4	4	4	2	2	1	1	2	2	2	4	3	3	0	0	0	0	2	2	0	0	4	4	0	0	1	2	3	3	1	1	4	4	2	2	3	3	3	3	3	3	1	1	3	3	3	3	3	3	2	2	3	3	2	2	0	0	4	4	2	2	3	3	1	1	2	2	3	3	1	2	3	3	1	1	2	2	1	1	1	1	1	1	3	3	0	0	0	0	2	2	3	3	4	2	1	3	3	3	1	3	2	2	3	3	0	0	3	3	3	3	2	2	2	2	1	4	2	2	2	2	2	2	3	3	1	1	2	4	2	3	3	3	1	1	2	2	1	1	2	2	2	2	1	1	2	2	3	3
M030340_M301_6A	0	0	4	4	2	2	1	1	4	4	3	4	4	4	1	1	3	3	2	2	2	2	0	0	3	3	3	3	4	4	3	4	2	2	1	1	2	2	4	2	4	4	2	2	3	3	4	4	1	1	2	4	2	4	2	2	0	0	3	4	3	3	0	0	4	4	0	0	2	2	1	3	1	1	2	4	2	2	4	4	1	1	1	3	1	1	1	1	1	1	1	3	1	2	4	4	2	2	0	0	4	4	2	2	3	3	4	4	4	2	3	3	2	2	1	1	1	3	1	1	1	1	1	1	3	3	1	3	1	1	0	0	2	2	4	4	4	2	1	1	1	1	1	3	4	4	1	1	0	0	1	1	1	1	2	2	1	1	4	4	4	4	4	4	2	2	3	3	4	4	2	2	0	0	1	1	1	1	4	4	1	1	2	2	4	4	3	3	4	4	3	3
M030367_M301_9D	0	0	4	4	2	2	1	1	4	4	3	4	4	4	3	3	3	3	2	2	2	2	0	0	3	3	3	3	4	4	3	3	2	2	1	4	2	2	2	2	4	4	2	2	3	3	4	4	1	1	4	4	2	4	3	3	0	0	3	4	3	3	0	0	4	4	0	0	2	2	1	1	1	1	2	2	2	2	4	4	1	1	1	1	1	1	1	1	1	1	3	3	1	2	4	4	2	2	0	0	4	4	2	2	3	3	4	4	2	2	3	3	2	2	1	1	1	1	1	1	1	1	1	1	3	3	1	3	0	0	0	0	2	2	4	4	4	2	1	1	1	1	1	3	4	4	1	1	0	0	1	1	1	1	2	2	2	2	1	4	4	4	4	4	2	2	3	3	4	4	2	2	0	0	1	1	1	1	4	4	1	1	2	2	4	4	3	3	4	4	3	3
M030375_M301_10D	0	0	2	4	2	2	2	2	3	3	3	3	2	2	1	1	3	3	2	2	4	4	0	0	1	3	1	1	3	3	3	3	1	1	1	1	1	1	2	2	1	1	4	4	4	4	4	4	1	1	2	2	2	4	3	3	0	0	0	0	3	2	0	0	4	4	0	0	1	2	3	3	1	2	4	4	1	2	3	4	3	3	3	3	1	4	3	3	3	3	3	3	2	2	3	3	2	2	0	0	4	4	2	2	3	3	1	1	2	2	3	3	1	2	3	3	1	3	2	2	1	2	1	1	1	1	1	3	0	0	0	0	2	2	3	3	4	2	1	1	3	3	1	3	2	2	3	3	0	0	3	3	3	3	4	4	2	2	1	1	2	2	2	2	2	2	3	3	1	1	2	4	2	3	3	3	1	1	2	4	1	1	1	2	2	2	1	1	2	2	3	4
M030320_M301_3E	0	0	4	4	2	2	2	2	3	3	4	4	2	2	1	1	3	3	2	2	4	4	0	0	1	1	1	1	3	3	3	3	1	2	1	1	1	1	2	2	1	1	4	4	4	4	4	2	1	2	2	2	2	4	3	3	1	1	0	0	2	2	0	0	4	4	0	0	1	1	3	3	1	2	4	4	1	2	3	4	3	3	3	3	1	4	3	3	3	3	3	3	2	2	3	3	2	4	0	0	1	4	2	2	3	3	1	1	4	2	3	3	1	1	3	3	1	3	2	2	1	2	1	1	1	1	3	3	1	4	0	0	2	2	3	3	4	2	1	1	3	3	1	3	2	2	3	3	0	0	3	3	3	3	4	4	2	2	1	1	2	2	2	2	2	2	3	3	1	1	2	2	0	0	3	3	1	1	2	4	1	3	2	2	2	2	1	1	2	2	3	3
M030304_M301_1E	0	0	4	4	2	2	1	1	3	4	3	3	2	4	1	1	3	3	2	2	4	2	0	0	1	3	1	3	3	4	3	3	1	2	1	4	1	2	2	2	1	4	2	4	3	4	4	2	1	2	2	2	2	4	3	3	0	0	0	0	3	2	0	0	4	4	0	0	1	2	3	3	1	1	4	4	2	2	3	4	1	3	1	3	1	1	1	3	1	3	3	3	1	2	3	4	2	2	0	0	4	4	2	2	1	3	1	4	2	2	3	3	1	2	1	3	1	3	1	2	1	1	1	2	1	3	1	3	1	4	2	2	2	2	3	4	4	2	1	1	1	3	1	3	2	4	1	3	4	4	1	3	1	3	2	2	2	2	1	4	2	4	4	2	2	2	3	3	1	4	2	4	2	3	1	3	1	1	2	4	1	1	2	2	4	2	3	3	4	2	3	3
M030502_M303_2C	0	0	4	4	2	2	0	0	3	3	3	3	2	2	1	1	3	3	2	2	4	4	0	0	1	3	1	1	3	3	3	3	1	1	1	1	1	1	4	2	1	1	4	4	4	4	4	4	2	2	2	2	2	4	3	3	0	0	0	0	2	2	0	0	4	4	0	0	1	1	3	3	2	2	4	4	1	1	4	4	3	3	3	3	1	1	3	3	3	3	3	3	2	2	3	3	2	2	0	0	4	4	2	2	3	3	1	1	2	2	3	3	1	2	3	3	1	3	2	2	1	1	1	1	1	1	3	3	0	0	0	0	2	2	3	3	4	2	1	1	3	3	1	3	2	2	3	3	0	0	3	3	3	3	4	4	2	2	1	1	2	2	2	2	2	2	3	3	1	1	2	4	0	0	3	3	1	1	2	4	1	1	2	2	2	2	1	1	2	2	3	3
M030510_M303_3C	0	0	4	4	2	2	1	1	3	4	3	3	2	4	1	1	3	3	2	2	4	2	0	0	3	3	1	3	3	4	3	3	1	2	1	1	1	2	4	2	1	4	2	4	3	4	4	2	1	1	2	4	2	4	2	3	0	0	0	0	3	2	0	0	4	4	0	0	1	2	3	3	1	2	2	4	1	2	4	4	1	3	1	3	1	4	1	3	1	3	3	3	1	2	3	4	2	2	0	0	4	4	2	2	3	3	1	4	2	2	3	3	1	2	1	3	1	1	1	2	1	1	1	1	1	3	1	3	0	0	4	4	2	2	3	4	4	2	1	3	1	3	1	3	2	4	1	3	4	4	1	3	1	3	2	4	2	2	1	1	2	4	4	2	2	2	3	3	1	4	2	4	2	3	1	3	1	1	2	4	1	1	1	2	4	2	3	3	4	2	3	3
M030518_M303_4C	0	0	4	4	2	2	1	2	3	4	3	3	2	4	1	1	3	3	2	2	4	2	0	0	1	3	1	3	3	4	3	4	1	2	1	1	1	2	2	2	1	4	2	4	0	0	4	4	1	1	2	4	2	4	2	3	0	0	0	0	3	2	0	0	4	4	0	0	2	2	1	3	1	1	2	4	2	2	3	4	3	3	3	3	1	4	1	3	1	3	3	3	1	2	3	4	2	2	0	0	4	4	2	2	3	3	1	4	2	2	3	3	2	2	1	3	1	3	1	2	1	1	1	1	1	3	1	3	1	1	4	4	2	2	3	4	4	2	1	1	1	3	1	3	2	4	1	3	4	4	1	3	1	3	2	2	2	2	1	4	2	4	4	2	2	2	3	3	1	4	2	2	0	0	1	3	1	1	4	4	1	1	1	2	4	2	3	3	4	2	3	3
M030526_M303_5C	0	0	4	4	2	2	1	1	4	4	3	3	4	4	1	1	3	3	2	2	2	2	0	0	3	3	3	3	4	4	3	4	2	2	1	4	2	2	2	2	4	4	2	2	3	3	4	4	1	1	2	4	2	4	2	2	0	0	3	3	3	3	0	0	4	4	0	0	2	2	1	1	1	1	2	4	2	2	4	4	1	3	1	1	4	4	1	1	1	1	1	3	1	2	4	4	2	2	0	0	1	4	2	3	3	3	4	4	2	2	3	3	2	2	1	1	1	1	1	1	1	1	1	2	3	3	1	3	1	4	0	0	2	2	4	4	4	2	1	1	1	1	1	3	4	4	1	1	0	0	1	3	1	1	2	2	2	2	4	4	4	4	4	4	2	2	3	3	4	4	2	4	0	0	1	1	1	1	4	4	1	1	1	2	4	4	3	3	4	4	3	3
M030541_M303_7B	0	0	4	4	2	2	1	2	3	4	3	3	2	4	1	1	3	3	2	2	4	2	0	0	1	3	1	3	3	4	3	4	1	2	1	1	1	2	2	2	1	4	2	4	3	4	4	4	1	1	2	4	2	4	2	3	0	0	3	4	3	2	0	0	4	4	0	0	1	2	1	3	1	2	4	4	1	2	4	4	3	3	1	3	1	1	1	3	1	3	1	3	1	2	3	4	2	2	0	0	1	4	2	3	3	3	1	4	2	2	3	3	1	2	1	3	1	3	1	2	1	1	1	1	1	3	1	3	1	4	2	2	2	2	3	4	4	2	1	1	1	3	1	3	2	4	1	3	4	4	1	3	1	3	2	4	2	2	1	4	2	4	4	2	2	2	3	3	1	4	2	4	2	3	1	3	1	1	4	4	1	1	1	2	4	2	3	3	4	2	3	3
M030549_M303_8B	0	0	4	4	2	2	2	2	3	3	3	3	2	2	1	1	3	3	2	2	4	4	0	0	1	3	1	1	3	3	3	3	1	1	1	1	1	1	2	2	1	1	4	4	4	4	4	2	1	1	2	2	2	4	3	3	0	0	3	3	2	2	0	0	4	4	0	0	1	2	3	3	2	2	4	4	1	1	3	4	3	3	3	3	1	1	3	3	3	3	3	3	2	2	3	3	2	2	0	0	4	4	2	2	3	3	1	1	2	2	3	3	1	2	3	3	1	3	2	2	1	1	1	1	1	1	3	3	0	0	0	0	2	2	3	3	4	2	1	3	3	3	1	3	2	2	3	3	0	0	3	3	3	3	4	4	2	2	1	1	2	2	2	2	2	2	3	3	1	1	2	4	2	3	3	3	1	1	2	2	1	1	2	2	2	2	1	1	2	2	3	3
M030366_M301_9C	0	0	2	4	2	2	1	2	3	4	3	3	2	4	1	1	3	3	2	2	4	2	0	0	3	3	1	3	0	0	3	3	1	2	1	1	1	2	2	2	1	4	2	4	3	4	4	2	1	2	2	4	2	4	2	3	0	0	0	0	2	2	0	0	4	4	0	0	2	2	3	3	1	1	2	4	1	2	3	4	3	3	3	3	1	4	1	3	1	3	3	3	1	2	3	4	2	2	0	0	4	4	2	2	3	3	1	4	2	2	3	3	2	2	1	3	1	3	1	2	1	1	1	2	1	3	1	3	0	0	0	0	2	2	3	4	4	2	1	1	1	3	1	3	2	4	1	3	4	4	3	3	1	1	2	4	2	2	1	4	2	4	4	2	2	2	3	3	1	4	2	4	0	0	1	3	1	1	2	4	1	1	1	2	4	2	3	3	4	2	3	3
M030341_M301_6B	0	0	0	0	0	0	0	0	0	0	0	0	0	0	0	0	0	0	0	0	4	4	0	0	0	0	0	0	0	0	0	0	0	0	0	0	1	1	0	0	0	0	0	0	0	0	0	0	0	0	0	0	0	0	0	0	0	0	0	0	0	0	0	0	0	0	0	0	0	0	0	0	0	0	0	0	0	0	0	0	0	0	0	0	0	0	0	0	0	0	0	0	2	2	0	0	0	0	0	0	0	0	0	0	0	0	0	0	0	0	3	3	0	0	0	0	0	0	0	0	0	0	0	0	0	0	0	0	0	0	0	0	0	0	0	0	0	0	0	0	0	0	0	0	0	0	0	0	0	0	0	0	0	0	0	0	1	1	1	4	0	0	0	0	0	0	0	0	0	0	0	0	0	0	0	0	0	0	0	0	0	0	0	0	0	0	0	0	0	0	0	0
M030368_M301_9E	0	0	4	4	2	2	2	2	3	3	3	4	2	2	1	1	3	3	2	2	4	4	0	0	3	3	1	1	3	3	3	3	1	1	1	1	1	1	4	2	1	1	4	4	4	4	2	2	1	1	2	2	2	4	3	3	0	0	0	0	3	2	0	0	4	4	0	0	1	2	3	3	1	2	4	4	1	2	3	4	3	3	3	3	1	4	3	3	3	3	3	3	2	2	3	3	2	2	0	0	1	4	2	2	3	3	1	1	2	2	3	3	1	2	3	3	1	3	2	2	1	2	1	1	1	1	1	3	0	0	0	0	2	2	3	3	4	2	1	3	3	3	1	3	2	2	3	3	0	0	3	3	3	3	2	4	2	2	1	1	2	2	2	2	2	3	3	3	1	1	2	2	0	0	3	3	1	1	2	2	1	1	2	2	2	2	1	1	2	2	3	3
M030376_M301_10E	0	0	4	4	2	2	2	2	3	3	3	4	2	2	1	1	3	3	2	2	4	4	0	0	1	3	1	1	3	3	3	3	1	1	1	1	1	2	4	2	1	1	4	4	4	4	2	2	1	1	2	2	2	4	3	3	0	0	0	0	2	2	0	0	4	4	0	0	1	2	3	3	2	2	4	4	1	1	3	3	3	3	3	3	1	4	3	3	3	3	3	3	2	2	3	3	2	2	0	0	4	4	2	2	3	3	1	1	2	2	3	3	1	2	3	3	3	3	2	2	1	1	1	1	1	1	3	3	1	4	0	0	2	2	3	3	4	2	1	3	3	3	1	3	2	2	3	3	0	0	3	3	0	0	4	4	2	2	1	1	2	2	2	2	2	2	3	3	1	1	2	4	0	0	3	3	1	1	2	2	1	1	1	2	2	2	1	1	2	2	3	3
M030321_M301_3F	0	0	4	4	2	2	0	0	3	3	3	3	2	2	0	0	3	3	2	2	4	4	0	0	1	3	1	1	3	3	3	3	1	1	1	1	1	1	2	2	1	1	4	4	4	4	2	2	1	1	2	2	2	4	3	3	0	0	0	0	2	2	0	0	0	0	0	0	1	2	3	3	1	2	4	4	1	1	4	4	3	3	3	3	1	4	3	3	3	3	3	3	2	2	3	3	2	2	0	0	1	4	0	0	3	3	1	1	2	2	1	1	0	0	3	3	3	3	2	2	1	2	1	1	1	1	1	3	0	0	0	0	2	2	3	3	4	2	1	3	3	3	1	3	2	2	3	3	0	0	3	3	3	3	4	4	2	2	0	0	2	2	2	2	2	2	3	3	1	1	2	4	2	2	3	3	1	3	2	2	1	3	2	2	2	2	1	1	4	2	3	3
M030305_M301_1F	0	0	4	4	2	2	1	2	3	4	0	0	2	4	3	3	3	3	2	2	4	2	0	0	1	3	1	1	3	4	3	4	1	2	1	1	1	2	2	2	1	4	2	4	3	4	4	4	1	1	2	2	2	4	2	3	0	0	0	0	3	3	0	0	4	4	0	0	2	2	3	3	1	1	2	4	2	2	4	4	1	3	1	3	1	4	1	3	1	3	1	3	1	2	3	4	2	2	0	0	1	4	2	2	3	3	1	4	2	2	3	3	2	2	1	3	1	3	1	2	1	1	1	1	1	3	1	3	1	4	4	4	2	2	3	4	4	2	1	1	1	3	1	3	2	4	1	3	4	4	1	3	1	3	2	2	2	2	1	4	2	4	4	2	2	2	3	3	1	4	2	4	0	0	1	3	1	1	4	4	1	3	2	2	4	2	3	3	4	2	3	3
M030503_M303_2D	0	0	4	4	2	2	1	1	4	4	3	3	4	4	1	3	3	3	2	2	2	2	0	0	3	3	3	3	4	4	3	3	2	2	1	1	2	2	4	4	4	4	2	2	3	3	4	4	1	1	4	4	2	4	2	3	0	0	0	0	3	3	0	0	4	4	0	0	2	2	1	3	1	1	2	4	2	2	4	4	3	3	1	3	1	1	1	1	1	1	3	3	1	2	4	4	2	2	0	0	1	4	2	2	3	3	4	4	2	2	3	3	2	2	1	3	3	3	1	1	1	1	1	2	3	3	1	3	0	0	0	0	2	2	4	4	4	2	1	1	1	1	1	3	4	4	1	1	0	0	1	3	1	1	2	2	2	2	4	4	4	4	4	4	2	2	3	3	4	4	2	2	0	0	1	1	1	1	4	4	1	1	2	2	4	4	3	3	4	4	3	3
M030511_M303_3D	0	0	4	4	2	2	1	2	3	4	3	4	2	4	1	3	3	3	2	2	4	2	0	0	1	3	1	3	3	4	3	4	1	2	1	1	1	2	2	2	1	4	2	4	3	4	4	2	1	1	2	4	2	4	3	3	0	0	3	4	3	2	0	0	4	4	3	3	1	2	3	3	1	2	2	4	1	2	3	4	1	3	1	3	1	1	1	3	1	3	1	3	1	2	3	4	2	2	0	0	1	4	2	2	3	3	1	4	2	2	3	3	1	2	1	3	1	1	1	2	1	2	1	1	1	3	1	3	0	0	2	2	2	2	3	4	4	2	1	3	1	3	1	3	2	4	1	3	4	4	1	3	1	3	2	4	2	2	1	1	2	4	4	2	2	3	3	3	1	4	2	4	2	3	1	3	1	1	2	4	1	1	2	2	4	2	3	3	4	2	3	3
M030519_M303_4D	0	0	4	4	2	2	1	2	3	4	3	4	2	4	3	3	3	3	2	2	4	2	0	0	3	3	1	3	3	4	3	4	1	2	1	1	1	2	2	2	1	4	2	4	3	4	4	2	1	2	2	4	2	4	2	3	0	0	0	0	3	3	0	0	4	4	0	0	2	2	3	3	1	2	2	4	1	2	4	4	3	3	3	3	1	1	1	3	1	3	3	3	1	2	3	4	2	2	0	0	4	4	2	2	3	3	1	4	2	2	1	3	2	2	1	3	3	3	1	2	1	1	1	1	1	3	1	3	0	0	0	0	2	2	3	4	4	2	1	3	1	3	1	3	2	4	1	3	4	4	3	3	1	1	2	4	2	2	1	4	2	4	4	2	2	2	3	3	1	4	2	2	0	0	1	1	1	3	2	4	1	1	2	2	4	2	3	3	4	2	3	3
M030527_M303_5D	0	0	4	4	2	2	2	2	3	3	3	4	2	2	1	1	3	3	2	2	4	4	0	0	1	3	1	1	3	3	3	3	1	1	1	1	1	1	2	2	1	1	4	4	4	4	4	4	1	1	2	2	2	4	3	3	0	0	0	0	2	2	0	0	4	4	0	0	1	1	3	3	2	2	4	4	1	1	3	3	3	3	3	3	1	1	3	3	3	3	3	3	2	2	3	3	2	2	0	0	1	4	2	2	3	3	1	1	2	2	1	3	1	2	3	3	1	3	2	2	1	2	1	1	1	1	3	3	1	4	0	0	2	2	3	3	4	2	1	3	3	3	1	3	2	2	3	3	0	0	3	3	3	3	4	4	2	2	1	1	2	2	2	2	2	2	3	3	1	1	2	4	0	0	3	3	1	1	4	4	1	1	2	2	2	2	1	1	2	2	3	3
M030542_M303_7C	0	0	2	2	2	2	2	2	3	3	3	3	2	2	3	3	3	3	2	2	4	4	0	0	1	1	1	1	3	3	3	3	1	1	1	1	1	1	2	2	1	1	4	4	4	4	4	4	1	1	2	2	2	4	3	3	1	2	0	0	3	2	0	0	4	4	0	0	1	2	3	3	1	2	4	4	1	2	3	4	3	3	3	3	1	1	3	3	3	3	3	3	2	2	3	3	2	4	0	0	4	4	2	2	3	3	1	1	2	2	3	3	1	2	3	3	1	3	2	2	1	1	1	1	1	1	3	3	0	0	0	0	2	2	3	3	4	2	1	1	3	3	1	3	2	2	3	3	0	0	3	3	3	3	2	4	2	2	1	1	2	2	2	2	2	2	3	3	1	1	2	4	2	3	3	3	1	1	2	4	3	3	2	2	2	2	1	1	2	2	3	4
M030550_M303_8C	0	0	4	4	2	2	1	2	3	4	3	4	2	4	1	3	3	3	2	2	4	2	0	0	3	3	1	3	3	4	3	4	1	2	1	4	2	2	4	4	1	4	2	4	3	4	4	2	1	1	2	4	2	4	2	3	0	0	4	4	3	2	2	2	4	4	0	0	1	2	3	3	1	2	4	4	2	2	3	4	1	3	1	3	1	4	1	3	1	3	3	3	1	2	3	4	2	2	0	0	4	4	2	2	3	3	1	4	2	2	3	3	2	2	1	3	1	3	1	2	1	1	1	2	1	3	1	3	0	0	2	2	2	2	3	4	4	2	1	1	1	3	1	3	2	4	1	3	4	4	1	3	1	3	2	2	2	2	1	4	2	4	4	2	2	2	3	3	1	4	2	4	0	0	1	3	1	1	2	4	1	1	2	2	4	2	3	3	4	2	3	3
M031237_M310_10B	0	0	4	4	2	2	1	2	3	4	3	3	2	4	1	1	3	3	2	2	4	2	0	0	3	3	1	3	3	4	3	4	1	2	1	1	1	2	4	2	1	4	2	4	3	4	4	4	1	1	2	4	2	4	3	3	0	0	0	0	3	2	0	0	4	4	0	0	2	2	3	3	1	2	4	4	1	2	3	4	1	3	1	3	1	1	1	3	1	3	3	3	1	2	4	4	2	2	0	0	4	4	2	3	3	3	1	4	2	2	3	3	2	2	1	3	3	3	1	2	1	2	1	2	1	3	1	3	1	1	0	0	2	2	3	4	4	2	1	1	1	3	1	3	2	4	1	3	4	4	1	3	1	1	2	4	2	2	1	1	2	4	4	2	2	2	3	3	1	4	2	2	0	0	1	3	1	1	4	4	1	1	2	2	4	2	3	3	4	2	3	3
M030342_M301_6C	0	0	4	4	2	2	1	1	4	4	3	3	4	4	1	1	3	3	2	2	2	2	0	0	3	3	3	3	4	4	3	3	2	2	1	1	2	2	2	2	4	4	2	2	3	3	4	4	1	2	4	4	2	4	2	3	0	0	3	4	3	3	0	0	4	4	0	0	2	2	3	3	1	1	2	4	2	2	4	4	1	3	1	1	1	4	1	1	1	1	1	3	1	2	4	4	2	2	0	0	4	4	2	3	3	3	4	4	2	2	3	3	2	2	1	1	1	1	1	1	1	1	2	2	3	3	1	3	4	4	0	0	2	2	4	4	4	2	1	1	1	1	1	3	4	4	1	1	0	0	1	1	1	1	2	2	2	2	1	4	4	4	4	4	2	2	3	3	4	4	2	2	0	0	1	1	1	1	4	4	1	1	1	2	4	4	3	3	4	4	3	3
M030369_M301_9F	0	0	4	4	2	2	1	1	3	4	3	3	2	4	1	1	3	3	2	2	4	2	0	0	1	3	1	3	3	4	3	4	2	2	1	4	1	2	4	2	1	4	2	4	3	4	4	4	1	1	2	4	2	4	3	3	0	0	0	0	3	2	0	0	4	4	0	0	1	2	3	3	1	2	4	4	1	1	3	4	1	3	1	3	1	1	1	3	1	3	3	3	1	2	3	4	2	4	0	0	4	4	2	2	3	3	1	4	2	2	3	3	2	2	1	3	1	3	1	2	1	1	1	2	1	3	1	3	1	4	0	0	2	2	3	4	4	2	1	1	1	3	1	3	2	4	1	3	4	4	1	3	1	1	2	4	2	2	1	4	2	4	4	2	2	2	3	3	1	4	2	4	0	0	1	3	1	1	4	4	1	1	1	2	4	2	3	3	4	2	3	3
M030377_M301_10F	0	0	4	4	2	2	1	1	3	4	3	4	2	4	1	1	3	3	2	2	4	2	0	0	3	3	1	3	3	4	3	4	1	2	1	1	1	2	4	2	1	4	2	4	3	4	4	4	1	1	2	2	2	4	2	3	0	0	0	0	3	2	0	0	4	4	0	0	1	2	1	3	1	2	2	4	1	2	4	4	1	3	1	3	1	1	1	3	1	3	3	3	1	2	3	4	2	2	0	0	4	4	2	3	3	3	1	4	2	2	1	3	1	2	1	3	1	3	1	2	1	1	1	2	1	3	1	3	1	1	0	0	2	2	3	4	4	2	1	3	1	3	1	3	2	4	1	3	4	4	1	3	1	3	2	4	2	2	1	4	2	4	4	2	2	2	3	3	1	4	2	4	2	2	1	3	1	1	4	4	1	1	1	2	4	2	3	3	4	2	3	3
M030322_M301_3G	0	0	4	4	2	2	1	1	3	4	3	3	2	4	1	1	3	3	2	2	4	2	0	0	1	3	1	3	3	4	3	3	1	2	1	1	1	2	4	2	1	4	2	4	3	4	4	4	1	1	2	4	2	4	2	3	0	0	0	0	3	2	0	0	4	4	0	0	2	2	1	3	1	1	2	4	2	2	3	4	1	3	1	3	1	1	1	3	1	3	3	3	2	2	3	4	2	2	0	0	4	4	2	2	3	3	1	4	4	2	3	3	2	2	1	3	3	3	1	2	1	1	1	1	1	3	1	3	1	1	0	0	2	2	3	4	4	2	1	1	1	3	1	3	2	4	1	3	4	4	1	3	1	1	2	2	2	2	4	4	2	4	4	2	2	2	3	3	1	4	2	4	0	0	1	3	1	1	4	4	1	3	2	2	4	2	3	3	4	2	3	3
M030306_M301_1G	0	0	4	4	2	2	1	2	3	4	3	3	2	4	3	3	3	3	2	2	4	2	0	0	3	3	1	3	3	4	3	3	1	2	1	1	1	2	2	2	1	4	2	4	3	4	4	4	1	1	2	4	2	4	2	3	0	0	0	0	3	3	0	0	4	4	3	3	2	2	1	3	1	1	2	4	2	2	3	4	1	3	3	3	1	4	1	3	1	3	3	3	1	2	3	4	2	2	0	0	4	4	2	2	3	3	1	4	2	2	3	3	2	2	1	3	1	3	1	2	1	1	1	1	1	3	1	3	0	0	2	2	2	2	3	4	4	2	1	3	1	3	1	3	2	4	1	3	4	4	3	3	1	3	2	2	2	2	1	4	2	4	4	2	2	2	3	3	1	4	2	4	0	0	1	3	1	1	4	4	1	1	2	2	4	2	3	3	4	2	3	3
M030504_M303_2E	0	0	4	4	2	2	2	2	3	3	4	4	2	2	1	3	3	3	2	2	4	4	0	0	1	1	1	1	3	3	3	3	1	1	1	1	1	1	4	2	1	1	4	4	4	4	2	2	1	2	2	2	2	4	3	3	0	0	0	0	2	2	0	0	4	4	1	3	1	1	3	3	1	2	4	4	1	2	3	4	3	3	3	3	1	1	3	3	3	3	3	3	2	2	3	3	2	2	0	0	4	4	2	2	3	3	1	1	2	2	3	3	1	2	3	3	1	1	2	2	1	1	1	1	1	1	3	3	0	0	0	0	2	2	3	3	4	2	1	3	3	3	1	3	2	2	3	3	0	0	3	3	3	3	4	4	2	2	1	1	2	2	2	2	2	2	3	3	1	1	2	4	0	0	3	3	1	3	2	2	1	3	2	2	2	2	1	1	2	2	3	3
M030512_M303_3E	0	0	4	4	2	2	1	2	3	4	3	3	2	4	1	3	3	3	2	2	4	2	0	0	3	3	1	3	3	4	3	4	1	2	1	1	1	2	4	4	1	4	2	4	3	4	4	4	1	1	2	2	2	4	3	3	0	0	0	0	2	2	0	0	4	4	3	3	1	2	3	3	1	2	2	4	1	2	3	4	1	3	3	3	1	1	1	3	1	3	1	3	1	2	3	4	2	4	0	0	1	4	2	2	3	3	1	4	2	2	1	1	1	2	1	3	1	3	1	2	1	2	1	2	1	3	1	3	1	4	4	4	2	2	3	4	4	2	1	1	1	3	1	3	2	4	1	3	4	4	1	3	1	3	2	4	2	2	1	1	2	4	4	2	2	3	3	3	1	4	2	4	2	3	1	3	1	3	4	4	1	1	2	2	4	2	3	3	4	2	3	3
M030520_M303_4E	0	0	4	4	2	2	1	2	3	4	3	3	2	4	1	1	3	3	2	2	4	2	0	0	1	3	1	3	3	4	3	4	1	2	1	1	1	2	4	2	1	4	2	4	3	4	4	2	1	1	2	4	2	4	3	3	0	0	3	4	3	2	2	2	4	4	0	0	1	2	3	3	1	2	2	4	1	2	3	4	1	3	1	3	1	1	1	3	1	3	1	3	1	2	3	4	2	2	0	0	1	4	2	2	3	3	1	4	2	2	3	3	1	2	1	3	1	1	1	2	1	1	1	1	1	3	1	3	0	0	2	2	2	2	3	4	4	2	1	1	1	3	1	3	2	4	1	3	4	4	1	3	1	3	2	4	2	2	1	1	2	4	4	4	2	3	3	3	1	4	2	2	2	3	1	3	1	1	2	4	1	1	2	2	4	2	3	3	4	2	3	3
M030528_M303_5E	0	0	4	4	2	2	1	1	4	4	3	3	4	4	1	3	3	3	2	2	2	2	0	0	3	3	3	3	4	4	3	4	2	2	1	1	2	2	2	2	4	4	2	2	3	3	4	4	1	1	4	4	2	4	2	3	0	0	3	4	3	3	0	0	4	4	3	3	2	2	3	3	1	1	2	4	2	2	4	4	1	1	1	3	1	4	1	1	1	1	3	3	1	2	4	4	2	2	0	0	4	4	2	2	3	3	4	4	2	2	3	3	2	2	1	1	3	3	1	1	1	1	1	1	3	3	1	3	1	4	0	0	2	2	4	4	4	2	1	1	1	1	1	3	4	4	1	1	0	0	1	1	1	1	2	2	2	2	1	4	4	4	4	4	2	2	3	3	4	4	2	2	0	0	1	1	1	1	4	4	1	1	2	2	4	4	3	3	4	4	3	3
M030543_M303_7D	0	0	4	4	2	2	1	2	3	3	3	3	2	4	1	3	3	3	2	2	4	2	0	0	3	3	1	3	3	4	3	3	1	2	1	1	1	2	2	2	1	4	2	4	3	4	4	4	1	1	2	2	2	4	2	3	0	0	4	4	3	2	0	0	4	4	0	0	1	2	3	3	1	2	4	4	1	2	4	4	3	3	1	3	1	1	1	3	1	3	1	3	1	2	3	4	2	2	0	0	1	4	2	2	3	3	1	4	2	2	3	3	1	2	1	3	1	1	1	2	1	1	1	2	1	3	1	3	0	0	4	4	2	2	3	4	4	2	1	1	1	3	1	3	2	4	1	3	4	4	3	3	1	1	2	4	2	2	1	1	2	4	4	2	2	2	3	3	1	4	2	2	2	3	1	3	1	1	4	4	1	1	1	2	4	2	3	3	4	2	3	3
M030551_M303_8D	0	0	4	4	2	2	1	2	3	4	3	3	2	4	1	1	3	3	2	2	4	2	0	0	3	3	1	3	3	4	3	4	1	2	1	1	1	2	4	2	1	4	2	4	3	4	4	2	1	1	2	4	2	4	2	3	0	0	0	0	3	2	0	0	4	4	3	3	1	2	1	3	1	2	4	4	1	2	3	4	1	3	1	3	1	1	1	3	1	3	1	3	1	2	3	4	2	2	0	0	4	4	2	2	3	3	1	4	4	4	3	3	1	2	1	3	1	3	1	2	1	1	1	2	1	3	1	3	1	4	2	2	2	2	3	4	4	2	1	3	1	3	1	3	2	4	1	3	4	4	1	3	1	3	2	4	2	2	1	4	2	4	4	2	2	2	3	3	1	4	2	4	2	3	1	3	1	1	2	4	1	1	2	2	4	2	3	3	4	2	3	3
M031238_M310_10C	0	0	2	4	2	2	2	2	3	3	3	3	2	2	1	1	3	3	2	2	4	4	0	0	1	3	1	1	3	3	3	3	1	1	1	1	2	2	4	2	1	1	4	4	4	4	2	2	1	2	2	2	2	4	3	3	0	0	0	0	2	2	0	0	4	4	0	0	2	2	3	3	1	1	4	4	2	2	3	4	3	3	3	3	4	4	3	3	3	3	3	3	2	2	3	3	2	2	0	0	4	4	2	2	3	3	1	1	2	2	3	3	1	2	3	3	1	1	2	2	1	2	1	1	1	1	1	3	0	0	0	0	2	2	3	3	4	2	1	1	3	3	1	3	2	2	3	3	0	0	3	3	0	0	2	2	2	2	1	1	2	2	2	2	2	2	3	3	1	1	2	4	0	0	3	3	1	1	4	4	1	1	2	2	2	2	1	1	2	2	3	3
M030343_M301_6D	0	0	4	4	2	2	1	2	3	4	3	3	2	4	1	1	3	3	2	2	4	2	0	0	1	3	1	3	3	3	3	3	1	2	1	1	1	2	4	2	1	4	2	4	3	4	4	4	1	1	2	4	2	4	3	3	0	0	0	0	3	3	0	0	4	4	0	0	1	2	3	3	1	2	2	4	1	2	3	4	1	3	1	3	1	1	1	3	1	3	3	3	1	2	3	4	2	2	0	0	4	4	2	2	3	3	1	4	2	2	3	3	1	2	1	3	1	3	1	2	1	1	1	1	1	3	1	3	1	1	0	0	2	2	3	4	4	2	1	1	1	3	1	3	2	4	1	3	4	4	1	3	1	1	2	4	2	2	1	4	2	4	4	2	2	2	3	3	1	4	2	4	2	2	1	3	1	1	4	4	1	1	2	2	4	2	3	3	4	2	3	3
M030370_M301_9G	0	0	4	4	2	2	1	2	3	4	3	3	2	4	1	1	3	3	2	2	4	2	0	0	3	3	1	3	3	4	3	4	1	2	1	4	1	2	4	2	1	4	2	4	3	4	4	4	1	1	2	4	2	4	2	3	0	0	0	0	3	2	0	0	4	4	0	0	1	2	3	3	1	2	4	4	1	1	4	4	3	3	1	3	1	1	1	3	1	3	3	3	1	2	3	4	2	2	0	0	4	4	2	2	3	3	1	4	2	2	3	3	1	2	1	3	1	1	1	2	1	1	1	2	1	3	1	3	1	4	0	0	2	2	3	4	4	2	1	1	1	3	1	3	2	4	1	3	4	4	3	3	1	1	2	4	2	2	1	1	2	4	4	2	2	2	3	3	1	4	2	4	2	2	1	3	1	1	4	4	1	1	2	2	4	2	3	3	4	2	3	3
M030378_M301_10G	0	0	4	4	2	2	1	1	4	4	3	3	4	4	1	1	3	3	2	2	2	2	0	0	3	3	3	3	4	4	4	4	2	2	1	4	2	2	2	2	4	4	2	2	3	3	4	4	1	1	4	4	2	4	3	3	0	0	0	0	3	3	0	0	4	4	0	0	2	2	3	3	1	1	2	4	2	2	4	4	1	1	1	1	1	1	1	1	1	1	3	3	1	2	4	4	2	2	0	0	4	4	2	2	3	3	4	4	2	2	3	3	2	2	1	1	1	1	1	1	1	1	1	2	3	3	1	3	1	1	0	0	2	2	4	4	4	2	1	1	1	1	1	3	4	4	1	1	0	0	1	3	1	1	2	2	2	2	1	4	4	4	4	4	2	2	3	3	4	4	2	4	0	0	1	1	1	1	4	4	1	1	2	2	4	4	3	3	4	4	3	3
M030379_M301_10H	0	0	4	4	0	0	1	1	0	0	0	0	2	4	0	0	3	3	2	2	0	0	0	0	0	0	0	0	0	0	0	0	0	0	1	4	0	0	0	0	0	0	2	4	3	4	4	4	1	2	2	4	2	2	2	3	0	0	0	0	3	2	0	0	0	0	0	0	0	0	0	0	0	0	0	0	0	0	0	0	0	0	0	0	0	0	0	0	0	0	0	0	0	0	0	0	0	0	0	0	0	0	0	0	0	0	0	0	0	0	0	0	0	0	0	0	0	0	0	0	0	0	0	0	0	0	0	0	0	0	0	0	0	0	0	0	0	0	0	0	0	0	0	0	0	0	0	0	0	0	0	0	0	0	0	0	2	2	1	1	2	4	4	2	0	0	0	0	1	4	0	0	0	0	1	3	1	1	4	4	1	1	2	2	4	2	3	3	0	0	3	3
M030307_M301_1H	0	0	4	4	2	2	2	2	3	3	3	4	2	2	1	3	3	3	2	2	4	4	0	0	1	1	1	1	3	3	3	3	1	1	1	1	1	2	4	4	1	1	4	4	4	4	2	2	1	1	2	2	2	4	3	3	0	0	0	0	2	2	0	0	4	4	0	0	1	2	3	3	1	1	4	4	2	2	3	3	3	3	3	3	1	1	3	3	3	3	3	3	2	2	3	3	2	2	0	0	4	4	2	2	3	3	1	1	2	2	3	3	1	2	3	3	1	3	2	2	1	2	1	1	1	1	3	3	1	4	0	0	2	2	3	3	4	2	1	1	3	3	1	3	2	2	3	3	0	0	3	3	3	3	2	2	2	2	1	1	2	2	2	2	2	2	3	3	1	1	2	4	0	0	1	3	1	1	2	2	1	1	2	2	2	2	1	1	2	2	3	3
M030505_M303_2F	0	0	4	4	2	2	1	1	3	4	3	3	2	4	1	1	3	3	2	2	4	2	0	0	3	3	1	3	3	4	3	4	1	2	1	4	1	2	2	2	1	4	2	4	3	4	4	4	1	1	2	4	2	4	3	3	0	0	0	0	3	2	0	0	4	4	0	0	1	2	3	3	1	2	2	4	1	2	4	4	1	3	1	3	1	1	1	3	1	3	3	3	2	2	3	4	2	2	0	0	4	4	2	2	3	3	1	4	2	2	3	3	1	2	1	3	1	1	1	2	1	1	1	1	1	3	1	3	0	0	4	4	2	2	3	4	4	2	1	1	1	3	1	3	2	4	1	3	4	4	1	3	1	1	2	4	2	2	1	4	2	4	4	2	2	2	3	3	1	4	2	4	2	2	1	3	1	1	2	4	1	1	1	2	4	2	3	3	4	2	3	3
M030513_M303_3F	0	0	2	4	2	2	0	0	3	3	3	3	2	2	1	3	3	3	2	2	4	4	0	0	1	1	1	1	3	3	3	3	1	1	1	1	1	1	4	2	1	1	4	4	4	4	2	2	1	1	2	2	2	4	3	3	0	0	0	0	2	2	0	0	4	4	0	0	2	2	3	3	2	2	4	4	1	1	4	4	3	3	3	3	1	1	3	3	3	3	3	3	2	2	3	3	2	2	0	0	1	4	2	2	3	3	1	1	2	2	3	3	2	2	3	3	1	3	2	2	1	1	1	1	1	1	3	3	1	4	0	0	2	2	3	3	4	2	1	3	3	3	1	3	2	2	3	3	0	0	3	3	3	3	4	4	2	2	1	1	2	2	2	2	2	2	3	3	1	1	2	2	0	0	3	3	1	3	2	2	1	1	2	2	2	2	1	1	2	2	3	3
M030521_M303_4F	0	0	2	4	2	2	1	2	3	4	3	3	2	4	3	3	3	3	2	2	4	2	0	0	3	3	1	3	3	4	3	3	1	2	1	1	1	2	0	0	1	4	2	4	3	4	4	4	1	1	2	2	2	4	2	3	0	0	0	0	3	3	0	0	4	4	3	3	2	2	3	3	1	2	2	4	1	1	4	4	1	3	1	3	1	1	1	3	1	3	1	3	1	2	3	4	2	2	0	0	4	4	2	2	3	3	1	4	2	2	3	3	2	2	1	3	1	1	1	2	1	1	1	1	1	3	1	3	0	0	4	4	2	2	3	4	4	2	1	1	1	3	1	3	2	4	1	3	4	4	3	3	1	1	2	4	2	2	1	1	2	4	4	2	2	3	3	3	1	4	2	4	0	0	1	3	1	1	4	4	1	1	1	2	4	2	3	3	4	2	3	3
M030529_M303_5F	0	0	2	4	2	2	1	2	3	4	3	3	2	4	1	3	3	3	2	2	4	2	0	0	1	3	1	3	3	4	3	3	1	2	1	1	1	2	4	2	1	4	2	4	3	4	4	2	1	1	2	4	2	4	2	3	1	2	3	3	3	2	0	0	4	4	0	0	1	2	1	3	1	2	2	4	1	2	4	4	1	3	3	3	1	1	1	3	1	3	3	3	1	2	3	4	2	4	0	0	4	4	2	3	3	3	1	4	2	2	3	3	1	2	1	3	1	3	1	2	1	1	1	1	1	3	1	3	0	0	4	4	2	2	3	4	4	2	1	1	1	3	1	3	2	4	1	3	4	4	1	3	1	3	2	4	2	2	1	1	2	4	4	2	2	2	3	3	1	4	2	4	2	3	1	3	1	1	2	4	1	1	2	2	4	2	3	3	4	2	3	3
M030544_M303_7E	0	0	4	4	2	2	2	2	3	3	3	4	2	2	1	1	3	3	2	2	4	4	0	0	3	3	1	1	3	3	3	3	1	1	1	1	1	1	2	2	1	1	4	4	4	4	4	2	1	1	2	2	2	4	3	3	0	0	0	0	2	2	0	0	4	4	0	0	1	1	3	3	1	2	4	4	1	2	3	4	3	3	3	3	1	4	3	3	3	3	3	3	2	2	3	3	2	2	0	0	4	4	2	2	3	3	1	1	2	2	1	3	1	2	3	3	1	1	2	2	1	2	1	1	1	1	3	3	0	0	0	0	2	2	3	3	4	2	1	1	3	3	1	3	2	2	3	3	0	0	3	3	3	3	2	4	2	2	1	1	2	2	2	2	2	2	3	3	1	1	2	4	0	0	3	3	1	1	4	4	1	1	1	2	2	2	1	1	2	2	3	3
M030552_M303_8E	0	0	4	4	2	2	1	2	3	4	3	4	2	4	1	3	3	3	2	2	4	2	0	0	3	3	1	3	3	4	3	4	1	2	1	4	1	2	2	2	1	4	2	4	3	4	4	4	1	1	2	4	2	4	3	3	0	0	0	0	3	2	0	0	4	4	0	0	1	2	3	3	1	2	2	4	1	2	3	4	1	3	1	3	1	4	1	3	1	3	3	3	1	2	3	4	2	2	0	0	1	4	2	2	1	3	1	4	2	2	3	3	1	2	1	3	1	3	1	2	1	1	1	2	1	3	1	3	1	1	0	0	2	2	3	4	4	2	1	1	1	3	1	3	2	4	1	3	4	4	1	3	1	1	2	4	2	2	1	1	2	4	4	2	2	2	3	3	1	4	2	4	2	2	1	3	1	1	4	4	1	1	1	2	4	2	3	3	4	2	3	3
