Sample_ID	OmyY1	OmyY1	R18251	R18251	R23044	R23044	R30220	R30220	R34286	R34286	R38993	R38993	SH114448	SH114448	R000200	R000200	R033859	R033859	R09768	R09768	R12730	R12730	R24463	R24463	R00586	R00586	R19198	R19198	R23330	R23330	R30355	R30355	R34385	R34385	R39365	R39365	SH121006	SH121006	R018277	R018277	R03418	R03418	R10226	R10226	R13191	R13191	R24493	R24493	R12738	R12738	R19633	R19633	R23813	R23813	R30423	R30423	R34662	R34662	R40094	R40094	SH127236	SH127236	R02551	R02551	R03924	R03924	R10530	R10530	R16543	R16543	R26255	R26255	R13730	R13730	R19731	R19731	R24068	R24068	R30589	R30589	R35324	R35324	R40152	R40152	OMS00116	OMS00116	R02676	R02676	R04143	R04143	R11238	R11238	R19868	R19868	R27050	R27050	R14225	R14225	R21285	R21285	R24273	R24273	R30678	R30678	R37205	R37205	R40252	R40252	OMS00143	OMS00143	R02783	R02783	R04203	R04203	R11353	R11353	R19948	R19948	R30551	R30551	R14383	R14383	R21330	R21330	R24370	R24370	R33010	R33010	R37229	R37229	R40319	R40319	OMS00144	OMS00144	R02785	R02785	R04760	R04760	R11790	R11790	R20353	R20353	R32124	R32124	R14511	R14511	R21561	R21561	R28680	R28680	R33411	R33411	R37560	R37560	R40342	R40342	OMS00159	OMS00159	R03042	R03042	R04944	R04944	R12528	R12528	R21023	R21023	R32692	R32692	R14589	R14589	R22570	R22570	R30015	R30015	R33562	R33562	R38346	R38346	R40580	R40580	OMS00169	OMS00169	R03306	R03306	R08985	R08985	R12611	R12611	R22488	R22488	R36639	R36639
M014420_M135_3A	0	0	4	4	2	2	1	2	0	0	3	4	4	4	1	1	3	3	2	2	4	4	0	0	3	3	1	1	3	3	3	3	1	2	1	1	1	2	2	2	1	1	4	4	4	4	4	4	1	1	2	2	2	2	3	3	0	0	3	3	3	3	1	1	4	4	3	3	1	1	3	3	1	1	4	4	2	2	4	4	3	3	3	3	1	1	3	3	3	3	3	3	2	2	3	3	2	4	0	0	4	4	2	2	3	3	1	1	4	2	1	3	2	2	3	3	3	3	2	2	1	2	1	1	1	1	0	0	0	0	4	4	2	2	3	3	2	2	1	1	3	3	0	0	2	2	3	3	4	4	3	3	3	3	4	4	1	1	0	0	2	2	2	2	2	3	3	3	1	1	0	0	0	0	3	3	1	1	4	4	1	3	0	0	2	2	0	0	2	2	0	0
M014428_M135_4A	0	0	4	4	2	2	2	2	3	3	3	3	4	4	1	1	3	3	2	2	4	4	0	0	3	3	1	1	3	3	3	3	1	2	1	1	1	1	2	2	1	1	4	4	4	4	4	4	1	1	2	2	2	2	3	3	0	0	3	3	3	2	1	1	4	4	3	3	1	1	3	3	1	1	4	4	2	2	0	0	3	3	3	3	1	1	3	3	3	3	3	3	2	2	3	3	4	4	0	0	4	4	2	2	3	3	1	1	2	2	3	3	2	2	3	3	3	3	2	2	2	2	1	1	1	1	0	0	0	0	4	4	2	2	3	3	2	2	1	1	3	3	0	0	2	2	3	3	4	4	3	3	3	3	0	0	1	2	1	1	2	2	2	2	3	3	3	3	1	1	0	0	0	0	3	3	1	1	4	4	3	3	1	2	2	2	1	1	2	2	0	0
M021340_M207_4A	0	0	4	4	2	2	1	1	4	4	3	3	4	4	1	1	3	3	2	2	2	2	0	0	3	3	3	3	3	4	3	4	2	2	1	1	2	2	2	2	4	4	2	2	3	3	4	4	1	1	2	4	2	2	2	2	0	0	3	3	3	3	2	2	4	4	3	3	2	2	3	3	1	1	2	4	2	2	3	4	3	3	1	3	1	1	1	1	1	1	3	3	1	1	4	4	2	2	0	0	4	4	2	2	1	3	4	4	2	2	3	3	2	2	1	1	3	3	1	1	1	1	1	2	3	3	1	1	0	0	2	2	2	2	4	4	4	4	1	1	1	1	0	0	4	4	3	3	1	1	3	3	1	1	2	2	1	2	4	4	4	4	4	4	2	2	3	3	4	4	0	0	3	3	1	1	1	1	4	4	1	1	1	1	4	4	3	3	4	4	3	3
M021348_M207_5A	0	0	4	4	2	2	1	1	4	4	3	3	4	4	1	1	3	3	2	2	2	2	0	0	3	3	3	3	3	3	3	3	2	2	1	1	2	2	2	2	4	4	2	2	3	3	4	4	1	1	2	4	2	2	2	3	0	0	3	3	3	3	2	2	4	4	3	3	2	2	3	3	1	1	4	4	2	2	4	4	3	3	1	1	1	1	1	1	1	1	1	3	1	1	4	4	2	2	0	0	4	4	2	2	1	1	4	4	2	2	3	3	2	2	1	1	3	3	1	1	1	1	2	2	3	3	0	0	0	0	2	2	2	2	4	4	4	4	1	1	1	1	0	0	4	4	1	3	1	1	3	3	0	0	2	2	2	2	4	4	4	4	4	4	2	2	3	3	4	4	0	0	3	3	1	1	1	1	4	4	1	1	2	2	4	4	3	3	4	4	3	3
M021356_M207_6A	0	0	4	4	2	2	1	1	4	4	3	3	4	4	1	1	3	3	2	2	2	2	0	0	3	3	3	3	3	4	3	4	2	2	1	1	2	2	2	2	4	4	2	2	3	3	4	4	1	1	4	4	2	2	2	2	0	0	3	3	3	3	2	2	4	4	3	3	2	2	3	3	1	1	4	4	2	2	3	4	3	3	1	3	1	1	1	1	1	1	3	3	1	1	4	4	2	2	0	0	4	4	2	2	1	3	4	4	2	2	3	3	2	2	1	1	1	3	1	1	1	1	1	1	3	3	0	0	0	0	2	2	2	2	4	4	4	4	1	1	1	1	0	0	4	4	3	3	1	1	1	3	1	1	2	2	2	2	1	4	4	4	4	4	2	2	3	3	4	4	0	0	3	3	1	1	1	1	4	4	1	1	1	1	4	4	3	3	4	4	3	3
M028412_M281_5A	0	0	4	4	2	2	1	1	4	4	3	3	4	4	1	3	3	3	2	2	2	2	0	0	3	3	3	3	4	4	3	3	2	2	1	1	2	2	2	2	4	4	2	2	3	3	4	4	1	1	4	4	2	2	2	3	0	0	3	3	3	3	2	2	4	4	3	3	2	2	3	3	1	1	4	4	2	2	4	4	3	3	1	1	1	1	1	1	1	1	1	3	1	1	4	4	2	2	0	0	4	4	2	3	3	3	4	4	2	2	3	3	2	2	1	1	1	3	1	1	1	1	1	2	3	3	1	1	0	0	2	2	2	2	4	4	4	4	1	1	1	1	0	0	4	4	1	3	1	1	1	3	1	1	2	2	1	1	4	4	4	4	4	4	2	2	3	3	4	4	0	0	3	3	1	1	1	1	4	4	1	1	2	2	4	4	3	3	4	4	3	3
M028420_M281_6A	0	0	4	4	2	2	1	1	4	4	3	3	4	4	1	1	3	3	2	2	2	2	0	0	3	3	3	3	4	4	3	3	2	2	1	1	2	2	2	2	4	4	2	2	3	3	4	4	1	1	2	2	2	2	2	3	0	0	3	3	3	3	2	2	4	4	3	3	2	2	3	3	1	1	4	4	2	2	4	4	3	3	1	1	1	1	1	1	1	1	1	3	1	1	4	4	2	2	0	0	4	4	2	3	3	3	4	4	2	2	3	3	2	2	1	1	1	1	1	1	1	1	1	2	3	3	0	0	0	0	2	2	2	2	4	4	4	4	1	1	1	1	0	0	4	4	1	3	1	1	3	3	1	1	2	2	1	2	4	4	4	4	4	4	2	2	3	3	4	4	0	0	3	3	1	1	1	1	4	4	1	1	1	1	4	4	3	3	4	4	3	3
M028428_M281_7A	0	0	4	4	2	4	1	1	3	4	3	4	4	4	1	1	3	3	2	2	4	2	0	0	3	3	1	3	3	4	3	3	2	2	1	1	2	2	2	2	1	4	2	4	3	4	4	4	1	1	2	4	2	2	3	3	0	0	3	3	3	3	1	2	4	4	3	3	1	2	3	3	1	1	4	4	2	2	3	4	3	3	1	3	1	1	1	3	1	3	1	3	1	2	3	4	2	2	0	0	4	4	2	2	3	3	1	4	2	2	3	3	2	2	1	3	1	1	1	2	1	1	1	1	1	3	1	1	0	0	2	4	2	2	3	4	4	2	1	1	1	3	0	0	2	4	3	3	1	4	3	3	1	3	2	2	1	1	1	4	2	4	4	2	2	2	3	3	1	4	0	0	3	3	1	3	1	1	4	4	1	3	1	2	4	2	3	3	2	2	3	3
M028385_M281_1F	0	0	4	4	2	2	1	1	4	4	3	4	4	4	1	1	3	3	2	2	2	2	0	0	3	3	3	3	4	4	3	3	2	2	1	1	2	2	2	2	4	4	2	2	3	3	4	4	1	1	4	4	2	2	2	3	0	0	3	3	3	3	2	2	4	4	3	3	2	2	3	3	1	1	4	4	2	2	4	4	3	3	1	1	1	1	1	1	1	1	3	3	1	1	4	4	2	2	0	0	4	4	3	3	3	3	4	4	2	2	3	3	2	2	1	1	1	1	1	1	1	1	1	1	3	3	1	1	0	0	2	2	2	2	4	4	4	4	1	1	1	1	0	0	4	4	3	3	1	1	3	3	1	1	2	2	2	2	4	4	4	4	4	4	2	2	3	3	4	4	0	0	3	3	1	1	1	1	4	4	1	1	1	1	4	4	3	3	4	4	3	3
M028393_M281_2F	0	0	4	4	2	2	1	1	4	4	4	4	4	4	1	1	3	3	2	2	2	2	0	0	3	3	3	3	4	4	3	3	2	2	1	1	2	2	2	2	4	4	2	2	3	3	4	4	1	1	2	2	2	2	2	2	0	0	3	3	3	3	2	2	4	4	3	3	2	2	1	3	1	1	4	4	2	2	4	4	3	3	1	1	1	1	1	1	1	1	1	1	1	1	4	4	2	2	0	0	4	4	3	3	3	3	4	4	2	2	3	3	2	2	1	1	1	1	1	1	1	1	1	2	3	3	1	1	0	0	2	2	2	2	4	4	4	4	1	1	1	1	0	0	4	4	1	1	1	1	3	3	1	1	2	2	2	2	4	4	4	4	4	4	2	2	3	3	4	4	0	0	3	3	1	1	1	1	4	4	1	1	2	2	4	4	3	3	4	4	3	3
M014413_M135_2B	0	0	4	4	2	2	0	0	3	3	3	3	4	4	1	1	3	3	2	2	4	4	0	0	3	3	1	1	3	3	3	3	2	2	1	1	1	1	2	2	1	1	4	4	4	4	4	2	1	1	2	2	2	2	3	3	0	0	3	3	3	2	1	1	4	4	3	3	1	1	3	3	1	1	4	4	1	2	3	4	3	3	3	3	1	1	3	3	3	3	3	3	2	2	3	3	2	2	0	0	4	4	2	2	3	3	1	1	2	2	3	3	1	2	3	3	3	3	2	2	2	2	1	1	1	1	1	3	0	0	4	4	2	2	3	3	2	2	1	1	3	3	0	0	2	2	3	3	4	4	3	3	3	3	4	4	1	2	1	1	2	2	2	2	3	3	3	3	1	1	0	0	2	3	3	3	1	1	2	4	1	1	2	2	2	2	1	1	2	2	0	0
M014421_M135_3B	0	0	4	4	2	2	2	2	3	3	3	4	2	4	1	1	3	3	2	2	4	4	0	0	3	3	1	1	3	3	3	3	1	2	1	1	1	1	2	2	1	1	4	4	4	4	4	2	1	1	2	2	2	2	3	3	0	0	3	3	3	3	1	1	4	4	0	0	1	1	3	3	1	2	4	4	1	2	3	4	3	3	3	3	1	1	3	3	3	3	3	3	2	2	3	3	2	4	0	0	4	4	2	2	3	3	1	1	4	2	3	3	1	2	3	3	3	3	2	2	1	2	1	1	1	1	1	3	0	0	4	4	2	2	3	3	2	2	1	1	3	3	0	0	2	2	3	3	4	4	3	3	3	3	4	4	1	2	1	1	2	2	2	2	2	3	3	3	1	1	0	0	2	3	3	3	1	1	2	4	1	3	1	1	2	2	1	1	2	2	3	3
M014429_M135_4B	0	0	0	0	0	0	1	2	3	3	3	3	2	4	1	1	3	3	2	2	4	4	0	0	3	3	0	0	3	3	3	3	1	2	1	1	1	1	2	2	1	1	4	4	4	4	4	4	1	1	2	2	2	2	3	3	0	0	3	3	3	2	1	1	4	4	3	3	1	1	3	3	1	1	4	4	2	2	0	0	3	3	3	3	1	1	3	3	3	3	3	3	0	0	3	3	0	0	0	0	4	4	2	2	3	3	1	1	0	0	1	3	0	0	0	0	0	0	2	2	0	0	0	0	1	1	0	0	0	0	4	4	0	0	3	3	2	2	0	0	0	0	0	0	2	2	3	3	4	4	0	0	3	3	0	0	1	1	1	4	2	2	2	2	2	3	0	0	1	1	0	0	0	0	3	3	1	1	0	0	0	0	1	1	2	2	0	0	0	0	0	0
M021341_M207_4B	0	0	4	4	2	2	1	1	4	4	3	3	4	4	1	1	3	3	2	2	2	2	0	0	3	3	3	3	3	4	3	3	2	2	1	4	2	2	2	2	4	4	2	2	3	3	4	4	1	1	4	4	2	2	2	2	0	0	3	3	3	3	2	2	4	4	3	3	2	2	3	3	1	1	4	4	2	2	3	4	3	3	1	1	1	1	1	1	1	1	3	3	1	1	4	4	2	2	0	0	4	4	2	2	1	3	4	4	2	2	3	3	2	2	1	1	1	3	1	1	1	1	2	2	3	3	1	1	0	0	2	2	2	2	4	4	4	4	1	1	1	1	0	0	4	4	3	3	1	1	3	3	3	3	2	2	2	2	4	4	4	4	4	4	2	2	3	3	4	4	0	0	3	3	1	1	1	1	4	4	1	1	1	1	4	4	3	3	4	4	3	3
M021349_M207_5B	0	0	2	4	2	2	1	2	3	4	3	3	2	4	1	1	3	3	2	2	4	2	0	0	1	3	1	3	3	4	3	4	1	2	1	1	1	2	2	2	1	4	2	4	3	4	4	4	1	1	2	4	2	2	2	3	0	0	3	3	3	2	1	2	4	4	3	3	1	2	3	3	1	1	2	4	2	2	4	4	3	3	1	3	1	1	1	3	1	3	3	3	1	2	3	4	2	2	0	0	1	4	2	3	3	3	1	4	2	2	1	3	2	2	1	3	1	3	1	2	1	2	1	1	1	3	1	1	0	0	2	4	2	2	3	4	4	2	1	1	1	3	0	0	2	4	3	3	1	4	3	3	1	3	2	2	1	1	1	4	2	4	4	2	2	3	3	3	1	4	0	0	3	3	1	3	1	3	4	4	1	3	1	2	4	2	3	3	4	2	0	0
M021357_M207_6B	0	0	4	4	2	2	1	1	4	4	3	3	4	4	1	1	3	3	2	2	2	2	0	0	3	3	3	3	3	3	3	3	2	2	1	1	2	2	2	2	4	4	2	2	3	3	4	4	1	1	4	4	2	2	2	2	0	0	3	3	3	3	2	2	4	4	3	3	2	2	0	0	1	1	4	4	2	2	3	3	3	3	1	3	1	1	1	1	1	1	3	3	1	1	4	4	2	2	0	0	4	4	2	2	1	1	4	4	2	2	3	3	2	2	1	1	1	1	1	1	1	1	1	1	3	3	0	0	0	0	2	2	2	2	4	4	4	4	1	1	1	1	0	0	4	4	3	3	1	1	3	3	1	1	2	2	2	2	4	4	4	4	4	4	2	2	3	3	4	4	0	0	3	3	1	1	1	1	4	4	1	1	1	1	4	4	3	3	4	4	3	3
M028405_M281_4B	0	0	4	4	2	2	1	1	4	4	3	3	4	4	1	1	3	3	2	2	2	2	0	0	3	3	3	3	4	4	3	3	2	2	1	1	2	2	2	2	4	4	2	2	3	3	4	4	1	1	4	4	2	2	3	3	0	0	3	4	3	3	2	2	4	4	3	3	2	2	1	3	1	1	4	4	2	2	4	4	3	3	1	1	1	1	1	1	1	1	1	3	1	1	4	4	2	2	0	0	4	4	3	3	3	3	4	4	2	2	3	3	2	2	1	1	1	3	1	1	1	1	1	1	3	3	1	1	0	0	2	2	2	2	4	4	4	4	1	1	1	1	0	0	4	4	1	3	1	1	1	3	1	1	2	2	1	1	4	4	4	4	4	4	2	2	3	3	4	4	0	0	3	3	1	1	1	1	4	4	1	1	2	2	4	4	3	3	4	4	3	3
M028413_M281_5B	0	0	4	4	2	2	1	1	4	4	3	3	4	4	1	1	3	3	2	2	2	2	0	0	3	3	3	3	4	4	3	3	2	2	1	1	2	2	2	2	4	4	2	2	3	3	4	4	1	1	2	4	2	2	3	3	0	0	3	3	3	3	2	2	4	4	3	3	2	2	3	3	1	1	4	4	2	2	4	4	3	3	1	1	1	1	1	1	1	1	1	3	1	1	4	4	2	2	0	0	4	4	2	2	3	3	4	4	2	2	3	3	2	2	1	1	1	3	1	1	1	1	1	2	3	3	1	1	0	0	2	2	2	2	4	4	4	4	1	1	1	1	0	0	4	4	3	3	1	1	3	3	1	1	2	2	1	2	4	4	4	4	4	4	2	2	3	3	4	4	0	0	3	3	1	1	1	1	4	4	1	1	2	2	4	4	3	3	0	0	3	3
M028421_M281_6B	0	0	4	4	2	2	1	1	4	4	3	4	4	4	1	1	3	3	2	2	2	2	0	0	3	3	3	3	3	4	3	3	2	2	1	1	2	2	2	2	4	4	2	2	3	3	4	4	1	1	2	4	2	2	3	3	0	0	3	3	3	3	2	2	4	4	3	3	2	2	3	3	1	1	4	4	2	2	4	4	3	3	1	1	1	1	1	1	1	1	1	3	1	1	4	4	2	2	0	0	4	4	3	3	3	3	4	4	2	2	3	3	2	2	1	1	1	3	1	1	1	1	1	2	3	3	1	1	0	0	2	2	2	2	4	4	4	4	1	1	1	1	0	0	4	4	1	1	1	1	1	3	1	1	2	2	1	1	4	4	4	4	4	4	2	2	3	3	4	4	0	0	3	3	1	1	1	1	4	4	1	1	1	2	4	4	3	3	4	4	3	3
M028429_M281_7B	0	0	4	4	2	2	1	1	4	4	3	3	4	4	1	3	3	3	2	2	2	2	0	0	3	3	3	3	4	4	3	3	2	2	1	1	2	2	2	2	4	4	2	2	3	3	4	4	1	1	4	4	2	2	2	2	0	0	3	3	3	3	2	2	4	4	3	3	2	2	3	3	1	1	4	4	2	2	3	4	3	3	1	3	1	1	1	1	1	1	1	3	1	1	4	4	2	2	0	0	4	4	2	3	3	3	4	4	2	2	3	3	2	2	1	1	1	1	1	1	1	1	1	1	3	3	1	1	0	0	2	2	2	2	4	4	4	4	1	1	1	1	0	0	4	4	1	3	1	1	3	3	1	1	2	2	1	1	4	4	4	4	4	4	2	2	3	3	4	4	0	0	3	3	1	1	1	1	4	4	1	1	2	2	4	4	3	3	4	4	3	3
M028386_M281_1G	0	0	4	4	2	2	1	1	4	4	4	4	4	4	1	1	3	3	2	2	2	2	0	0	3	3	3	3	4	4	3	3	2	2	1	1	2	2	2	2	4	4	2	2	3	3	4	4	1	1	2	4	2	2	2	2	0	0	3	3	3	3	2	2	4	4	3	3	2	2	1	1	1	1	4	4	2	2	4	4	3	3	1	1	1	1	1	1	1	1	3	3	1	1	4	4	2	2	0	0	4	4	3	3	3	3	4	4	2	2	3	3	2	2	1	1	1	1	1	1	1	1	1	2	3	3	1	1	0	0	2	2	2	2	4	4	4	4	1	1	1	1	0	0	4	4	1	3	1	1	1	3	1	1	2	2	2	2	4	4	4	4	4	4	2	2	3	3	4	4	0	0	3	3	1	1	1	1	4	4	1	1	1	2	4	4	3	3	4	4	3	3
M028394_M281_2G	0	0	4	4	2	2	1	1	4	4	4	4	4	4	1	1	3	3	2	2	2	2	0	0	3	3	3	3	4	4	3	3	2	2	1	1	2	2	2	2	4	4	2	2	3	3	4	4	1	1	2	2	2	2	2	2	0	0	3	3	3	3	2	2	4	4	3	3	2	2	1	1	1	1	4	4	2	2	4	4	1	3	1	3	1	1	1	1	1	1	3	3	1	1	4	4	2	2	0	0	4	4	3	3	3	3	4	4	4	2	3	3	2	2	1	1	1	1	1	1	1	1	1	2	3	3	1	1	0	0	2	2	2	2	4	4	4	4	1	1	1	1	0	0	4	4	1	1	1	1	3	3	0	0	2	2	2	2	4	4	4	4	4	4	2	2	3	3	4	4	0	0	3	3	1	1	1	1	4	4	1	1	1	2	4	4	3	3	4	4	3	3
M014414_M135_2C	0	0	2	4	2	4	1	2	3	4	3	3	2	4	1	1	3	3	2	2	4	2	0	0	3	3	1	3	3	4	3	3	2	2	1	1	1	2	2	2	1	4	2	4	3	4	4	2	1	1	2	4	2	2	2	3	0	0	3	3	3	2	1	2	4	4	3	3	1	2	0	0	1	2	4	4	1	2	3	4	3	3	1	3	1	1	0	0	1	3	1	3	2	2	3	4	2	4	0	0	4	4	2	3	3	3	1	4	4	2	1	3	1	2	1	3	3	3	1	2	1	2	1	1	1	3	1	3	0	0	0	0	2	2	3	4	4	2	1	1	1	3	0	0	2	4	1	3	1	4	3	3	3	3	4	4	1	2	1	4	2	4	4	4	2	3	3	3	1	4	0	0	2	3	1	3	1	1	2	4	1	3	2	2	4	2	3	3	4	2	3	3
M014422_M135_3C	0	0	4	4	2	4	1	2	3	3	3	4	2	4	1	1	3	3	2	2	4	4	0	0	3	3	1	1	3	3	3	3	2	2	1	1	1	2	2	2	1	1	4	4	4	4	4	4	1	1	0	0	2	2	3	3	0	0	3	3	3	3	1	1	4	4	3	3	1	1	3	3	1	1	4	4	2	2	3	4	3	3	3	3	1	1	3	3	3	3	3	3	2	2	3	3	2	2	0	0	1	4	2	2	3	3	1	1	0	0	1	3	1	2	3	3	3	3	2	2	1	2	1	1	1	1	1	3	0	0	4	4	2	2	3	3	2	2	1	1	3	3	0	0	2	2	3	3	4	4	3	3	3	3	4	4	1	2	1	4	2	2	2	2	3	3	3	3	1	1	0	0	2	3	3	3	1	1	4	4	3	3	1	1	2	2	1	1	2	2	0	0
M014430_M135_4C	0	0	4	4	2	4	2	2	3	3	3	4	2	4	1	1	3	3	2	2	4	4	0	0	3	3	1	1	3	3	3	3	1	2	1	1	1	2	2	2	1	1	4	4	4	4	4	4	1	1	2	2	2	2	3	3	0	0	3	3	3	3	1	1	4	4	0	0	1	1	3	3	1	1	4	4	2	2	4	4	3	3	3	3	1	1	3	3	3	3	3	3	2	2	3	3	2	4	0	0	4	4	2	2	3	3	1	1	4	2	1	3	1	2	3	3	1	3	2	2	1	1	1	1	1	1	1	3	0	0	4	4	2	2	3	3	2	2	1	1	3	3	0	0	2	2	3	3	4	4	3	3	3	3	0	0	1	2	1	1	2	2	2	2	2	2	3	3	1	1	0	0	2	3	3	3	1	1	4	4	1	3	1	1	2	2	1	1	4	2	0	0
M021342_M207_4C	0	0	4	4	2	2	1	1	4	4	3	3	2	4	1	1	3	3	2	2	4	2	0	0	3	3	1	3	3	3	3	3	2	2	1	1	1	2	2	2	1	4	2	4	3	4	4	4	1	1	2	2	2	2	2	3	0	0	3	3	3	3	1	2	4	4	3	3	1	2	3	3	1	2	2	4	1	2	4	4	3	3	1	3	1	1	1	3	1	3	1	3	1	2	3	4	2	2	0	0	4	4	2	3	1	3	0	0	2	2	1	3	1	2	1	3	1	1	1	2	1	2	1	2	1	3	1	3	0	0	2	4	2	2	3	4	4	2	1	1	1	3	0	0	2	4	1	3	1	4	3	3	1	3	2	4	2	2	1	4	2	4	4	4	2	3	3	3	1	4	0	0	2	3	1	3	1	1	4	4	1	3	2	2	4	2	3	3	4	2	0	0
M021350_M207_5C	0	0	4	4	2	2	1	1	4	4	3	3	4	4	1	1	3	3	2	2	2	2	0	0	3	3	3	3	3	3	3	3	2	2	1	1	2	2	2	2	4	4	2	2	3	3	4	4	1	1	2	4	2	2	2	2	0	0	3	3	3	3	2	2	4	4	3	3	2	2	3	3	1	1	4	4	2	2	4	4	3	3	1	1	1	1	1	1	1	1	3	3	1	1	4	4	2	2	0	0	4	4	2	2	1	1	4	4	2	2	3	3	2	2	1	1	1	3	1	1	1	1	2	2	3	3	1	1	0	0	2	2	2	2	4	4	4	4	1	1	1	1	0	0	4	4	3	3	1	1	3	3	0	0	2	2	2	2	4	4	4	4	4	4	2	2	3	3	4	4	0	0	3	3	1	1	1	1	4	4	1	1	1	2	4	4	3	3	4	4	3	3
M021358_M207_6C	0	0	4	4	2	2	1	1	4	4	3	3	4	4	1	1	3	3	2	2	2	2	0	0	3	3	3	3	3	4	3	4	2	2	1	1	2	2	2	2	4	4	2	2	3	3	4	4	1	1	2	2	2	2	2	3	0	0	3	3	3	3	2	2	4	4	3	3	2	2	3	3	1	1	4	4	2	2	3	4	3	3	3	3	1	1	1	1	1	1	1	1	1	1	4	4	2	2	0	0	4	4	2	2	1	3	4	4	2	2	3	3	2	2	1	1	1	1	1	1	1	1	1	1	3	3	1	1	0	0	2	2	2	2	4	4	4	4	1	1	1	1	0	0	4	4	1	1	1	1	3	3	1	1	2	2	1	2	4	4	4	4	4	4	2	2	3	3	4	4	0	0	3	3	1	1	1	1	4	4	1	1	1	2	4	4	3	3	4	4	3	3
M028406_M281_4C	0	0	4	4	2	2	1	1	4	4	3	3	4	4	1	1	3	3	2	2	2	2	0	0	3	3	3	3	4	4	3	3	2	2	1	1	2	2	2	2	4	4	2	2	3	3	4	4	1	1	4	4	2	2	3	3	0	0	3	3	3	3	2	2	4	4	3	3	2	2	3	3	1	1	4	4	2	2	4	4	3	3	1	1	1	1	1	1	1	1	1	1	1	1	4	4	2	2	0	0	4	4	2	3	3	3	4	4	2	2	3	3	2	2	1	1	1	1	1	1	0	0	1	2	3	3	0	0	0	0	2	2	2	2	4	4	4	4	1	1	1	1	0	0	4	4	1	3	1	1	1	3	1	1	2	2	1	1	4	4	4	4	4	4	2	2	3	3	4	4	0	0	3	3	1	1	1	1	4	4	1	1	2	2	4	4	3	3	4	4	3	3
M028414_M281_5C	0	0	4	4	2	2	1	1	4	4	3	3	4	4	1	3	3	3	2	2	2	2	0	0	3	3	3	3	4	4	3	3	2	2	1	1	2	2	2	2	4	4	2	2	3	3	4	4	1	1	4	4	2	2	3	3	0	0	3	4	3	3	2	2	4	4	3	3	2	2	3	3	1	1	4	4	2	2	4	4	3	3	1	1	1	4	1	1	1	1	1	3	1	1	4	4	2	2	0	0	4	4	3	3	3	3	4	4	2	2	3	3	2	2	1	1	1	3	1	1	1	1	1	2	3	3	1	1	0	0	2	2	2	2	4	4	4	4	1	1	1	1	0	0	4	4	1	3	1	1	1	1	1	1	2	2	2	2	4	4	4	4	4	4	2	2	3	3	4	4	0	0	3	3	1	1	1	1	4	4	1	1	2	2	4	4	3	3	4	4	3	3
M028422_M281_6C	0	0	4	4	2	2	1	1	4	4	3	4	4	4	1	1	3	3	2	2	2	2	0	0	3	3	3	3	4	4	3	3	2	2	1	1	2	2	2	2	4	4	2	2	3	3	4	4	1	1	4	4	2	2	3	3	0	0	3	4	3	3	2	2	4	4	3	3	2	2	3	3	1	1	4	4	2	2	4	4	3	3	1	1	1	1	1	1	1	1	1	1	1	1	4	4	2	2	0	0	4	4	3	3	3	3	4	4	4	2	3	3	2	2	1	1	1	1	1	1	1	1	1	1	3	3	1	1	0	0	2	2	2	2	4	4	4	4	1	1	1	1	0	0	4	4	1	3	1	1	1	3	1	1	2	2	1	1	4	4	4	4	4	4	2	2	3	3	4	4	0	0	3	3	1	1	1	1	4	4	1	1	1	2	4	4	3	3	4	4	3	3
M028430_M281_7C	0	0	4	4	2	2	1	1	4	4	3	3	4	4	1	3	3	3	2	2	2	2	0	0	3	3	3	3	4	4	3	3	2	2	1	1	2	2	2	2	4	4	2	2	3	3	4	4	1	1	4	4	2	2	2	3	0	0	3	4	3	3	2	2	4	4	3	3	2	2	3	3	1	1	4	4	2	2	4	4	3	3	1	1	1	1	1	1	1	1	1	1	1	1	4	4	2	2	0	0	4	4	3	3	3	3	4	4	2	2	3	3	2	2	1	1	1	1	1	1	1	1	1	2	3	3	1	1	0	0	2	2	2	2	4	4	4	4	1	1	1	1	0	0	4	4	3	3	1	1	1	1	1	1	2	2	1	1	4	4	4	4	4	4	2	2	3	3	4	4	0	0	3	3	1	1	1	1	4	4	1	1	2	2	4	4	3	3	4	4	3	3
M028387_M281_1H	0	0	4	4	2	2	1	1	4	4	4	4	4	4	1	1	3	3	2	2	2	2	0	0	3	3	3	3	4	4	3	4	2	2	1	4	2	2	2	2	4	4	2	2	3	3	4	4	1	1	2	4	2	2	2	2	0	0	3	3	3	3	2	2	4	4	3	3	2	2	1	3	1	1	2	4	2	2	4	4	3	3	1	3	1	1	1	1	1	1	3	3	1	1	4	4	2	2	0	0	4	4	3	3	3	3	4	4	2	2	3	3	2	2	1	1	1	1	1	1	1	1	2	2	3	3	1	1	0	0	2	2	2	2	4	4	4	4	1	1	1	1	0	0	4	4	1	3	1	1	3	3	1	1	2	2	2	2	1	4	4	4	4	4	2	2	3	3	4	4	0	0	3	3	1	1	1	1	4	4	1	1	1	2	4	4	3	3	4	4	3	3
M028395_M281_2H	0	0	4	4	2	2	1	1	4	4	4	4	4	4	1	1	3	3	2	2	2	2	0	0	3	3	3	3	4	4	3	4	2	2	1	1	2	2	2	2	4	4	2	2	3	3	4	4	1	1	2	2	2	2	2	2	0	0	3	3	3	3	2	2	4	4	3	3	2	2	3	3	1	1	4	4	2	2	4	4	3	3	1	1	1	1	1	1	1	1	3	3	1	1	4	4	2	2	0	0	4	4	3	3	3	3	4	4	2	2	3	3	2	2	1	1	1	1	1	1	1	1	1	2	3	3	1	1	0	0	2	2	2	2	4	4	4	4	1	1	1	1	0	0	4	4	1	1	1	1	3	3	0	0	2	2	2	2	4	4	4	4	4	4	2	2	3	3	4	4	0	0	3	3	1	1	1	1	4	4	1	1	2	2	4	4	3	3	4	4	3	3
M014415_M135_2D	0	0	4	4	2	2	1	2	3	3	3	3	4	4	1	1	3	3	2	2	4	4	0	0	3	3	1	1	3	3	3	3	2	2	1	1	1	1	2	2	1	1	4	4	4	4	4	2	1	1	0	0	2	2	3	3	0	0	3	3	3	2	1	1	4	4	3	3	1	1	3	3	1	1	4	4	1	2	4	4	3	3	3	3	1	1	3	3	3	3	3	3	2	2	3	3	2	2	0	0	4	4	0	0	3	3	1	1	2	2	3	3	1	2	3	3	3	3	2	2	2	2	1	1	1	1	1	3	0	0	4	4	2	2	3	3	2	2	1	1	3	3	0	0	2	2	3	3	4	4	3	3	3	3	4	4	1	2	1	1	2	2	2	2	3	3	3	3	1	1	0	0	2	3	3	3	1	1	2	4	1	1	0	0	2	2	1	1	2	2	0	0
M014423_M135_3D	0	0	4	4	2	4	2	2	3	3	3	3	2	2	1	1	3	3	2	2	4	4	0	0	3	3	1	1	3	3	3	3	1	2	1	1	1	2	2	2	1	1	4	4	4	4	4	4	1	1	2	2	2	2	3	3	0	0	3	3	3	3	1	1	4	4	3	3	1	1	3	3	1	1	4	4	2	2	3	4	3	3	3	3	1	1	3	3	3	3	3	3	2	2	3	3	2	4	0	0	4	4	2	2	3	3	1	1	2	2	1	1	1	2	3	3	1	3	2	2	1	2	1	1	1	1	1	3	0	0	4	4	2	2	3	3	2	2	1	1	3	3	0	0	2	2	3	3	4	4	3	3	3	3	0	0	1	1	1	4	2	2	2	2	3	3	3	3	1	1	0	0	2	3	3	3	1	1	4	4	1	1	1	2	2	2	1	1	2	2	0	0
M014431_M135_4D	0	0	4	4	2	2	2	2	3	3	3	4	2	4	1	1	3	3	2	2	4	4	0	0	3	3	1	1	3	3	3	3	1	2	1	1	1	1	2	2	1	1	4	4	4	4	4	2	1	1	2	2	2	2	3	3	0	0	3	3	3	3	1	1	4	4	0	0	1	1	3	3	1	2	4	4	1	2	3	4	3	3	3	3	1	1	3	3	3	3	3	3	2	2	3	3	2	4	0	0	1	4	2	2	3	3	1	1	2	2	1	3	1	2	3	3	3	3	2	2	1	1	1	1	1	1	1	3	0	0	4	4	2	2	3	3	2	2	1	1	3	3	0	0	2	2	3	3	4	4	3	3	3	3	4	4	1	2	1	1	2	2	2	2	2	3	3	3	1	1	0	0	2	3	3	3	1	1	2	4	1	3	1	1	2	2	1	1	2	2	3	3
M021343_M207_4D	0	0	4	4	2	2	1	1	4	4	3	3	4	4	1	1	3	3	2	2	2	2	0	0	3	3	3	3	3	3	3	3	2	2	1	1	2	2	2	2	4	4	2	2	3	3	4	4	1	1	4	4	2	2	2	2	0	0	3	3	3	3	2	2	4	4	3	3	2	2	3	3	1	1	4	4	2	2	4	4	3	3	1	1	1	1	1	1	1	1	3	3	1	1	4	4	2	2	0	0	4	4	3	3	3	3	4	4	2	2	3	3	2	2	1	1	3	3	1	1	1	1	1	1	3	3	1	1	0	0	2	2	2	2	4	4	4	4	1	1	1	1	0	0	4	4	3	3	1	1	1	3	1	1	2	2	2	2	4	4	4	4	4	4	2	2	3	3	4	4	0	0	3	3	1	1	1	1	4	4	1	1	1	2	4	4	3	3	4	4	3	3
M021351_M207_5D	0	0	4	4	2	2	1	1	4	4	3	3	4	4	1	1	3	3	2	2	2	2	0	0	3	3	3	3	3	4	3	4	2	2	1	1	2	2	2	2	4	4	2	2	3	3	4	4	1	1	2	4	2	2	2	2	0	0	3	3	3	3	2	2	4	4	3	3	2	2	3	3	1	1	4	4	2	2	4	4	3	3	1	1	1	1	1	1	1	1	3	3	1	1	4	4	2	2	0	0	4	4	2	3	1	3	4	4	2	2	3	3	2	2	1	1	3	3	1	1	1	1	1	2	3	3	1	1	0	0	2	2	2	2	4	4	4	4	1	1	1	1	0	0	4	4	1	3	1	1	1	3	1	1	2	2	1	1	4	4	4	4	4	4	2	2	3	3	4	4	0	0	3	3	1	1	1	1	4	4	1	1	1	1	4	4	3	3	4	4	3	3
M021359_M207_6D	0	0	2	4	2	2	0	0	3	4	3	3	2	4	1	1	3	3	2	2	4	2	0	0	1	3	1	3	3	3	3	4	1	2	1	1	1	2	2	2	1	4	2	4	3	4	4	4	1	1	2	2	2	2	3	3	0	0	3	3	3	2	1	2	4	4	3	3	1	2	3	3	1	1	2	4	2	2	4	4	3	3	3	3	1	1	1	3	1	3	1	3	1	2	3	4	2	2	0	0	1	4	2	2	1	3	1	4	2	2	1	3	2	2	1	3	1	3	1	2	1	2	1	2	1	3	1	1	0	0	2	4	2	2	3	4	4	2	1	1	1	3	0	0	2	4	1	3	1	4	3	3	3	3	2	2	0	0	1	4	2	4	4	2	2	3	3	3	1	4	0	0	3	3	1	3	1	3	4	4	1	3	2	2	4	2	3	3	4	2	3	3
M028407_M281_4D	0	0	4	4	2	2	1	1	4	4	3	3	4	4	1	1	3	3	2	2	2	2	0	0	3	3	3	3	4	4	3	3	2	2	1	1	2	2	2	2	4	4	2	2	3	3	4	4	1	1	4	4	2	2	3	3	0	0	3	4	3	3	2	2	4	4	3	3	2	2	3	3	1	1	4	4	2	2	3	4	3	3	1	1	1	4	1	1	1	1	3	3	1	1	4	4	2	2	0	0	4	4	3	3	3	3	4	4	2	2	3	3	2	2	1	1	1	3	1	1	1	1	1	2	3	3	1	1	0	0	2	2	2	2	4	4	4	4	1	1	1	1	0	0	4	4	1	3	1	1	1	1	1	1	2	2	1	2	4	4	4	4	4	4	2	2	3	3	4	4	0	0	3	3	1	1	1	1	4	4	1	1	2	2	4	4	3	3	4	4	3	3
M028415_M281_5D	0	0	4	4	2	2	1	1	4	4	3	3	4	4	1	1	3	3	2	2	2	2	0	0	3	3	3	3	4	4	3	3	2	2	1	1	2	2	2	2	4	4	2	2	3	3	4	4	1	1	4	4	2	2	2	3	0	0	3	3	3	3	2	2	4	4	3	3	2	2	3	3	1	1	4	4	2	2	3	4	3	3	1	1	1	1	1	1	1	1	1	3	1	1	4	4	2	2	0	0	4	4	3	3	3	3	4	4	2	2	3	3	2	2	1	1	3	3	1	1	1	1	1	2	3	3	1	1	0	0	2	2	2	2	4	4	4	4	1	1	1	1	0	0	4	4	1	3	1	1	1	3	1	1	2	2	1	1	4	4	4	4	4	4	2	2	3	3	4	4	0	0	3	3	1	1	1	1	4	4	1	1	2	2	4	4	3	3	4	4	3	3
M028423_M281_6D	0	0	4	4	2	2	1	1	4	4	3	4	4	4	1	1	3	3	2	2	0	0	0	0	3	3	3	3	4	4	3	3	2	2	1	1	2	2	2	2	4	4	2	2	3	3	4	4	1	1	4	4	2	2	3	3	0	0	3	4	3	3	2	2	4	4	3	3	2	2	3	3	1	1	4	4	2	2	4	4	3	3	1	1	1	4	1	1	1	1	1	1	1	1	4	4	2	2	0	0	4	4	3	3	3	3	4	4	2	2	3	3	2	2	1	1	1	3	1	1	1	1	1	1	3	3	1	1	0	0	2	2	2	2	4	4	4	4	1	1	1	1	0	0	4	4	3	3	1	1	1	3	1	1	2	2	1	1	4	4	4	4	4	4	2	2	3	3	4	4	0	0	3	3	1	1	1	1	4	4	1	1	2	2	4	4	3	3	4	4	3	3
M028380_M281_1A	0	0	4	4	2	2	1	1	4	4	3	4	4	4	1	3	0	0	2	2	2	2	0	0	3	3	3	3	4	4	3	3	2	2	1	1	2	2	2	2	4	4	2	2	3	3	4	4	1	1	2	4	2	2	2	2	0	0	3	3	3	3	2	2	4	4	3	3	2	2	1	3	1	1	4	4	2	2	4	4	3	3	1	1	1	1	1	1	1	1	3	3	1	1	4	4	2	2	0	0	4	4	3	3	3	3	4	4	2	2	3	3	2	2	1	1	1	1	1	1	1	1	2	2	3	3	1	1	0	0	2	2	2	2	4	4	4	4	1	1	1	1	0	0	4	4	1	3	1	1	3	3	1	1	2	2	2	2	4	4	4	4	4	4	2	2	3	3	4	4	0	0	3	3	1	1	1	1	4	4	1	1	2	2	4	4	3	3	4	4	3	3
M028388_M281_2A	0	0	4	4	2	2	1	1	4	4	4	4	4	4	1	1	3	3	2	2	2	2	0	0	3	3	3	3	4	4	3	4	2	2	1	1	2	2	2	2	4	4	2	2	3	3	4	4	1	1	2	4	2	2	2	2	0	0	3	3	3	3	2	2	4	4	3	3	2	2	3	3	1	1	4	4	2	2	4	4	3	3	1	1	1	1	1	1	1	1	1	3	1	1	4	4	2	2	0	0	4	4	3	3	3	3	4	4	2	2	3	3	2	2	1	1	1	3	1	1	1	1	1	2	3	3	1	1	0	0	2	2	2	2	4	4	4	4	1	1	1	1	0	0	4	4	1	1	1	1	3	3	1	1	2	2	2	2	4	4	4	4	4	4	2	2	3	3	4	4	0	0	3	3	1	1	1	1	4	4	1	1	2	2	4	4	3	3	4	4	3	3
M028396_M281_3A	0	0	4	4	2	2	1	1	4	4	3	4	4	4	1	1	3	3	2	2	2	2	0	0	3	3	3	3	4	4	3	3	2	2	1	1	2	2	2	2	4	4	2	2	3	3	4	4	1	1	2	4	2	2	2	2	0	0	3	3	3	3	2	2	4	4	3	3	2	2	1	3	1	1	4	4	2	2	4	4	3	3	1	1	1	1	1	1	1	1	1	3	1	1	4	4	2	2	0	0	4	4	3	3	3	3	4	4	2	2	3	3	2	2	1	1	1	3	1	1	1	1	1	2	3	3	1	1	0	0	2	2	2	2	4	4	4	4	1	1	1	1	0	0	4	4	1	3	1	1	3	3	0	0	2	2	2	2	4	4	4	4	4	4	2	2	3	3	4	4	0	0	3	3	1	1	1	1	4	4	1	1	1	2	4	4	3	3	4	4	3	3
M014416_M135_2E	0	0	4	4	2	4	2	2	3	3	3	3	2	4	1	1	3	3	2	2	4	4	0	0	3	3	1	1	3	3	3	3	1	1	1	1	1	1	2	2	1	1	4	4	4	4	4	2	1	1	2	2	2	2	3	3	0	0	3	3	3	3	1	1	4	4	3	3	1	1	3	3	1	2	4	4	1	2	3	4	3	3	3	3	1	1	3	3	3	3	3	3	2	2	3	3	4	4	0	0	4	4	2	2	3	3	1	1	4	2	1	3	1	1	3	3	1	3	2	2	2	2	1	1	1	1	1	3	0	0	4	4	2	2	3	3	2	2	1	1	3	3	0	0	2	2	3	3	4	4	3	3	3	3	4	4	1	1	1	1	2	2	2	2	2	3	3	3	1	1	0	0	2	3	3	3	1	1	2	4	1	3	2	2	2	2	1	1	2	2	0	0
M014424_M135_3E	0	0	2	4	2	2	2	2	3	3	3	3	4	4	1	1	3	3	2	2	0	0	0	0	1	3	1	1	3	3	3	3	1	2	1	1	1	1	2	2	1	1	4	4	4	4	4	4	1	1	2	2	2	2	3	3	0	0	3	3	3	2	1	1	4	4	3	3	1	1	3	3	1	1	4	4	2	2	3	3	3	3	3	3	1	1	3	3	3	3	3	3	2	2	3	3	2	4	0	0	1	4	2	2	3	3	1	1	4	2	3	3	1	2	3	3	1	1	2	2	1	2	1	1	1	1	1	3	0	0	4	4	2	2	3	3	2	2	1	1	3	3	0	0	2	2	3	3	4	4	3	3	3	3	2	4	1	1	1	4	2	2	2	2	3	3	3	3	1	1	0	0	2	3	3	3	1	1	4	4	1	3	0	0	2	2	1	1	2	2	0	0
M014432_M135_4E	0	0	4	4	2	2	2	2	3	3	3	4	4	4	1	1	3	3	2	2	4	4	0	0	3	3	1	1	3	3	3	3	1	2	1	1	1	2	2	2	1	1	4	4	4	4	4	4	1	1	2	2	2	2	3	3	0	0	3	3	3	3	1	1	4	4	3	3	1	1	3	3	1	1	4	4	2	2	4	4	3	3	3	3	1	1	3	3	3	3	3	3	2	2	3	3	2	4	0	0	4	4	2	2	3	3	1	1	4	2	3	3	2	2	3	3	3	3	2	2	2	2	1	1	1	1	1	1	0	0	4	4	2	2	3	3	2	2	1	1	3	3	0	0	2	2	3	3	4	4	3	3	3	3	0	0	1	2	1	1	2	2	2	2	3	3	3	3	1	1	0	0	3	3	3	3	1	1	4	4	1	3	1	2	2	2	1	1	2	2	0	0
M021344_M207_4E	0	0	4	4	2	2	1	1	4	4	3	3	4	4	1	1	3	3	2	2	2	2	0	0	3	3	3	3	3	4	4	4	2	2	1	1	2	2	2	2	4	4	2	2	3	3	4	4	1	1	2	2	2	2	3	3	0	0	3	3	3	3	2	2	4	4	3	3	2	2	3	3	1	1	4	4	2	2	4	4	3	3	1	1	1	1	1	1	1	1	1	1	1	1	4	4	2	2	0	0	4	4	2	2	1	3	4	4	2	2	3	3	2	2	1	1	3	3	1	1	1	1	1	2	3	3	1	1	0	0	2	2	2	2	4	4	4	4	1	1	1	1	0	0	4	4	1	1	1	1	3	3	1	1	2	2	1	2	4	4	4	4	4	4	2	2	3	3	4	4	0	0	3	3	1	1	1	1	4	4	1	1	2	2	4	4	3	3	4	4	3	3
M021352_M207_5E	0	0	4	4	2	2	1	1	4	4	3	3	4	4	1	1	3	3	2	2	2	2	0	0	3	3	3	3	3	4	4	4	2	2	1	1	2	2	2	2	4	4	2	2	3	3	4	4	1	1	2	4	2	2	2	3	0	0	3	3	3	3	2	2	4	4	3	3	2	2	3	3	1	1	4	4	2	2	3	4	3	3	1	1	1	1	1	1	1	1	1	3	1	1	4	4	2	2	0	0	4	4	2	2	1	3	4	4	2	2	3	3	2	2	1	1	1	3	1	1	1	1	1	2	3	3	1	1	0	0	2	2	2	2	4	4	4	4	1	1	1	1	0	0	4	4	1	3	1	1	3	3	1	1	2	2	1	2	4	4	4	4	4	4	2	2	3	3	4	4	0	0	3	3	1	1	1	1	4	4	1	1	1	1	4	4	3	3	4	4	3	3
M021360_M207_6E	0	0	4	4	2	2	1	1	4	4	3	3	4	4	1	1	3	3	2	2	2	2	0	0	3	3	3	3	3	3	3	3	2	2	1	1	2	2	2	2	4	4	2	2	3	3	4	4	1	1	2	2	2	2	3	3	0	0	3	3	3	3	2	2	4	4	3	3	2	2	3	3	1	1	4	4	2	2	4	4	3	3	1	3	1	1	1	1	1	1	1	1	1	1	4	4	2	2	0	0	4	4	2	2	1	1	4	4	2	2	3	3	2	2	1	1	1	1	1	1	1	1	2	2	3	3	1	1	0	0	2	2	2	2	4	4	4	4	1	1	1	1	0	0	4	4	1	1	1	1	3	3	0	0	2	2	2	2	4	4	4	4	4	4	2	2	3	3	4	4	0	0	3	3	1	1	1	1	4	4	1	1	2	2	4	4	3	3	4	4	3	3
M028408_M281_4E	0	0	4	4	2	2	1	1	4	4	3	3	4	4	1	1	3	3	2	2	2	2	0	0	3	3	3	3	4	4	3	3	2	2	1	1	2	2	2	2	4	4	2	2	3	3	4	4	1	1	4	4	2	2	3	3	0	0	3	4	3	3	2	2	4	4	3	3	2	2	3	3	1	1	4	4	2	2	4	4	3	3	1	1	1	1	1	1	1	1	1	3	1	1	4	4	2	2	0	0	4	4	3	3	3	3	4	4	2	2	3	3	2	2	1	1	1	1	1	1	1	1	1	2	3	3	1	1	0	0	2	2	2	2	4	4	4	4	1	1	1	1	0	0	4	4	1	3	1	1	1	3	1	1	2	2	1	1	4	4	4	4	4	4	2	2	3	3	4	4	0	0	3	3	1	1	1	1	4	4	1	1	2	2	4	4	3	3	4	4	3	3
M028416_M281_5E	0	0	4	4	2	4	1	1	3	4	3	3	4	4	1	1	3	3	2	2	4	2	0	0	3	3	1	3	3	3	3	3	2	2	1	1	2	2	2	2	1	4	2	4	3	4	4	4	1	1	2	4	2	2	3	3	0	0	3	3	3	3	1	2	4	4	3	3	1	2	3	3	1	1	4	4	2	2	3	4	3	3	1	3	1	1	1	3	1	3	3	3	1	2	3	4	2	2	0	0	4	4	2	3	3	3	1	4	2	2	3	3	2	2	1	3	1	1	1	2	1	1	1	2	1	3	0	0	0	0	2	4	2	2	3	4	4	2	1	1	1	3	0	0	2	4	1	3	1	4	1	3	3	3	2	2	1	1	1	4	2	4	4	2	2	2	3	3	1	4	0	0	3	3	1	3	1	1	4	4	1	3	1	2	4	2	3	3	4	2	3	3
M028424_M281_6E	0	0	4	4	2	2	1	1	4	4	3	4	4	4	1	1	3	4	2	2	2	2	0	0	3	3	3	3	4	4	3	3	2	2	1	1	2	2	2	2	4	4	2	2	3	3	4	4	1	1	4	4	2	2	2	3	0	0	3	4	3	3	2	2	4	4	3	3	2	2	1	3	1	1	4	4	2	2	4	4	3	3	1	1	1	1	1	1	1	1	1	1	1	1	4	4	2	2	0	0	4	4	3	3	3	3	4	4	2	2	3	3	2	2	1	1	1	1	1	1	1	1	1	1	3	3	1	1	0	0	2	2	2	2	4	4	4	4	1	1	1	1	0	0	4	4	1	3	1	1	1	3	0	0	2	2	1	1	4	4	4	4	4	4	2	2	3	3	4	4	0	0	3	3	1	1	1	1	4	4	1	1	1	1	4	4	3	3	4	4	3	3
M028381_M281_1B	0	0	4	4	2	2	1	1	4	4	3	4	4	4	1	1	3	3	2	2	2	2	0	0	3	3	3	3	4	4	3	4	2	2	1	1	2	2	2	2	4	4	2	2	3	3	4	4	1	1	2	2	2	2	2	2	0	0	3	3	3	3	2	2	4	4	3	3	2	2	1	3	1	1	4	4	2	2	4	4	3	3	1	1	1	1	1	1	1	1	3	3	1	1	4	4	2	2	0	0	4	4	3	3	3	3	4	4	2	2	3	3	2	2	1	1	1	3	1	1	1	1	2	2	3	3	1	1	0	0	2	2	2	2	4	4	4	4	1	1	1	1	0	0	4	4	1	1	1	1	3	3	0	0	2	2	2	2	4	4	4	4	4	4	2	2	3	3	4	4	0	0	3	3	1	1	1	1	4	4	1	1	2	2	4	4	3	3	4	4	3	3
M028389_M281_2B	0	0	4	4	2	2	1	1	4	4	3	4	4	4	1	1	3	3	2	2	2	2	0	0	3	3	3	3	4	4	3	3	2	2	1	1	2	2	2	2	4	4	2	2	3	3	4	4	1	1	2	4	2	2	2	2	0	0	3	3	3	3	2	2	4	4	3	3	2	2	3	3	1	1	4	4	2	2	4	4	3	3	1	1	1	1	1	1	1	1	3	3	1	1	4	4	2	2	0	0	4	4	3	3	3	3	4	4	2	2	3	3	2	2	1	1	1	1	1	1	1	1	1	2	3	3	1	1	0	0	2	2	2	2	4	4	4	4	1	1	1	1	0	0	4	4	1	1	1	1	3	3	0	0	2	2	2	2	4	4	4	4	4	4	2	2	3	3	4	4	0	0	3	3	1	1	1	1	4	4	1	1	1	2	4	4	3	3	4	4	3	3
M028397_M281_3B	0	0	4	4	2	2	1	1	4	4	3	4	4	4	1	1	3	3	2	2	2	2	0	0	3	3	3	3	4	4	3	4	2	2	1	1	2	2	2	2	4	4	2	2	3	3	4	4	1	1	2	2	2	2	2	2	0	0	3	3	3	3	2	2	4	4	3	3	2	2	1	3	1	1	4	4	2	2	4	4	3	3	1	1	1	1	1	1	1	1	3	3	1	1	4	4	2	2	0	0	4	4	3	3	3	3	4	4	2	2	3	3	2	2	1	1	1	3	1	1	1	1	2	2	3	3	1	1	0	0	2	2	2	2	4	4	4	4	1	1	1	1	0	0	4	4	1	1	1	1	3	3	0	0	2	2	2	2	4	4	4	4	4	4	2	2	3	3	4	4	0	0	3	3	1	1	1	1	4	4	1	1	2	2	4	4	3	3	4	4	3	3
M014417_M135_2F	0	0	4	4	2	2	2	2	3	3	3	3	2	4	1	1	3	3	2	2	4	4	0	0	3	3	1	1	3	3	3	3	1	1	1	1	1	1	2	2	1	1	4	4	4	4	4	4	1	1	2	2	2	2	3	3	0	0	3	3	3	3	1	1	4	4	3	3	1	1	3	3	1	1	4	4	2	2	4	4	3	3	3	3	1	1	3	3	3	3	3	3	2	2	3	3	2	4	0	0	1	4	2	2	3	3	1	1	4	2	1	3	1	2	3	3	1	3	2	2	1	1	1	1	1	1	1	3	0	0	4	4	2	2	3	3	2	2	1	1	3	3	0	0	2	2	3	3	4	4	3	3	3	3	4	4	1	1	4	4	2	2	2	2	3	3	3	3	1	1	0	0	2	3	3	3	1	1	4	4	3	3	1	1	2	2	1	1	2	2	3	4
M014425_M135_3F	0	0	4	4	2	2	2	2	3	3	3	4	2	4	1	1	3	3	2	2	4	4	0	0	3	3	1	1	3	3	3	3	1	2	1	1	1	2	2	2	1	1	4	4	4	4	4	2	1	1	2	2	2	2	3	3	0	0	3	3	3	3	1	1	4	4	0	0	1	1	3	3	1	2	4	4	1	2	3	4	3	3	3	3	1	1	3	3	3	3	3	3	2	2	3	3	2	4	0	0	4	4	2	2	3	3	1	1	0	0	3	3	1	2	3	3	3	3	2	2	1	2	1	1	1	1	1	3	0	0	4	4	2	2	3	3	2	2	1	1	3	3	0	0	2	2	3	3	4	4	3	3	3	3	4	4	1	2	1	1	2	2	2	2	2	3	3	3	1	1	0	0	2	3	3	3	1	1	2	4	1	3	1	1	2	2	1	1	2	2	3	3
M014433_M135_4F	0	0	4	4	2	2	2	2	3	3	3	3	2	4	1	1	3	3	2	2	4	4	0	0	3	3	1	1	3	3	3	3	2	2	1	1	1	2	2	2	1	1	4	4	4	4	4	4	1	1	2	2	2	2	3	3	0	0	3	3	3	3	1	1	4	4	3	3	1	1	3	3	1	1	4	4	2	2	3	4	3	3	3	3	1	1	3	3	3	3	3	3	2	2	3	3	2	2	0	0	1	4	2	2	3	3	1	1	4	2	1	3	1	1	3	3	1	3	2	2	1	2	1	1	1	1	1	3	0	0	4	4	2	2	3	3	2	2	1	1	3	3	0	0	2	2	3	3	4	4	3	3	3	3	2	4	1	1	1	4	2	2	2	2	2	3	3	3	1	1	0	0	2	3	3	3	1	1	4	4	1	3	1	2	2	2	1	1	2	2	0	0
M021345_M207_4F	0	0	4	4	2	2	1	1	4	4	3	3	4	4	1	1	3	3	2	2	2	2	0	0	3	3	3	3	3	3	3	3	2	2	1	1	2	2	2	2	4	4	2	2	3	3	4	4	1	1	4	4	2	2	2	2	0	0	3	3	3	3	2	2	4	4	3	3	2	2	3	3	1	1	4	4	2	2	3	4	3	3	1	1	1	1	1	1	1	1	3	3	1	1	4	4	2	2	0	0	4	4	2	2	1	1	4	4	2	2	3	3	2	2	1	1	1	1	1	1	1	1	2	2	3	3	1	1	0	0	2	2	2	2	4	4	4	4	1	1	1	1	0	0	4	4	1	3	1	1	3	3	0	0	2	2	2	2	4	4	4	4	4	4	2	2	3	3	4	4	0	0	3	3	1	1	1	1	4	4	1	1	1	1	4	4	3	3	4	4	3	3
M021353_M207_5F	0	0	4	4	2	2	1	1	4	4	3	3	4	4	1	1	3	3	2	2	2	2	0	0	3	3	3	3	3	3	3	3	2	2	1	1	2	2	2	2	4	4	2	2	3	3	4	4	1	1	2	4	2	2	2	2	0	0	3	3	3	3	2	2	4	4	3	3	2	2	3	3	1	1	4	4	2	2	4	4	3	3	1	1	1	1	1	1	1	1	3	3	1	1	4	4	2	2	0	0	4	4	2	3	1	1	4	4	2	2	3	3	2	2	1	1	3	3	1	1	1	1	2	2	3	3	1	1	0	0	2	2	2	2	4	4	4	4	1	1	1	1	0	0	4	4	1	3	1	1	3	3	1	1	2	2	0	0	4	4	4	4	4	4	2	2	3	3	4	4	0	0	3	3	1	1	1	1	4	4	1	1	1	1	4	4	3	3	4	4	3	3
M021361_M207_6F	0	0	4	4	2	2	1	1	4	4	3	3	4	4	1	1	3	3	2	2	2	2	0	0	3	3	3	3	3	4	3	4	2	2	1	1	2	2	2	2	4	4	2	2	3	3	4	4	1	1	4	4	2	2	2	2	0	0	3	3	3	3	2	2	4	4	3	3	2	2	3	3	1	1	2	4	2	2	4	4	3	3	1	1	1	4	1	1	1	1	3	3	1	1	4	4	2	2	0	0	4	4	2	3	1	3	4	4	2	2	3	3	2	2	1	1	1	3	1	1	1	1	1	2	3	3	1	1	0	0	2	2	2	2	4	4	4	4	1	1	1	1	0	0	4	4	3	3	1	1	3	3	1	1	2	2	1	2	4	4	4	4	4	4	2	2	3	3	4	4	0	0	3	3	1	1	1	1	4	4	1	1	1	2	4	4	3	3	4	4	3	3
M028409_M281_4F	0	0	4	4	2	2	1	1	4	4	3	4	4	4	1	1	3	3	2	2	2	2	0	0	3	3	3	3	4	4	3	3	2	2	1	1	2	2	2	2	4	4	2	2	3	3	4	4	1	1	2	4	2	2	2	3	0	0	3	4	3	3	2	2	4	4	3	3	2	2	1	3	1	1	4	4	2	2	4	4	3	3	1	1	1	1	1	1	1	1	3	3	1	1	4	4	2	2	0	0	4	4	3	3	3	3	4	4	4	2	3	3	2	2	1	1	1	3	1	1	1	1	1	1	3	3	1	1	0	0	2	2	2	2	4	4	4	4	1	1	1	1	0	0	4	4	1	1	1	1	1	1	1	1	2	2	1	1	4	4	4	4	4	4	2	2	3	3	4	4	0	0	3	3	1	1	1	1	4	4	1	1	2	2	4	4	3	3	4	4	3	3
M028417_M281_5F	0	0	4	4	2	2	1	1	4	4	3	3	4	4	1	1	3	3	2	2	2	2	0	0	3	3	3	3	4	4	3	3	2	2	1	1	2	2	2	2	4	4	2	2	3	3	4	4	1	1	4	4	2	2	2	3	0	0	3	3	3	3	2	2	4	4	3	3	2	2	1	3	1	1	4	4	2	2	4	4	3	3	1	1	1	1	1	1	1	1	1	3	1	1	4	4	2	2	0	0	4	4	3	3	3	3	4	4	2	2	3	3	2	2	1	1	1	1	1	1	1	1	1	2	3	3	1	1	0	0	2	2	2	2	4	4	4	4	1	1	1	1	0	0	4	4	1	1	1	1	3	3	0	0	2	2	1	1	4	4	4	4	4	4	2	2	3	3	4	4	0	0	3	3	1	1	1	1	4	4	1	1	1	1	4	4	3	3	4	4	3	3
M028425_M281_6F	0	0	4	4	2	2	1	1	4	4	3	3	4	4	1	1	3	3	2	2	2	2	0	0	3	3	3	3	4	4	3	3	2	2	1	1	2	2	2	2	4	4	2	2	3	3	4	4	1	1	2	4	2	2	2	3	0	0	3	3	3	3	2	2	4	4	3	3	2	2	1	3	1	1	4	4	2	2	3	4	3	3	1	3	1	1	1	1	1	1	3	3	1	1	4	4	2	2	0	0	4	4	3	3	3	3	4	4	2	2	3	3	2	2	1	1	3	3	1	1	1	1	1	1	3	3	0	0	0	0	2	2	2	2	4	4	4	4	1	1	1	1	0	0	4	4	1	3	1	1	1	3	1	1	2	2	1	2	4	4	4	4	4	4	2	2	3	3	4	4	0	0	3	3	1	1	1	1	4	4	1	1	2	2	4	4	3	3	4	4	3	3
M028382_M281_1C	0	0	4	4	2	2	1	1	4	4	3	4	4	4	1	1	3	3	2	2	2	2	0	0	3	3	3	3	4	4	3	3	2	2	1	1	2	2	2	2	4	4	2	2	3	3	4	4	1	1	2	4	2	2	2	3	0	0	3	3	3	3	2	2	4	4	3	3	2	2	3	3	1	1	4	4	2	2	4	4	1	3	1	3	1	1	1	1	1	1	3	3	1	1	4	4	2	2	0	0	1	4	3	3	3	3	4	4	2	2	3	3	2	2	1	1	1	3	1	1	1	1	1	1	3	3	1	1	0	0	2	2	2	2	4	4	4	4	1	1	1	1	0	0	4	4	1	1	1	1	3	3	0	0	2	2	2	2	4	4	4	4	4	4	2	2	3	3	4	4	0	0	3	3	1	1	1	1	4	4	1	1	1	2	4	4	3	3	4	4	3	3
M028390_M281_2C	0	0	4	4	2	2	1	1	4	4	4	4	4	4	1	1	3	3	2	2	2	2	0	0	3	3	3	3	4	4	3	3	2	2	1	1	2	2	2	2	4	4	2	2	3	3	4	4	1	1	2	4	2	2	2	3	0	0	3	3	3	3	2	2	4	4	3	3	2	2	1	3	1	1	4	4	2	2	4	4	3	3	1	1	1	1	1	1	1	1	3	3	1	1	4	4	2	2	0	0	4	4	3	3	3	3	4	4	2	2	3	3	2	2	1	1	1	3	1	1	1	1	1	2	3	3	1	1	0	0	2	2	2	2	4	4	4	4	1	1	1	1	0	0	4	4	1	3	1	1	3	3	1	1	2	2	2	2	4	4	4	4	4	4	2	2	3	3	4	4	0	0	3	3	1	1	1	1	4	4	1	1	1	2	4	4	3	3	4	4	3	3
M028398_M281_3C	0	0	4	4	2	2	1	1	4	4	4	4	4	4	1	1	3	3	2	2	2	2	0	0	3	3	3	3	4	4	3	4	2	2	1	1	2	2	2	2	4	4	2	2	3	3	4	4	1	1	2	4	2	2	2	3	0	0	3	3	3	3	2	2	4	4	3	3	2	2	1	3	1	1	4	4	2	2	4	4	1	3	1	3	1	1	1	1	1	1	3	3	1	1	4	4	2	2	0	0	1	4	3	3	3	3	4	4	2	2	3	3	2	2	1	1	1	3	1	1	1	1	1	2	3	3	1	1	0	0	2	2	2	2	4	4	4	4	1	1	1	1	0	0	4	4	1	1	1	1	3	3	1	1	2	2	2	2	4	4	4	4	4	4	2	2	3	3	4	4	0	0	3	3	1	1	1	1	4	4	1	1	1	2	4	4	3	3	4	4	3	3
M014418_M135_2G	0	0	4	4	2	2	1	1	3	4	3	3	4	4	1	1	3	3	2	2	4	2	0	0	3	3	1	3	3	4	3	3	2	2	1	1	1	2	2	2	1	4	2	4	3	4	4	4	1	1	2	4	2	2	2	3	0	0	3	3	3	3	1	2	4	4	3	3	1	2	1	3	1	1	4	4	2	2	4	4	3	3	1	3	1	1	1	3	1	3	1	3	1	1	3	4	2	2	0	0	4	4	2	3	3	3	1	4	4	2	3	3	2	2	1	3	3	3	1	2	1	1	1	1	1	3	1	1	0	0	2	4	2	2	3	4	4	2	1	1	1	3	0	0	2	4	1	3	1	4	3	3	3	3	2	2	1	1	4	4	2	4	4	4	2	3	3	3	1	4	0	0	3	3	1	3	1	1	4	4	1	1	1	2	4	2	3	3	4	2	3	3
M014426_M135_3G	0	0	4	4	2	4	2	2	3	3	3	3	2	4	1	1	3	3	2	2	4	4	0	0	3	3	1	1	3	3	3	3	1	2	1	1	1	2	2	2	1	1	4	4	4	4	4	4	1	1	2	2	2	2	3	3	0	0	3	3	3	3	1	1	4	4	0	0	1	1	3	3	1	1	4	4	2	2	4	4	3	3	3	3	1	1	3	3	3	3	3	3	2	2	3	3	2	4	0	0	4	4	2	2	3	3	1	1	4	2	1	3	1	2	3	3	1	3	2	2	1	1	1	1	1	1	1	3	0	0	4	4	2	2	3	3	2	2	1	1	3	3	0	0	2	2	3	3	4	4	3	3	3	3	0	0	1	1	1	1	2	2	2	2	2	2	3	3	1	1	0	0	2	3	3	3	1	1	4	4	3	3	1	1	2	2	1	1	2	2	3	3
M014434_M135_4G	0	0	4	4	2	4	2	2	3	3	3	3	2	4	1	1	3	3	2	2	4	4	0	0	3	3	1	1	3	3	3	3	2	2	1	1	1	2	2	2	1	1	4	4	4	4	4	2	1	1	2	2	2	2	3	3	0	0	3	3	3	3	1	1	4	4	3	3	1	1	3	3	1	2	4	4	1	2	3	4	3	3	3	3	1	1	3	3	3	3	3	3	2	2	3	3	2	2	0	0	4	4	2	2	3	3	1	1	2	2	1	3	1	1	3	3	3	3	2	2	1	1	1	1	1	1	3	3	0	0	4	4	2	2	3	3	2	2	1	1	3	3	0	0	2	2	3	3	4	4	3	3	3	3	4	4	1	1	1	4	2	2	2	2	2	3	3	3	1	1	0	0	2	2	3	3	1	1	2	4	1	1	1	2	2	2	1	1	2	2	3	3
M021346_M207_4G	0	0	4	4	2	2	1	1	4	4	3	3	4	4	1	1	3	3	2	2	2	2	0	0	3	3	3	3	3	4	3	3	2	2	1	1	2	2	2	2	4	4	2	2	3	3	4	4	1	1	4	4	2	2	2	2	0	0	3	3	3	3	2	2	4	4	3	3	2	2	3	3	1	1	4	4	2	2	3	4	3	3	1	1	1	1	1	1	1	1	3	3	1	1	4	4	2	2	0	0	4	4	2	2	1	3	4	4	2	2	3	3	2	2	1	1	3	3	1	1	1	1	1	2	3	3	1	1	0	0	2	2	2	2	4	4	4	4	1	1	1	1	0	0	4	4	3	3	1	1	3	3	1	1	2	2	1	2	4	4	4	4	4	4	2	2	3	3	4	4	0	0	3	3	1	1	1	1	4	4	1	1	1	2	4	4	3	3	4	4	3	3
M021354_M207_5G	0	0	4	4	2	2	1	1	4	4	3	3	4	4	1	1	3	3	2	2	2	2	0	0	3	3	3	3	3	3	3	4	2	2	1	1	2	2	2	2	4	4	2	2	3	3	4	4	1	1	2	4	2	2	2	2	0	0	3	3	3	3	2	2	4	4	3	3	2	2	3	3	1	1	2	4	2	2	3	4	3	3	3	3	1	1	1	1	1	1	3	3	1	1	4	4	2	2	0	0	4	4	2	2	1	1	4	4	2	2	3	3	2	2	1	1	1	3	1	1	1	1	2	2	3	3	1	1	0	0	2	2	2	2	4	4	4	4	1	1	1	1	0	0	4	4	3	3	1	1	3	3	1	1	2	2	1	2	4	4	4	4	4	4	2	2	3	3	4	4	0	0	3	3	1	1	1	1	4	4	1	1	1	1	4	4	3	3	4	4	3	3
M021362_M207_6G	0	0	4	4	2	2	1	1	4	4	3	3	4	4	1	1	3	3	2	2	2	2	0	0	3	3	3	3	3	4	3	4	2	2	1	1	2	2	2	2	4	4	2	2	3	3	4	4	1	1	4	4	2	2	2	2	0	0	3	3	3	3	2	2	4	4	3	3	2	2	3	3	1	1	2	4	2	2	3	4	3	3	1	1	1	1	1	1	1	1	3	3	1	1	4	4	2	2	0	0	4	4	2	3	1	3	4	4	2	2	3	3	2	2	1	1	1	3	1	1	1	1	1	2	3	3	1	1	0	0	2	2	2	2	4	4	4	4	1	1	1	1	0	0	4	4	3	3	1	1	3	3	1	1	2	2	2	2	4	4	4	4	4	4	2	2	3	3	4	4	0	0	3	3	1	1	1	1	4	4	1	1	1	1	4	4	3	3	4	4	3	3
M028410_M281_4G	0	0	4	4	2	2	1	1	4	4	3	3	4	4	1	3	3	3	2	2	2	2	0	0	3	3	3	3	4	4	3	3	2	2	1	1	2	2	2	2	4	4	2	2	3	3	4	4	1	1	2	4	2	2	3	3	0	0	4	4	3	3	2	2	4	4	3	3	2	2	1	3	1	1	4	4	2	2	4	4	3	3	1	1	1	1	1	1	1	1	1	3	1	1	4	4	2	2	0	0	4	4	3	3	3	3	4	4	4	2	3	3	2	2	1	1	1	3	1	1	1	1	1	1	3	3	0	0	0	0	2	2	2	2	4	4	4	4	1	1	1	1	0	0	4	4	1	3	1	1	1	1	1	1	2	2	1	1	4	4	4	4	4	4	2	2	3	3	4	4	0	0	3	3	1	1	1	1	4	4	1	1	2	2	4	4	3	3	4	4	3	3
M028418_M281_5G	0	0	4	4	2	2	1	1	4	4	3	3	4	4	1	1	3	3	2	2	2	2	0	0	3	3	3	3	4	4	3	3	2	2	1	1	2	2	2	2	4	4	2	2	3	3	4	4	1	1	2	4	2	2	2	2	0	0	3	4	3	3	2	2	4	4	3	3	2	2	3	3	1	1	4	4	2	2	4	4	3	3	1	1	1	4	1	1	1	1	1	1	1	1	4	4	2	2	0	0	4	4	3	3	3	3	4	4	2	2	3	3	2	2	1	1	1	3	1	1	1	1	1	2	3	3	1	1	0	0	2	2	2	2	4	4	4	4	1	1	1	1	0	0	4	4	1	3	1	1	3	3	1	1	2	2	1	1	1	1	4	4	4	4	2	2	3	3	4	4	0	0	3	3	1	1	1	1	4	4	1	1	2	2	4	4	3	3	4	4	3	3
M028426_M281_6G	0	0	4	4	2	2	1	1	4	4	3	3	4	4	1	1	3	3	2	2	2	2	0	0	3	3	3	3	4	4	3	3	2	2	1	1	2	2	2	2	4	4	2	2	3	3	4	4	1	1	4	4	2	2	2	3	0	0	3	3	3	3	2	2	4	4	3	3	2	2	1	3	1	1	4	4	2	2	4	4	3	3	1	3	1	1	1	1	1	1	1	3	1	1	4	4	2	2	0	0	4	4	2	3	3	3	4	4	4	2	3	3	2	2	1	1	1	3	1	1	1	1	1	2	3	3	1	1	0	0	2	2	2	2	4	4	4	4	1	1	1	1	0	0	4	4	1	3	1	1	1	3	1	1	2	2	1	1	4	4	4	4	4	4	2	2	3	3	4	4	0	0	3	3	1	1	1	1	4	4	1	1	2	2	4	4	3	3	4	4	3	3
M028383_M281_1D	0	0	4	4	2	2	1	1	4	4	3	4	4	4	1	1	3	3	2	2	2	2	0	0	3	3	3	3	4	4	3	3	2	2	1	1	2	2	2	2	4	4	2	2	3	3	4	4	1	1	4	4	2	2	2	2	0	0	3	3	3	3	2	2	4	4	3	3	2	2	1	1	1	1	4	4	2	2	4	4	3	3	1	1	1	1	1	1	1	1	3	3	1	1	4	4	2	2	0	0	4	4	3	3	3	3	4	4	4	2	3	3	2	2	1	1	1	3	1	1	1	1	2	2	3	3	1	1	0	0	2	2	2	2	4	4	4	4	1	1	1	1	0	0	4	4	1	3	1	1	3	3	0	0	2	2	2	2	4	4	4	4	4	4	2	2	3	3	4	4	0	0	3	3	1	1	1	1	4	4	1	1	1	2	4	4	3	3	4	4	3	3
M028391_M281_2D	0	0	4	4	2	2	1	1	4	4	3	4	4	4	1	1	3	3	2	2	2	2	0	0	3	3	3	3	4	4	3	4	2	2	1	1	2	2	2	2	4	4	2	2	3	3	4	4	1	1	2	2	2	2	2	3	0	0	3	3	3	3	2	2	4	4	3	3	2	2	3	3	1	1	4	4	2	2	4	4	3	3	1	1	1	1	1	1	1	1	3	3	1	1	4	4	2	2	0	0	4	4	3	3	3	3	4	4	2	2	3	3	2	2	1	1	1	1	1	1	1	1	1	2	3	3	1	1	0	0	2	2	2	2	4	4	4	4	1	1	1	1	0	0	4	4	1	1	1	1	3	3	1	1	2	2	2	2	4	4	4	4	4	4	2	2	3	3	4	4	0	0	3	3	1	1	1	1	4	4	1	1	2	2	4	4	3	3	4	4	3	3
M028399_M281_3D	0	0	4	4	2	2	1	1	4	4	4	4	4	4	1	1	3	3	2	2	2	2	0	0	3	3	3	3	4	4	3	3	2	2	1	1	2	2	2	2	4	4	2	2	3	3	4	4	1	1	2	4	2	2	2	2	0	0	3	3	3	2	2	2	4	4	3	3	2	2	1	3	1	1	4	4	2	2	4	4	3	3	1	1	1	1	1	1	1	1	1	3	1	1	4	4	2	2	0	0	4	4	3	3	3	3	4	4	2	2	3	3	2	2	1	1	1	1	1	1	1	1	1	1	3	3	1	1	0	0	2	2	2	2	4	4	4	4	1	1	1	1	0	0	4	4	1	3	1	1	3	3	3	3	2	2	2	2	4	4	4	4	4	4	2	2	3	3	4	4	0	0	3	3	1	1	1	1	4	4	1	1	1	2	4	4	3	3	4	4	3	3
M014419_M135_2H	0	0	2	2	2	4	0	0	3	3	3	3	2	2	1	1	3	3	2	2	4	4	0	0	1	1	1	1	3	3	3	3	1	2	1	1	1	1	2	2	1	1	4	4	4	4	4	2	1	1	2	2	2	2	3	3	0	0	3	3	0	0	1	1	4	4	3	3	1	1	3	3	1	2	4	4	1	2	3	4	3	3	3	3	1	1	3	3	3	3	3	3	2	2	3	3	4	4	0	0	4	4	2	2	3	3	1	1	4	2	1	1	1	2	3	3	1	3	2	2	1	2	1	1	1	1	1	3	0	0	0	0	2	2	3	3	2	2	1	1	3	3	0	0	2	2	3	3	4	4	3	3	3	3	4	4	1	1	0	0	2	2	2	2	3	3	3	3	1	1	0	0	2	3	3	3	1	1	2	4	3	3	1	2	2	2	1	1	2	2	3	3
M014427_M135_3H	0	0	2	4	2	2	2	2	3	3	3	3	4	4	1	1	3	3	2	2	4	4	0	0	3	3	1	1	3	3	3	3	1	2	1	1	1	1	2	2	1	1	4	4	4	4	4	4	1	1	2	2	2	2	3	3	0	0	3	3	3	2	1	1	4	4	3	3	1	1	3	3	1	1	4	4	2	2	3	4	3	3	3	3	1	1	3	3	3	3	3	3	2	2	3	3	2	4	0	0	4	4	2	2	3	3	1	1	2	2	1	3	2	2	3	3	1	3	2	2	1	1	1	1	1	1	1	1	0	0	4	4	2	2	3	3	2	2	1	1	3	3	0	0	2	2	3	3	4	4	3	3	3	3	0	0	1	1	1	1	2	2	2	2	2	2	3	3	1	1	0	0	3	3	3	3	1	1	4	4	3	3	1	2	2	2	1	1	2	2	0	0
M014435_M135_4H	0	0	4	4	2	2	2	2	3	3	3	4	4	4	1	1	3	3	2	2	4	4	0	0	3	3	1	1	3	3	3	3	1	2	1	1	1	2	2	2	1	1	4	4	4	4	4	4	1	1	2	2	2	2	3	3	0	0	3	3	3	3	1	1	4	4	3	3	1	1	3	3	1	1	4	4	2	2	4	4	3	3	3	3	1	1	3	3	3	3	3	3	2	2	3	3	2	4	0	0	4	4	2	2	3	3	1	1	4	2	3	3	2	2	3	3	3	3	2	2	2	2	1	1	1	1	0	0	0	0	4	4	2	2	3	3	2	2	1	1	3	3	0	0	2	2	3	3	4	4	3	3	3	3	4	4	1	2	1	1	2	2	2	2	3	3	3	3	1	1	0	0	0	0	3	3	1	1	4	4	1	3	1	2	2	2	1	1	2	2	0	0
M021347_M207_4H	0	0	4	4	2	2	1	1	4	4	3	3	4	4	1	1	3	3	2	2	2	2	0	0	3	3	3	3	3	4	4	4	2	2	1	1	2	2	2	2	4	4	2	2	3	3	4	4	1	1	2	4	2	2	3	3	0	0	3	3	3	3	2	2	4	4	3	3	2	2	3	3	1	1	2	4	2	2	4	4	3	3	1	3	1	1	1	1	1	1	1	3	1	1	4	4	2	2	0	0	4	4	2	2	1	3	4	4	2	2	3	3	2	2	1	1	1	3	1	1	1	1	2	2	3	3	1	1	0	0	2	2	2	2	4	4	4	4	1	1	1	1	0	0	4	4	1	3	1	1	3	3	0	0	2	2	1	2	4	4	4	4	4	4	2	2	3	3	4	4	0	0	3	3	1	1	1	1	4	4	1	1	1	2	4	4	3	3	4	4	3	3
M021355_M207_5H	0	0	4	4	2	2	1	1	4	4	3	3	4	4	1	1	3	3	2	2	2	2	0	0	3	3	3	3	3	4	3	3	2	2	1	4	2	2	2	2	4	4	2	2	3	3	4	4	1	1	4	4	2	2	2	2	0	0	3	3	3	3	2	2	4	4	3	3	2	2	3	3	1	1	4	4	2	2	3	4	3	3	1	1	1	1	1	1	1	1	3	3	1	1	4	4	2	2	0	0	4	4	2	3	1	1	4	4	2	2	3	3	2	2	1	1	1	1	1	1	1	1	1	2	3	3	1	1	0	0	2	2	2	2	4	4	4	4	1	1	1	1	0	0	4	4	3	3	1	1	1	3	1	1	2	2	2	2	4	4	4	4	4	4	2	2	3	3	4	4	0	0	3	3	1	1	1	1	4	4	1	1	1	2	4	4	3	3	4	4	3	3
M021363_M207_6H	0	0	4	4	2	2	1	1	4	4	3	3	4	4	1	1	3	3	2	2	2	2	0	0	3	3	3	3	3	4	3	4	2	2	1	1	2	2	2	2	4	4	2	2	3	3	4	4	1	1	2	4	2	2	2	2	0	0	3	3	3	3	2	2	4	4	3	3	2	2	3	3	1	1	4	4	2	2	3	4	3	3	1	1	1	1	1	1	1	1	3	3	1	1	4	4	2	2	0	0	4	4	2	3	1	3	4	4	2	2	3	3	2	2	1	1	3	3	1	1	1	1	1	1	3	3	1	1	0	0	2	2	2	2	4	4	4	4	1	1	1	1	0	0	4	4	3	3	1	1	3	3	1	1	2	2	1	2	4	4	4	4	4	4	2	2	3	3	4	4	0	0	3	3	1	1	1	1	4	4	1	1	1	1	4	4	3	3	4	4	3	3
M028411_M281_4H	0	0	4	4	2	2	1	1	4	4	3	3	4	4	1	3	3	3	2	2	2	2	0	0	3	3	3	3	4	4	3	3	2	2	1	1	2	2	2	2	4	4	2	2	3	3	4	4	1	1	2	4	2	2	2	3	0	0	3	4	3	3	2	2	4	4	3	3	2	2	1	3	1	1	4	4	2	2	3	4	3	3	1	3	1	4	1	1	1	1	1	3	1	1	4	4	2	2	0	0	4	4	3	3	3	3	4	4	2	2	3	3	2	2	1	1	1	3	1	1	1	1	1	1	3	3	1	3	0	0	2	2	2	2	4	4	4	4	1	1	1	1	0	0	4	4	1	3	1	1	1	3	1	1	2	2	1	2	4	4	4	4	4	4	2	2	3	3	4	4	0	0	3	3	1	1	1	1	4	4	1	1	2	2	4	4	3	3	4	4	3	3
M028419_M281_5H	0	0	4	4	2	2	1	1	4	4	3	3	4	4	1	1	3	3	2	2	2	2	0	0	3	3	3	3	4	4	3	3	2	2	1	1	2	2	2	2	4	4	2	2	3	3	4	4	1	1	2	4	2	2	2	3	0	0	3	3	3	3	2	2	4	4	3	3	2	2	1	3	1	1	4	4	2	2	4	4	3	3	1	1	1	1	1	1	1	1	1	1	1	1	4	4	2	2	0	0	4	4	3	3	3	3	4	4	4	2	3	3	2	2	1	1	1	1	1	1	1	1	1	2	3	3	0	0	0	0	2	2	2	2	4	4	4	4	1	1	1	1	0	0	4	4	1	1	1	1	3	3	1	1	2	2	1	1	1	4	4	4	4	4	2	2	3	3	4	4	0	0	3	3	1	1	1	1	4	4	1	1	1	1	4	4	3	3	4	4	3	3
M028427_M281_6H	0	0	4	4	2	2	1	1	4	4	3	4	4	4	1	1	3	3	2	2	2	2	0	0	3	3	3	3	4	4	3	3	2	2	1	1	2	2	2	2	4	4	2	2	3	3	4	4	1	1	4	4	2	2	3	3	0	0	4	4	3	3	0	0	4	4	3	3	2	2	1	3	1	1	4	4	2	2	4	4	3	3	1	1	1	4	1	1	1	1	1	1	1	1	4	4	2	2	0	0	4	4	3	3	3	3	4	4	4	4	3	3	2	2	1	1	1	3	1	1	1	1	1	1	3	3	0	0	0	0	2	2	2	2	0	0	0	0	1	1	1	1	0	0	4	4	3	3	1	1	0	0	1	1	2	2	1	1	0	0	4	4	4	4	2	2	3	3	4	4	0	0	0	0	1	1	1	1	4	4	1	1	2	2	4	4	0	0	4	4	3	3
M028384_M281_1E	0	0	4	4	2	2	1	1	4	4	4	4	4	4	1	1	3	3	2	2	2	2	0	0	3	3	3	3	4	4	3	3	2	2	1	1	2	2	2	2	4	4	2	2	3	3	4	4	1	1	2	2	2	2	2	3	0	0	3	3	3	3	2	2	4	4	3	3	2	2	3	3	1	1	4	4	2	2	4	4	3	3	1	3	1	1	1	1	1	1	3	3	1	1	4	4	2	2	0	0	4	4	3	3	3	3	4	4	2	2	3	3	2	2	1	1	1	1	1	1	1	1	2	2	3	3	0	0	0	0	2	2	2	2	4	4	0	0	1	1	1	1	0	0	4	4	1	1	1	1	3	3	1	1	2	2	2	2	1	4	4	4	4	4	2	2	3	3	4	4	0	0	3	3	1	1	1	1	4	4	1	1	2	2	4	4	3	3	4	4	3	3
M028392_M281_2E	0	0	4	4	2	2	1	1	4	4	4	4	4	4	1	1	3	3	2	2	2	2	0	0	3	3	3	3	4	4	3	4	2	2	1	1	2	2	2	2	4	4	2	2	3	3	4	4	1	1	4	4	2	2	2	3	0	0	3	3	3	3	2	2	4	4	3	3	2	2	3	3	1	1	4	4	2	2	4	4	3	3	1	1	1	1	1	1	1	1	1	3	1	1	4	4	2	2	0	0	4	4	3	3	3	3	4	4	2	2	3	3	2	2	1	1	1	1	1	1	1	1	1	1	3	3	0	0	0	0	2	2	2	2	0	0	4	4	1	1	1	1	0	0	4	4	1	3	1	1	3	3	1	1	2	2	2	2	4	4	4	4	4	4	2	2	3	3	4	4	0	0	3	3	1	1	1	1	4	4	1	1	1	2	4	4	3	3	4	4	3	3
M028400_M281_3E	0	0	4	4	2	2	1	1	4	4	4	4	4	4	1	3	3	3	2	2	2	2	0	0	3	3	3	3	4	4	3	4	2	2	1	1	2	2	2	2	4	4	2	2	3	3	4	4	1	1	2	4	2	2	2	2	0	0	3	3	3	3	2	2	4	4	3	3	2	2	1	3	1	1	4	4	2	2	4	4	3	3	1	1	1	1	1	1	1	1	1	3	1	1	4	4	2	2	0	0	4	4	3	3	3	3	4	4	4	2	3	3	2	2	1	1	1	1	1	1	1	1	2	2	3	3	1	3	0	0	2	2	2	2	4	4	4	4	1	1	1	1	0	0	4	4	1	3	1	1	3	3	1	1	2	2	2	2	4	4	4	4	4	4	2	2	3	3	4	4	0	0	3	3	1	1	1	1	4	4	1	1	1	2	4	4	3	3	4	4	3	3
