Sample_ID	OmyY1	OmyY1	R18251	R18251	R23044	R23044	R30220	R30220	R34286	R34286	R38993	R38993	SH114448	SH114448	R000200	R000200	R033859	R033859	R09768	R09768	R12730	R12730	R24463	R24463	R00586	R00586	R19198	R19198	R23330	R23330	R30355	R30355	R34385	R34385	R39365	R39365	SH121006	SH121006	R018277	R018277	R03418	R03418	R10226	R10226	R13191	R13191	R24493	R24493	R12738	R12738	R19633	R19633	R23813	R23813	R30423	R30423	R34662	R34662	R40094	R40094	SH127236	SH127236	R02551	R02551	R03924	R03924	R10530	R10530	R16543	R16543	R26255	R26255	R13730	R13730	R19731	R19731	R24068	R24068	R30589	R30589	R35324	R35324	R40152	R40152	OMS00116	OMS00116	R02676	R02676	R04143	R04143	R11238	R11238	R19868	R19868	R27050	R27050	R14225	R14225	R21285	R21285	R24273	R24273	R30678	R30678	R37205	R37205	R40252	R40252	OMS00143	OMS00143	R02783	R02783	R04203	R04203	R11353	R11353	R19948	R19948	R30551	R30551	R14383	R14383	R21330	R21330	R24370	R24370	R33010	R33010	R37229	R37229	R40319	R40319	OMS00144	OMS00144	R02785	R02785	R04760	R04760	R11790	R11790	R20353	R20353	R32124	R32124	R14511	R14511	R21561	R21561	R28680	R28680	R33411	R33411	R37560	R37560	R40342	R40342	OMS00159	OMS00159	R03042	R03042	R04944	R04944	R12528	R12528	R21023	R21023	R32692	R32692	R14589	R14589	R22570	R22570	R30015	R30015	R33562	R33562	R38346	R38346	R40580	R40580	OMS00169	OMS00169	R03306	R03306	R08985	R08985	R12611	R12611	R22488	R22488	R36639	R36639
M070518_M711_2A	0	0	2	2	2	2	2	2	3	4	3	4	2	2	3	3	3	3	2	2	4	4	0	0	1	1	1	1	3	3	3	3	1	1	1	1	1	1	2	2	1	1	4	4	4	4	2	2	1	1	2	2	2	4	3	3	0	0	3	3	2	2	1	1	4	4	3	3	1	1	3	3	2	2	4	4	1	1	3	4	3	3	3	3	1	1	3	3	3	3	3	3	2	2	3	3	0	0	0	0	1	4	2	2	3	3	1	1	2	2	1	1	1	1	3	3	1	3	2	2	0	0	1	1	1	1	3	3	0	0	4	4	2	2	3	3	2	2	1	3	3	3	0	0	2	2	3	3	4	4	3	3	3	3	4	4	2	2	1	1	2	2	2	2	3	3	3	3	1	1	0	0	2	2	3	3	1	3	2	2	1	1	1	1	2	2	1	1	2	2	4	4
M070526_M711_3A	0	0	2	2	2	4	2	2	3	4	3	4	2	2	1	3	3	3	2	2	4	4	0	0	1	1	1	1	3	3	3	3	1	1	1	1	1	1	2	2	1	1	4	4	4	4	2	2	1	2	2	2	2	2	3	3	0	0	3	3	2	2	1	1	4	4	3	3	1	1	3	3	2	2	4	4	1	2	4	4	3	3	3	3	1	1	3	3	3	3	3	3	2	2	3	3	0	0	0	0	1	4	2	2	3	3	1	1	2	2	1	1	1	1	3	3	1	1	2	2	0	0	1	1	1	1	3	3	0	0	4	4	2	2	3	3	2	2	1	3	3	3	0	0	2	2	3	3	4	4	3	3	3	3	4	4	1	2	1	1	2	2	2	2	3	3	3	3	1	1	0	0	2	2	3	3	1	3	2	2	1	1	1	2	2	2	1	1	2	2	4	4
M067933_M694_1A	0	0	4	4	2	2	1	1	4	4	3	4	0	0	1	1	3	3	2	2	2	2	0	0	3	3	3	3	4	4	3	3	2	2	1	4	2	2	2	2	4	4	2	2	3	3	4	4	1	1	2	4	2	2	2	3	0	0	3	3	3	2	2	2	4	4	3	3	2	2	1	3	1	1	4	4	2	2	4	4	3	3	1	1	1	1	1	1	1	1	3	3	0	0	4	4	0	0	0	0	4	4	2	2	1	3	4	4	2	2	3	3	2	2	1	1	1	3	1	1	0	0	2	2	3	3	1	1	0	0	2	2	2	2	4	4	4	4	1	1	1	1	0	0	4	4	1	1	1	1	1	1	1	1	2	2	1	2	1	1	4	4	4	4	2	2	3	3	4	4	0	0	3	3	1	1	1	1	4	4	1	1	1	2	4	4	3	3	4	4	3	3
M067941_M694_2A	0	0	2	4	2	2	2	2	3	3	3	3	2	2	3	3	3	3	2	2	4	4	0	0	3	3	1	1	3	3	3	3	2	2	1	1	1	2	0	0	1	1	4	4	4	4	2	2	1	1	2	2	2	2	3	3	0	0	3	3	3	2	1	1	4	4	3	3	1	2	3	3	1	1	4	4	2	2	3	4	3	3	3	3	1	4	3	3	3	3	3	3	2	2	3	3	0	0	0	0	4	4	2	2	3	3	1	1	2	2	1	3	1	2	3	3	1	3	2	2	0	0	1	1	1	1	1	1	0	0	4	4	2	2	3	3	2	2	1	1	3	3	0	0	2	2	3	3	4	4	3	3	3	3	2	2	1	1	1	1	2	2	2	2	2	2	3	3	1	1	0	0	2	3	3	3	1	1	4	4	1	3	1	1	2	2	1	1	2	2	0	0
M067949_M694_3A	0	0	2	4	2	4	1	1	4	4	3	4	2	4	1	1	3	3	2	2	4	2	0	0	3	3	1	3	3	4	3	3	2	2	1	1	1	2	2	2	1	4	2	4	3	4	4	2	1	1	2	4	2	2	3	3	0	0	3	3	3	2	1	2	4	4	3	3	1	2	1	1	1	2	2	4	1	2	3	4	1	3	1	3	1	4	1	3	1	3	1	3	1	2	3	4	0	0	0	0	4	4	2	2	3	3	1	4	2	2	1	3	1	2	1	3	3	3	1	2	0	0	1	1	1	3	1	3	0	0	2	2	4	2	3	4	4	2	1	1	1	3	0	0	2	4	1	3	1	4	1	3	1	3	2	4	2	2	1	4	2	4	4	2	2	2	3	3	1	4	0	0	2	3	1	3	1	1	2	4	1	1	1	2	4	2	3	3	4	2	3	3
M067653_M691_2A	0	0	4	4	2	4	1	2	3	4	3	4	2	4	1	3	3	3	2	2	4	2	0	0	1	3	1	3	3	4	3	3	2	2	1	4	1	2	2	2	1	4	2	4	3	3	4	2	1	1	2	2	2	2	2	3	0	0	3	3	3	3	1	2	4	4	3	3	1	2	1	3	1	2	4	4	2	2	3	4	3	3	1	3	1	4	1	3	1	3	3	3	1	2	3	4	0	0	0	0	4	4	2	2	1	3	1	4	2	2	1	1	1	2	1	3	3	3	1	2	0	0	1	2	1	3	1	3	0	0	2	2	2	2	3	4	4	2	1	1	1	3	0	0	2	4	1	3	1	4	1	3	3	3	2	2	1	2	1	1	2	4	4	2	2	3	3	3	1	4	0	0	2	3	1	3	1	1	2	4	1	1	1	1	4	2	3	3	4	2	3	3
M067661_M691_3A	0	0	2	4	2	4	2	2	3	3	3	4	2	2	1	3	3	3	2	2	4	4	0	0	1	3	1	1	3	3	3	3	1	2	1	1	1	1	2	2	1	1	4	4	4	4	2	2	1	1	2	2	2	2	3	3	0	0	3	3	3	2	1	1	4	4	3	3	1	1	3	3	2	2	4	4	1	1	3	3	3	3	3	3	1	4	3	3	3	3	3	3	2	2	3	3	0	0	0	0	4	4	2	2	3	3	1	1	4	2	1	3	1	1	3	3	1	3	2	2	0	0	1	1	1	1	3	3	0	0	4	4	2	2	3	3	2	2	1	1	3	3	0	0	2	2	3	3	4	4	3	3	3	3	4	4	1	1	1	1	2	2	2	2	2	2	3	3	1	1	0	0	2	2	3	3	1	1	2	2	1	1	2	2	2	2	1	1	2	2	3	4
M070894_M715_1A	0	0	2	4	2	4	2	2	3	3	3	4	2	4	1	3	3	3	2	2	4	4	0	0	1	3	1	1	3	3	3	3	1	2	1	1	1	1	2	2	1	1	4	4	4	4	2	2	1	1	2	2	2	2	3	3	0	0	3	3	3	3	1	1	4	4	3	3	1	1	3	3	2	2	4	4	1	1	3	3	3	3	3	3	1	4	3	3	3	3	3	3	2	2	3	3	0	0	0	0	4	4	2	2	3	3	1	1	4	2	3	3	1	1	3	3	1	1	2	2	0	0	1	1	1	1	1	3	0	0	4	4	2	2	3	3	2	2	1	1	3	3	0	0	2	2	3	3	4	4	3	3	3	3	4	4	2	2	1	1	2	2	2	2	3	3	3	3	1	1	0	0	2	2	3	3	1	3	2	2	1	1	1	1	2	2	1	1	2	2	3	3
M070902_M715_2A	0	0	2	4	2	2	2	2	3	3	3	4	2	2	1	3	3	3	2	2	4	4	0	0	1	3	1	1	3	3	3	3	2	2	1	1	1	2	2	2	1	1	4	4	4	4	4	2	1	1	2	2	2	2	3	3	0	0	3	3	3	3	1	1	4	4	3	3	1	1	3	3	1	2	4	4	2	2	4	4	3	3	3	3	1	1	3	3	3	3	3	3	2	2	3	3	0	0	0	0	4	4	2	2	3	3	1	1	2	2	1	3	1	2	3	3	3	3	2	2	0	0	1	1	1	1	1	3	0	0	4	4	4	2	3	3	2	2	1	1	3	3	0	0	2	2	3	3	4	4	3	3	3	3	2	4	1	1	1	1	2	2	2	2	2	3	3	3	1	1	0	0	2	3	3	3	1	1	2	4	1	1	1	1	2	2	1	1	2	2	0	0
M070910_M715_3A	0	0	4	4	2	4	2	2	3	3	3	4	4	4	1	3	3	3	2	2	4	4	0	0	3	3	1	1	3	3	3	3	1	2	1	1	2	2	2	2	1	1	4	4	4	4	4	2	1	1	2	2	2	2	3	3	0	0	3	3	3	2	1	1	4	4	3	3	1	1	3	3	0	0	4	4	2	2	4	4	3	3	3	3	1	4	3	3	3	3	3	3	2	2	3	3	0	0	0	0	4	4	2	2	3	3	1	1	4	2	3	3	2	2	3	3	1	3	2	2	0	0	1	1	1	1	1	1	0	0	4	4	2	2	3	3	2	2	1	1	3	3	0	0	2	2	3	3	4	4	3	3	3	3	2	2	1	2	1	1	2	2	2	2	2	3	3	3	1	1	0	0	3	3	3	3	1	3	4	4	1	3	1	2	2	2	1	1	2	2	3	3
M070511_M711_1B	0	0	2	2	2	2	2	2	3	3	3	3	2	2	3	3	3	3	2	2	4	4	0	0	1	1	1	1	3	3	3	3	1	1	1	1	1	1	2	2	1	1	4	4	4	4	2	2	1	2	2	2	2	2	3	3	0	0	3	3	3	2	1	1	4	4	3	3	1	1	3	3	2	2	4	4	1	1	3	3	3	3	3	3	1	4	3	3	3	3	3	3	2	2	3	3	0	0	0	0	1	4	2	2	3	3	1	1	2	2	1	1	1	1	3	3	1	3	2	2	0	0	1	1	1	1	3	3	0	0	4	4	2	2	3	3	2	2	1	1	3	3	0	0	2	2	3	3	4	4	3	3	3	3	4	4	2	2	1	1	2	2	2	2	3	3	3	3	1	1	0	0	2	2	3	3	1	1	2	2	1	1	1	1	2	2	1	1	2	2	4	4
M070519_M711_2B	0	0	2	2	2	2	2	2	3	3	3	3	2	2	3	3	3	3	2	2	4	4	0	0	1	1	1	1	3	3	3	3	1	1	1	1	1	1	2	2	1	1	4	4	4	4	2	2	1	1	2	2	2	2	3	3	0	0	3	3	2	2	1	1	4	4	3	3	1	1	3	3	2	2	4	4	1	1	3	3	3	3	3	3	1	1	3	3	3	3	3	3	2	2	3	3	0	0	0	0	1	4	2	2	3	3	1	1	2	2	1	1	1	1	3	3	1	3	2	2	0	0	1	1	1	1	3	3	0	0	4	4	2	2	3	3	2	2	1	1	3	3	0	0	2	2	3	3	4	4	3	3	3	3	4	4	2	2	1	1	2	2	2	2	3	3	3	3	1	1	0	0	2	2	3	3	1	3	2	2	1	3	1	2	2	2	1	1	2	2	4	4
M070527_M711_3B	0	0	2	4	2	2	2	2	3	3	3	3	2	2	3	3	3	3	2	2	4	4	0	0	1	1	1	1	3	3	3	3	1	1	1	1	1	1	2	2	1	1	4	4	4	4	2	2	1	1	2	2	2	2	3	3	0	0	3	3	2	2	1	1	4	4	3	3	1	1	3	3	2	2	4	4	1	1	3	4	3	3	3	3	1	1	3	3	3	3	3	3	2	2	3	3	0	0	0	0	1	4	2	2	3	3	1	1	2	2	1	1	1	1	3	3	1	3	2	2	0	0	1	1	1	1	3	3	0	0	4	4	2	2	3	3	2	2	1	1	3	3	0	0	2	2	3	3	4	4	3	3	3	3	4	4	2	2	1	1	2	2	2	2	2	3	3	3	1	1	0	0	2	2	3	3	1	3	2	2	1	1	2	2	2	2	1	1	2	2	4	4
M067934_M694_1B	0	0	2	4	2	2	1	2	3	4	3	4	2	4	3	3	3	3	2	2	4	2	0	0	1	3	1	3	3	4	3	3	1	2	1	1	1	2	2	2	1	4	2	4	3	4	4	2	1	1	2	4	2	2	2	3	0	0	3	3	3	2	1	2	4	4	3	3	1	2	3	3	1	2	2	4	2	2	3	4	1	3	1	3	1	1	1	3	1	3	3	3	1	2	3	4	0	0	0	0	4	4	2	2	3	3	1	4	2	2	3	3	1	2	1	3	1	3	1	2	0	0	1	1	1	3	1	3	0	0	2	2	2	2	3	4	4	2	1	1	1	3	0	0	2	4	1	3	1	4	1	3	1	3	2	2	2	2	1	4	2	4	4	2	2	2	3	3	1	4	0	0	2	3	1	3	1	1	2	4	1	1	2	2	4	2	3	3	4	2	3	3
M067942_M694_2B	0	0	2	4	2	2	2	2	3	3	3	3	4	4	1	1	3	3	2	2	4	4	0	0	1	3	1	1	3	3	3	3	1	2	1	1	1	2	2	2	1	1	4	4	4	4	4	2	1	1	2	2	2	2	3	3	0	0	3	3	3	2	1	1	4	4	3	3	1	1	3	3	0	0	4	4	1	2	3	4	3	3	3	3	1	4	3	3	3	3	3	3	2	2	3	3	0	0	0	0	4	4	2	2	3	3	1	1	2	2	3	3	1	2	3	3	1	3	2	2	0	0	1	1	1	1	1	3	0	0	4	4	2	2	3	3	2	2	1	1	3	3	0	0	2	2	3	3	4	4	3	3	3	3	2	4	2	2	1	1	2	2	2	2	2	3	3	3	1	1	0	0	2	3	3	3	1	1	2	4	3	3	2	2	2	2	1	1	2	2	3	4
M067950_M694_3B	0	0	4	4	2	2	2	2	3	3	3	4	2	2	1	3	3	3	2	2	4	4	0	0	3	3	1	1	3	3	3	3	1	1	1	1	1	2	2	2	1	1	4	4	4	4	4	2	1	1	2	2	2	2	3	3	0	0	3	3	3	3	1	1	4	4	3	3	1	2	3	3	0	0	4	4	2	2	3	3	3	3	3	3	1	4	3	3	3	3	3	3	2	2	3	3	0	0	0	0	1	4	2	2	3	3	1	1	2	2	3	3	1	2	3	3	1	3	2	2	0	0	1	1	1	1	1	3	0	0	4	4	2	2	3	3	2	2	1	1	3	3	0	0	2	2	3	3	4	4	3	3	3	3	2	2	1	2	1	1	2	2	2	2	2	3	3	3	1	1	0	0	2	3	3	3	1	1	2	4	1	3	1	2	2	2	1	1	2	2	4	4
M067646_M691_1B	0	0	2	4	2	4	2	2	3	3	3	4	2	4	1	3	3	4	2	2	4	4	0	0	3	3	1	1	3	3	3	3	2	2	1	1	1	2	0	0	1	1	4	4	4	4	4	2	1	1	2	2	2	2	3	3	0	0	3	3	3	3	1	1	4	4	3	3	1	2	3	3	1	2	4	4	1	2	3	3	3	3	3	3	1	1	3	3	3	3	3	3	2	2	3	3	0	0	0	0	4	4	2	2	3	3	1	1	4	2	1	1	2	2	3	3	1	3	2	2	0	0	1	1	1	1	1	1	0	0	4	4	2	2	3	3	2	2	1	1	3	3	0	0	2	2	3	3	4	4	3	3	3	3	4	4	1	2	1	1	2	2	2	2	2	3	3	3	1	1	0	0	3	3	3	3	1	3	4	4	1	3	1	1	2	2	1	1	2	2	3	3
M067654_M691_2B	0	0	4	4	2	2	1	1	3	4	3	3	2	4	1	1	3	3	2	2	4	2	0	0	3	3	1	3	3	3	3	3	2	2	1	1	2	2	2	2	1	4	2	4	3	4	4	2	1	1	2	2	2	2	3	3	0	0	3	3	3	2	1	2	4	4	3	3	1	2	3	3	1	1	4	4	2	2	3	4	3	3	1	3	1	1	1	3	1	3	1	3	1	2	3	4	0	0	0	0	1	4	2	3	1	3	1	4	2	2	3	3	2	2	1	3	1	3	1	2	0	0	1	1	1	3	1	1	0	0	2	2	2	2	3	4	4	2	1	1	1	3	0	0	2	4	1	3	1	4	3	3	3	3	2	2	2	2	1	4	2	4	4	2	2	2	3	3	1	4	0	0	3	3	1	3	1	1	4	4	1	1	1	2	4	2	3	3	4	2	0	0
M067662_M691_3B	0	0	4	4	2	4	1	2	3	4	3	4	2	4	1	3	3	3	2	2	4	2	0	0	1	3	1	3	3	4	3	3	2	2	1	4	1	2	2	2	1	4	2	4	3	3	4	2	1	1	2	2	2	2	2	3	0	0	3	3	3	3	1	2	4	4	3	3	1	2	1	3	1	2	4	4	2	2	3	4	3	3	1	3	1	4	1	3	1	3	3	3	1	2	3	4	0	0	0	0	4	4	2	2	1	3	1	4	2	2	1	1	1	2	1	3	3	3	1	2	0	0	1	2	1	3	1	3	0	0	2	2	2	2	3	4	4	2	1	1	1	3	0	0	2	4	1	3	1	4	1	3	3	3	2	2	1	2	1	1	2	4	4	2	2	3	3	3	1	4	0	0	2	3	1	3	1	1	2	4	1	1	1	1	4	2	3	3	4	2	3	3
M070895_M715_1B	0	0	2	2	2	2	2	2	3	3	3	3	4	4	1	1	3	3	2	2	4	4	0	0	1	3	1	1	3	3	3	3	1	2	1	1	1	1	2	2	1	1	4	4	4	4	2	2	1	1	2	2	2	2	3	3	0	0	3	3	3	2	1	1	4	4	3	3	1	1	3	3	0	0	4	4	1	1	0	0	3	3	3	3	0	0	3	3	3	3	3	3	2	2	3	3	0	0	0	0	4	4	2	2	3	3	1	1	0	0	1	3	1	1	3	3	3	3	2	2	0	0	1	1	1	1	1	3	0	0	4	4	2	2	3	3	2	2	1	3	3	3	0	0	2	2	3	3	4	4	3	3	3	3	4	4	1	1	1	1	2	2	2	2	2	3	3	3	1	1	0	0	2	2	3	3	1	3	2	2	1	1	1	2	2	2	1	1	2	2	0	0
M070903_M715_2B	0	0	2	2	2	4	2	2	3	3	3	3	2	2	1	3	3	3	2	2	4	4	0	0	1	1	1	1	3	3	3	3	2	2	1	1	1	2	2	2	1	1	4	4	4	4	4	2	1	1	2	2	2	2	3	3	0	0	3	3	3	2	1	1	4	4	3	3	1	1	3	3	0	0	4	4	1	2	3	3	3	3	3	3	1	1	3	3	3	3	3	3	2	2	3	3	0	0	0	0	4	4	2	2	3	3	1	1	2	2	3	3	1	1	3	3	3	3	2	2	0	0	1	1	1	1	1	3	0	0	4	4	0	0	3	3	2	2	1	3	3	3	0	0	2	2	3	3	4	4	3	3	3	3	4	4	1	1	1	1	2	2	2	2	2	3	3	3	1	1	0	0	2	2	3	3	1	1	2	4	1	1	2	2	2	2	1	1	2	2	3	4
M070911_M715_3B	0	0	2	4	2	4	2	2	3	3	3	3	2	4	1	3	3	3	2	2	4	4	0	0	1	3	1	1	3	3	3	3	1	2	1	1	1	1	2	2	1	1	4	4	4	4	2	2	1	2	2	2	2	2	3	3	0	0	3	3	3	2	1	1	4	4	3	3	1	1	3	3	2	2	4	4	2	2	4	4	3	3	3	3	0	0	3	3	3	3	3	3	2	2	3	3	0	0	0	0	4	4	2	2	3	3	1	1	0	0	3	3	1	1	3	3	3	3	2	2	0	0	1	1	1	1	3	3	0	0	4	4	2	2	3	3	2	2	1	3	3	3	0	0	2	2	3	3	4	4	3	3	3	3	2	2	1	1	1	1	2	2	2	2	2	3	3	3	1	1	0	0	0	0	3	3	1	1	2	2	1	1	2	2	2	2	1	1	2	2	3	3
M070512_M711_1C	0	0	2	4	2	2	1	2	3	4	4	4	2	4	3	3	3	3	2	2	4	2	0	0	1	3	1	3	3	4	3	3	1	2	1	4	1	2	2	2	1	4	2	4	3	4	4	2	1	1	2	4	2	2	2	3	0	0	3	3	3	2	1	2	4	4	0	0	1	2	3	3	1	2	4	4	1	1	4	4	1	3	1	3	1	1	1	3	1	3	1	3	1	2	3	4	0	0	0	0	1	4	2	2	3	3	1	4	2	2	1	3	1	2	3	3	1	1	1	2	0	0	1	2	1	3	1	3	0	0	2	2	2	2	3	4	4	2	1	1	1	3	0	0	2	4	1	3	1	4	1	3	1	3	2	4	2	2	1	4	2	4	4	2	2	3	3	3	1	4	0	0	2	3	1	3	1	3	2	4	1	1	2	2	4	2	3	3	4	2	3	3
M070520_M711_2C	0	0	2	2	2	2	2	2	3	4	3	4	2	2	1	3	3	4	2	2	4	4	0	0	1	1	1	1	3	3	3	3	1	1	1	1	1	1	2	2	1	1	4	4	4	4	2	2	1	1	2	2	2	2	3	3	0	0	3	3	2	2	1	1	4	4	3	3	1	1	3	3	2	2	4	4	1	2	3	4	3	3	3	3	1	1	3	3	3	3	3	3	2	2	3	3	0	0	0	0	1	4	2	2	3	3	1	1	2	2	1	1	1	1	3	3	1	3	2	2	0	0	1	1	1	1	3	3	0	0	4	4	2	2	3	3	2	2	1	1	3	3	0	0	2	2	3	3	4	4	3	3	3	3	4	4	2	2	1	1	2	2	2	2	3	3	3	3	1	1	0	0	2	2	3	3	1	3	2	2	1	1	1	2	2	2	1	1	2	2	4	4
M070528_M711_3C	0	0	2	2	2	2	2	2	4	4	3	4	2	2	3	3	3	3	2	2	4	4	0	0	1	1	1	1	3	3	3	3	1	1	1	1	1	2	2	2	1	1	4	4	4	4	2	2	1	2	2	2	2	2	3	3	0	0	3	3	2	2	1	1	4	4	3	3	1	1	3	3	2	2	4	4	1	1	4	4	3	3	3	3	1	1	3	3	3	3	3	3	2	2	3	3	0	0	0	0	1	4	2	2	3	3	1	1	2	2	1	1	1	1	3	3	3	3	2	2	0	0	1	1	1	1	1	3	0	0	4	4	4	2	3	3	2	2	1	1	3	3	0	0	2	2	3	3	4	4	3	3	3	3	4	4	2	2	1	1	2	2	2	2	3	3	3	3	1	1	0	0	2	2	3	3	1	1	2	2	1	1	1	2	2	2	1	1	2	2	4	4
M067935_M694_1C	0	0	2	4	2	4	2	2	3	3	3	4	2	2	0	0	3	3	2	2	4	4	0	0	1	1	1	1	3	3	3	3	1	2	1	1	1	2	2	2	1	1	4	4	4	4	2	2	1	1	2	2	2	2	3	3	0	0	3	3	3	2	1	1	4	4	3	3	1	1	3	3	0	0	4	4	2	2	3	3	3	3	3	3	1	1	3	3	3	3	3	3	2	2	3	3	0	0	0	0	4	4	2	2	3	3	1	1	2	2	3	3	1	2	3	3	1	1	0	0	0	0	1	1	1	1	1	3	0	0	4	4	4	2	3	3	2	2	1	1	3	3	0	0	2	2	3	3	4	4	3	3	3	3	0	0	2	2	1	1	2	2	2	2	2	2	3	3	1	1	0	0	2	3	3	3	1	1	2	4	1	1	2	2	2	2	1	1	2	2	3	4
M067943_M694_2C	0	0	2	4	2	4	2	2	3	3	3	3	2	2	1	1	3	3	2	2	4	4	0	0	3	3	1	1	3	3	3	3	2	2	1	1	1	2	2	2	1	1	4	4	4	4	4	2	1	1	2	2	2	2	3	3	0	0	3	3	3	2	1	1	4	4	3	3	1	1	3	3	1	2	4	4	2	2	3	3	3	3	3	3	1	4	3	3	3	3	3	3	2	2	3	3	0	0	0	0	4	4	2	2	3	3	1	1	2	2	1	3	1	2	3	3	3	3	2	2	0	0	1	1	1	1	1	3	0	0	4	4	2	2	3	3	2	2	1	1	3	3	0	0	2	2	3	3	4	4	3	3	3	3	2	4	2	2	1	4	2	2	2	2	2	3	3	3	1	1	0	0	2	3	3	3	1	1	2	4	1	3	1	1	2	2	1	1	2	2	3	4
M067951_M694_3C	0	0	4	4	2	2	1	1	3	4	3	3	2	4	1	3	3	4	2	2	4	2	0	0	3	3	1	3	3	4	3	3	1	2	1	1	1	2	2	2	1	4	2	4	3	4	4	2	1	1	2	2	2	2	2	3	0	0	3	3	3	3	1	2	4	4	3	3	1	2	3	3	1	2	4	4	2	2	3	4	3	3	1	3	1	1	1	3	1	3	1	3	1	2	3	4	0	0	0	0	1	4	2	3	3	3	1	4	4	2	3	3	1	2	1	3	1	3	1	2	0	0	1	1	1	3	1	3	0	0	2	4	2	2	3	4	0	0	1	1	1	3	0	0	2	4	1	3	1	4	3	3	1	3	2	2	1	2	1	4	2	4	4	4	2	2	3	3	1	4	0	0	2	3	1	3	1	3	2	4	1	1	2	2	4	2	3	3	4	2	3	3
M067647_M691_1C	0	0	4	4	2	2	2	2	3	3	3	3	2	4	3	3	3	3	2	2	4	4	0	0	3	3	1	1	3	3	3	3	2	2	1	1	1	2	2	2	1	1	4	4	4	4	4	2	1	1	2	2	2	2	3	3	0	0	3	3	3	3	1	1	4	4	0	0	1	1	3	3	1	2	4	4	1	2	3	3	3	3	3	3	1	1	3	3	3	3	3	3	2	2	3	3	0	0	0	0	4	4	2	2	3	3	1	1	2	2	3	3	1	2	3	3	3	3	2	2	0	0	1	1	1	1	1	3	0	0	4	4	2	2	3	3	2	2	1	1	3	3	0	0	2	2	3	3	4	4	3	3	3	3	2	4	2	2	1	1	2	2	2	2	2	2	3	3	1	1	0	0	2	3	3	3	1	1	2	4	1	3	2	2	2	2	1	1	2	2	3	3
M067655_M691_2C	0	0	2	4	2	2	2	2	3	3	3	4	2	2	1	1	3	4	2	2	4	4	0	0	1	3	1	1	3	3	3	3	1	2	1	1	1	1	2	2	1	1	4	4	4	4	4	2	1	1	2	2	2	2	3	3	0	0	3	3	3	2	1	1	4	4	3	3	1	2	3	3	2	2	4	4	1	1	3	3	3	3	3	3	1	1	3	3	3	3	3	3	2	2	3	3	0	0	0	0	4	4	2	2	3	3	1	1	2	2	3	3	1	2	3	3	1	1	2	2	0	0	1	1	1	1	1	3	0	0	4	4	2	2	3	3	2	2	1	1	3	3	0	0	2	2	3	3	4	4	3	3	3	3	4	4	1	2	1	1	2	2	2	2	2	3	3	3	1	1	0	0	2	3	3	3	1	1	2	4	3	3	1	1	2	2	1	1	2	2	3	4
M067663_M691_3C	0	0	2	2	2	2	2	2	3	4	3	4	2	2	3	3	3	3	2	2	4	4	0	0	1	1	1	1	3	3	3	3	1	1	1	1	1	2	2	2	1	1	4	4	4	4	4	2	1	1	2	2	2	2	3	3	0	0	3	3	3	2	1	1	4	4	3	3	1	2	3	3	2	2	4	4	1	1	3	3	3	3	3	3	1	1	3	3	3	3	3	3	2	2	3	3	0	0	0	0	4	4	2	2	3	3	1	1	4	2	1	1	1	2	3	3	1	3	2	2	0	0	1	1	1	1	1	3	0	0	4	4	2	2	3	3	2	2	1	1	3	3	0	0	2	2	3	3	4	4	3	3	3	3	4	4	1	2	1	1	2	2	2	2	2	2	3	3	1	1	0	0	2	3	3	3	1	1	2	4	1	3	1	2	2	2	1	1	2	2	4	4
M070896_M715_1C	0	0	2	4	4	4	2	2	3	3	3	3	2	2	1	3	3	3	2	2	4	4	0	0	3	3	1	1	3	3	3	3	1	2	1	1	1	2	2	2	1	1	4	4	4	4	2	2	1	1	2	2	2	2	3	3	0	0	3	3	3	3	1	1	4	4	3	3	1	1	3	3	0	0	4	4	1	2	3	3	3	3	3	3	1	1	3	3	3	3	3	3	2	2	3	3	0	0	0	0	4	4	2	2	3	3	1	1	2	2	3	3	1	2	3	3	1	3	2	2	0	0	1	1	1	1	1	3	0	0	4	4	2	2	3	3	2	2	1	1	3	3	0	0	2	2	3	3	4	4	3	3	3	3	4	4	1	1	1	1	2	2	2	2	2	2	3	3	1	1	0	0	2	3	3	3	1	1	2	4	1	1	1	1	2	2	1	1	2	2	3	3
M070904_M715_2C	0	0	2	4	4	4	1	2	3	3	3	3	2	4	3	3	3	3	2	2	4	4	0	0	1	3	1	1	3	3	3	3	2	2	1	1	1	1	2	2	1	1	4	4	4	4	2	2	1	1	2	2	2	2	3	3	0	0	3	3	2	2	1	1	4	4	3	3	1	1	3	3	2	2	4	4	2	2	4	4	3	3	3	3	1	1	3	3	3	3	3	3	2	2	3	3	0	0	0	0	4	4	2	2	3	3	1	1	2	2	3	3	1	1	3	3	1	3	2	2	0	0	1	1	1	1	3	3	0	0	4	4	2	2	3	3	2	2	1	3	3	3	0	0	2	2	3	3	4	4	3	3	3	3	0	0	1	2	1	1	2	2	2	2	2	3	3	3	1	1	0	0	2	2	3	3	1	1	2	2	1	1	1	1	2	2	1	1	2	2	3	3
M070912_M715_3C	0	0	2	4	2	2	2	2	3	3	3	3	4	4	1	1	3	3	2	2	4	4	0	0	1	3	1	1	3	3	3	3	1	2	1	1	1	1	2	2	1	1	4	4	4	4	2	2	1	1	2	2	2	2	3	3	0	0	3	3	3	2	1	1	4	4	3	3	1	1	3	3	2	2	4	4	1	1	3	3	3	3	3	3	1	1	3	3	3	3	3	3	2	2	3	3	0	0	0	0	4	4	2	2	3	3	1	1	4	2	3	3	1	1	3	3	3	3	2	2	0	0	1	1	1	1	1	1	0	0	4	4	2	2	3	3	2	2	1	1	3	3	0	0	2	2	3	3	4	4	3	3	3	3	4	4	2	2	1	1	2	2	2	2	2	3	3	3	1	1	0	0	2	2	3	3	1	3	2	2	1	1	1	1	2	2	1	1	2	2	3	3
M070513_M711_1D	0	0	2	4	2	4	1	2	3	4	3	4	2	4	3	3	3	3	2	2	4	2	0	0	1	3	1	3	3	4	3	3	1	2	1	1	1	2	2	2	1	4	2	4	3	4	4	2	1	1	2	4	2	2	2	3	0	0	3	3	3	2	1	2	4	4	3	3	1	2	1	3	1	2	2	4	2	2	3	4	1	3	1	3	1	1	1	3	1	3	3	3	1	2	3	4	0	0	0	0	4	4	2	3	3	3	1	4	2	2	1	3	1	2	3	3	1	3	1	2	0	0	1	1	1	3	1	3	0	0	2	2	2	2	3	4	4	2	1	3	1	3	0	0	2	4	1	3	1	1	1	3	1	3	2	2	2	2	1	4	2	4	4	2	2	3	3	3	1	4	0	0	2	3	1	3	1	3	2	4	1	1	2	2	4	2	3	3	4	2	3	3
M070521_M711_2D	0	0	2	2	2	2	2	2	3	3	3	3	2	2	3	3	3	3	2	2	4	4	0	0	1	1	1	1	3	3	3	3	1	1	1	1	1	1	2	2	1	1	4	4	4	4	2	2	1	1	2	2	2	2	3	3	0	0	3	3	2	2	1	1	4	4	3	3	1	1	3	3	2	2	4	4	1	2	3	4	3	3	3	3	1	4	3	3	3	3	3	3	2	2	3	3	0	0	0	0	1	4	2	2	3	3	1	1	2	2	1	1	1	1	3	3	1	1	2	2	0	0	1	1	1	1	3	3	0	0	4	4	2	2	3	3	2	2	1	3	3	3	0	0	2	2	3	3	4	4	3	3	3	3	4	4	2	2	1	1	2	2	2	2	2	3	3	3	1	1	0	0	2	2	3	3	1	1	2	2	1	1	1	1	2	2	1	1	2	2	4	4
M070529_M711_3D	0	0	2	4	2	4	1	2	3	4	3	4	4	4	1	3	3	3	2	2	4	2	0	0	1	3	1	3	3	4	3	3	1	2	1	1	1	2	2	2	1	4	2	4	3	4	4	2	1	1	2	4	2	2	3	3	0	0	3	3	3	3	1	2	4	4	3	3	1	2	1	3	1	2	2	4	1	2	3	4	1	3	1	3	1	1	1	3	1	3	3	3	1	2	3	4	0	0	0	0	1	4	2	2	3	3	1	4	4	2	3	3	1	2	1	3	1	3	1	2	0	0	1	1	1	3	1	3	0	0	2	4	2	2	3	4	4	2	1	1	1	3	0	0	2	4	1	3	1	4	1	3	1	3	2	4	2	2	1	4	2	4	4	2	2	3	3	3	1	4	0	0	2	3	1	3	1	1	2	4	1	1	1	2	4	2	3	3	4	2	3	3
M067936_M694_1D	0	0	2	4	2	2	1	2	3	3	3	4	2	4	1	3	3	3	2	2	4	4	0	0	1	3	1	1	3	3	3	3	1	2	1	1	1	2	2	2	1	1	4	4	4	4	2	2	1	1	2	2	2	2	3	3	0	0	3	3	3	3	1	1	4	4	3	3	1	2	3	3	1	1	4	4	2	2	3	3	3	3	3	3	1	4	3	3	3	3	3	3	2	2	3	3	0	0	0	0	1	4	2	2	3	3	1	1	2	2	3	3	1	2	3	3	3	3	2	2	0	0	1	1	1	1	1	1	0	0	4	4	2	2	3	3	2	2	1	1	3	3	0	0	2	2	3	3	4	4	3	3	3	3	2	2	2	2	1	1	2	2	2	2	2	2	3	3	1	1	0	0	2	3	3	3	1	3	2	4	1	3	2	2	2	2	1	1	2	2	3	4
M067944_M694_2D	0	0	2	4	2	2	2	2	3	3	3	3	2	2	1	3	3	3	2	2	4	4	0	0	3	3	1	1	3	3	3	3	1	2	1	1	1	1	2	2	1	1	4	4	4	4	2	2	1	1	2	2	2	2	3	3	0	0	3	3	2	2	1	1	4	4	3	3	1	1	3	3	2	2	4	4	2	2	3	3	3	3	3	3	1	1	3	3	3	3	3	3	2	2	3	3	0	0	0	0	1	4	2	2	3	3	1	1	4	2	1	3	1	1	3	3	1	1	2	2	0	0	1	1	1	1	3	3	0	0	4	4	2	2	3	3	2	2	1	3	3	3	0	0	2	2	3	3	4	4	3	3	3	3	0	0	1	2	1	1	2	2	2	2	2	2	3	3	1	1	0	0	2	2	3	3	1	1	2	2	1	1	2	2	2	2	1	1	2	2	3	3
M067952_M694_3D	0	0	4	4	2	2	1	1	3	4	3	3	2	4	1	3	3	3	2	2	4	2	0	0	1	3	1	3	3	4	3	3	1	2	1	4	1	2	2	2	1	4	2	4	3	4	4	2	1	1	2	4	2	2	3	3	0	0	3	3	3	2	1	2	4	4	0	0	1	2	1	3	1	1	2	4	1	2	3	4	1	3	1	3	1	4	1	3	1	3	3	3	2	2	3	4	0	0	0	0	4	4	2	2	3	3	1	4	4	2	3	3	1	2	1	3	1	3	1	2	0	0	1	1	1	3	1	3	0	0	2	2	2	2	3	4	4	2	1	1	1	3	0	0	2	4	1	3	1	4	1	3	1	3	2	4	1	1	1	4	2	4	4	2	2	3	3	3	1	4	0	0	2	3	1	3	1	1	2	4	1	1	1	1	4	2	3	3	4	2	3	3
M067648_M691_1D	0	0	2	4	2	4	2	2	3	3	4	4	4	4	1	1	3	4	2	2	4	4	0	0	3	3	1	1	3	3	3	3	1	2	1	1	1	2	2	2	1	1	4	4	4	4	2	2	1	1	2	2	2	2	3	3	0	0	3	3	3	3	1	1	4	4	3	3	1	1	3	3	1	2	4	4	2	2	3	3	3	3	3	3	1	1	3	3	3	3	3	3	2	2	3	3	0	0	0	0	1	4	2	2	3	3	1	1	4	2	3	3	1	2	3	3	1	1	2	2	0	0	1	1	1	1	1	3	0	0	4	4	2	2	3	3	2	2	1	1	3	3	0	0	2	2	3	3	4	4	3	3	3	3	2	2	1	2	1	1	2	2	2	2	2	3	3	3	1	1	0	0	2	3	3	3	1	1	2	4	1	1	2	2	2	2	1	1	2	2	3	3
M067656_M691_2D	0	0	4	4	4	4	2	2	3	3	3	4	4	4	1	3	3	3	2	2	4	4	0	0	3	3	1	1	3	3	3	3	1	1	1	1	1	2	2	2	1	1	4	4	4	4	4	2	1	1	2	2	2	2	3	3	0	0	3	3	3	3	1	1	4	4	3	3	1	1	3	3	1	2	4	4	2	2	3	3	3	3	3	3	1	1	3	3	3	3	3	3	2	2	3	3	0	0	0	0	1	1	2	2	3	3	1	1	2	2	3	3	1	2	3	3	1	1	2	2	0	0	1	1	1	1	1	3	0	0	4	4	2	2	3	3	2	2	1	1	3	3	0	0	2	2	3	3	4	4	3	3	3	3	2	2	2	2	1	1	2	2	2	2	3	3	3	3	1	1	0	0	2	3	3	3	1	1	2	4	1	3	2	2	2	2	1	1	2	2	3	3
M067664_M691_3D	0	0	2	4	2	4	2	2	3	3	3	4	2	4	1	3	3	4	2	2	4	4	0	0	3	3	1	1	3	3	3	3	1	2	1	1	1	2	0	0	1	1	4	4	4	4	2	2	1	1	2	2	2	4	3	3	0	0	3	3	3	3	1	1	4	4	3	3	1	1	3	3	1	2	4	4	1	2	3	3	3	3	3	3	1	1	3	3	3	3	3	3	2	2	3	3	0	0	0	0	1	4	2	2	3	3	1	1	4	2	1	3	1	2	3	3	1	3	2	2	0	0	1	1	1	1	3	3	0	0	4	4	2	2	3	3	2	2	1	1	3	3	0	0	2	2	3	3	4	4	3	3	3	3	4	4	2	2	1	1	2	2	2	2	3	3	3	3	1	1	0	0	2	3	3	3	1	3	2	4	1	3	2	2	2	2	1	1	2	2	3	3
M070897_M715_1D	0	0	2	4	2	4	2	2	3	3	3	3	2	2	1	1	3	3	2	2	4	4	0	0	1	3	1	1	3	3	3	3	2	2	1	1	1	2	2	2	1	1	4	4	4	4	2	2	1	1	2	2	2	2	3	3	0	0	3	3	3	2	1	1	4	4	3	3	1	1	3	3	2	2	4	4	1	2	3	4	3	3	3	3	1	4	3	3	3	3	3	3	2	2	3	3	0	0	0	0	4	4	2	2	3	3	1	1	4	2	1	3	1	1	3	3	3	3	2	2	0	0	1	1	1	1	1	3	0	0	4	4	2	2	3	3	2	2	1	1	3	3	0	0	2	2	3	3	4	4	3	3	3	3	4	4	1	2	1	1	2	2	2	2	2	2	3	3	1	1	0	0	2	2	3	3	1	1	2	2	1	3	2	2	2	2	1	1	2	2	4	4
M070905_M715_2D	0	0	2	4	2	4	2	2	3	3	3	3	2	4	1	3	3	3	2	2	4	4	0	0	1	3	1	1	3	3	3	3	1	2	1	1	1	1	2	2	1	1	4	4	4	4	2	2	1	1	2	2	2	2	3	3	0	0	3	3	3	2	1	1	4	4	3	3	1	1	3	3	2	2	4	4	1	2	3	3	3	3	3	3	1	1	3	3	3	3	3	3	2	2	3	3	0	0	0	0	4	4	2	2	3	3	1	1	4	2	3	3	1	1	3	3	3	3	2	2	0	0	1	1	1	1	1	3	0	0	4	4	2	2	3	3	2	2	1	1	3	3	0	0	2	2	3	3	4	4	3	3	3	3	4	4	1	2	1	1	2	2	2	2	2	3	3	3	1	1	0	0	2	2	3	3	1	3	2	2	1	3	2	2	2	2	1	1	2	2	3	4
M070913_M715_3D	0	0	4	4	4	4	2	2	3	3	3	3	2	4	1	3	3	3	2	2	4	4	0	0	3	3	1	1	3	3	3	3	1	1	1	1	1	1	2	2	1	1	4	4	4	4	2	2	1	1	2	2	2	2	3	3	0	0	3	3	3	2	1	1	4	4	3	3	1	1	3	3	2	2	4	4	2	2	3	4	3	3	3	3	1	4	3	3	3	3	3	3	2	2	3	3	0	0	0	0	4	4	2	2	3	3	1	1	2	2	3	3	1	2	3	3	3	3	2	2	0	0	1	1	1	1	1	3	0	0	4	4	2	2	3	3	2	2	1	1	3	3	0	0	2	2	3	3	4	4	3	3	3	3	2	2	1	1	1	1	2	2	2	2	2	3	3	3	1	1	0	0	2	3	3	3	1	3	2	2	1	3	1	1	2	2	1	1	2	2	0	0
M070514_M711_1E	0	0	2	4	2	2	1	2	3	4	3	3	2	4	1	3	3	3	2	2	4	4	0	0	1	3	1	1	3	3	3	3	1	1	1	1	1	1	2	2	1	1	4	4	4	4	2	2	1	1	2	2	2	4	3	3	0	0	3	3	3	2	1	1	4	4	3	3	1	1	3	3	2	2	4	4	1	1	3	3	3	3	3	3	1	1	3	3	3	3	3	3	2	2	3	3	0	0	0	0	1	4	2	2	3	3	1	1	2	2	1	3	1	1	3	3	3	3	2	2	0	0	1	1	1	1	3	3	0	0	4	4	2	2	3	3	2	2	1	3	3	3	0	0	2	2	3	3	4	4	3	3	3	3	4	4	2	2	1	1	2	2	2	2	2	3	3	3	1	1	0	0	2	2	3	3	1	3	2	2	1	1	2	2	2	2	1	1	2	2	3	4
M070522_M711_2E	0	0	2	4	2	2	2	2	3	4	3	4	2	2	1	3	3	3	2	2	4	4	0	0	1	1	1	1	3	3	3	3	1	1	1	1	1	1	2	2	1	1	4	4	4	4	2	2	1	2	2	2	2	2	3	3	0	0	3	3	3	2	1	1	4	4	3	3	1	1	3	3	2	2	4	4	1	1	3	4	3	3	3	3	1	1	3	3	3	3	3	3	2	2	3	3	0	0	0	0	1	4	2	2	3	3	1	1	2	2	1	1	1	1	3	3	1	3	2	2	0	0	1	1	1	1	3	3	0	0	4	4	2	2	3	3	2	2	1	3	3	3	0	0	2	2	3	3	4	4	3	3	3	3	4	4	2	2	1	1	2	2	2	2	3	3	3	3	1	1	0	0	2	2	3	3	1	1	2	2	1	1	2	2	2	2	1	1	2	2	3	4
M070530_M711_3E	0	0	2	2	2	4	2	2	3	4	4	4	2	2	3	3	3	3	2	2	4	4	0	0	1	1	1	1	3	3	3	3	1	1	1	1	1	1	2	2	1	1	4	4	4	4	2	2	1	1	2	2	2	2	3	3	0	0	3	3	2	2	1	1	4	4	3	3	1	1	3	3	2	2	4	4	1	1	3	3	3	3	3	3	1	1	3	3	3	3	3	3	2	2	3	3	0	0	0	0	1	4	2	2	3	3	1	1	2	2	1	1	1	1	3	3	1	3	2	2	0	0	1	1	1	1	3	3	0	0	4	4	2	2	3	3	2	2	1	3	3	3	0	0	2	2	3	3	4	4	3	3	3	3	4	4	2	2	1	1	2	2	2	2	3	3	3	3	1	1	0	0	2	2	3	3	1	1	2	2	1	1	2	2	2	2	1	1	2	2	3	4
M067937_M694_1E	0	0	2	4	2	2	1	1	3	4	4	4	2	4	1	1	3	3	2	2	4	2	0	0	1	3	1	3	3	4	3	3	1	2	1	1	1	2	2	2	1	4	2	4	3	4	4	2	1	1	2	2	2	2	2	3	0	0	3	3	3	3	1	2	4	4	3	3	1	2	1	3	1	2	2	4	1	2	3	4	1	3	1	3	1	1	1	3	1	3	3	3	1	2	3	4	0	0	0	0	4	4	2	2	3	3	1	4	4	2	3	3	1	2	1	3	1	3	1	2	0	0	1	1	1	3	1	3	0	0	2	4	2	2	3	4	4	2	1	1	1	3	0	0	2	4	1	3	1	4	1	3	1	3	2	4	1	2	1	4	2	4	4	2	2	3	3	3	1	4	0	0	2	3	1	3	1	3	2	4	1	1	1	2	4	2	3	3	4	2	3	3
M067945_M694_2E	0	0	4	4	2	2	2	2	3	3	3	4	2	2	1	3	3	3	2	2	4	4	0	0	1	3	1	1	3	3	3	3	1	2	1	1	1	1	2	2	1	1	4	4	4	4	4	2	1	1	2	2	2	2	3	3	0	0	3	3	3	2	1	1	4	4	3	3	1	2	3	3	0	0	4	4	1	2	3	4	3	3	3	3	1	1	3	3	3	3	3	3	2	2	3	3	0	0	0	0	1	4	2	2	3	3	1	1	4	2	3	3	1	2	3	3	1	3	2	2	0	0	1	1	1	1	3	3	0	0	4	4	2	2	3	3	2	2	1	1	3	3	0	0	2	2	3	3	4	4	3	3	3	3	4	4	2	2	1	1	2	2	2	2	2	3	3	3	1	1	0	0	2	3	3	3	1	1	2	4	1	3	2	2	2	2	1	1	2	2	3	3
M067953_M694_3E	0	0	4	4	2	2	1	1	4	4	3	4	4	4	1	3	3	3	2	2	2	2	0	0	3	3	3	3	4	4	3	3	2	2	1	4	2	2	2	2	4	4	2	2	3	3	4	4	1	1	2	4	2	2	2	2	0	0	3	3	3	3	2	2	4	4	3	3	2	2	1	3	1	1	2	4	2	2	4	4	1	3	1	1	1	4	1	1	1	1	3	3	1	1	4	4	0	0	0	0	4	4	2	2	1	3	4	4	4	2	3	3	2	2	1	1	1	3	1	1	0	0	1	2	3	3	1	1	0	0	2	2	2	2	4	4	4	4	1	1	1	1	0	0	4	4	1	1	1	1	1	1	1	1	2	2	2	2	1	4	4	4	4	4	2	2	3	3	4	4	0	0	3	3	1	1	1	1	4	4	1	1	1	1	4	4	3	3	4	4	3	3
M067649_M691_1E	0	0	4	4	2	2	2	2	3	3	3	3	2	4	3	3	3	3	2	2	4	4	0	0	3	3	1	1	3	3	3	3	2	2	1	1	1	2	2	2	1	1	4	4	4	4	4	2	1	1	2	2	2	2	3	3	0	0	3	3	3	3	1	1	4	4	0	0	1	1	3	3	1	2	4	4	1	2	3	3	3	3	3	3	1	1	3	3	3	3	3	3	2	2	3	3	0	0	0	0	4	4	2	2	3	3	1	1	2	2	3	3	1	2	3	3	3	3	2	2	0	0	1	1	1	1	1	3	0	0	4	4	2	2	3	3	2	2	1	1	3	3	0	0	2	2	3	3	4	4	3	3	3	3	2	4	2	2	1	1	2	2	2	2	2	2	3	3	1	1	0	0	2	3	3	3	1	1	2	4	1	3	2	2	2	2	1	1	2	2	3	3
M067657_M691_2E	0	0	4	4	2	4	1	1	3	4	3	4	2	4	1	3	3	3	2	2	4	2	0	0	3	3	1	3	3	4	3	3	1	2	1	1	1	2	2	2	1	4	2	4	3	4	4	2	1	1	2	4	2	2	2	3	0	0	3	3	3	3	1	2	4	4	3	3	1	2	1	3	1	2	2	4	2	2	3	4	1	3	1	3	1	1	1	3	1	3	3	3	1	2	3	4	0	0	0	0	4	4	2	2	3	3	1	4	4	2	3	3	1	2	1	3	3	3	1	2	0	0	1	1	1	3	1	3	0	0	2	4	4	2	3	4	4	2	1	1	1	3	0	0	2	4	1	3	1	4	1	3	1	3	2	2	1	1	1	4	2	4	4	2	2	2	3	3	1	4	0	0	2	3	1	3	1	1	2	4	1	3	2	2	4	2	3	3	4	2	0	0
M067665_M691_3E	0	0	2	4	2	2	2	2	3	3	3	4	2	2	1	1	3	4	2	2	4	4	0	0	1	3	1	1	3	3	3	3	1	2	1	1	1	1	2	2	1	1	4	4	4	4	4	2	1	1	2	2	2	2	3	3	0	0	3	3	3	2	1	1	4	4	3	3	1	2	3	3	2	2	4	4	1	1	3	3	3	3	3	3	1	1	3	3	3	3	3	3	2	2	3	3	0	0	0	0	4	4	2	2	3	3	1	1	2	2	3	3	1	2	3	3	1	1	2	2	0	0	1	1	1	1	1	3	0	0	4	4	2	2	3	3	2	2	1	1	3	3	0	0	2	2	3	3	4	4	3	3	3	3	4	4	1	2	1	1	2	2	2	2	2	3	3	3	1	1	0	0	2	3	3	3	1	1	2	4	3	3	1	1	2	2	1	1	2	2	3	4
M070898_M715_1E	0	0	2	2	2	4	0	0	3	3	4	4	2	4	1	3	3	3	2	2	4	4	0	0	1	1	1	1	3	3	3	3	1	2	1	1	1	2	2	2	1	1	4	4	4	4	2	2	1	1	2	2	2	2	3	3	0	0	3	3	3	3	1	1	4	4	3	3	1	1	3	3	1	2	4	4	2	2	3	4	3	3	3	3	1	1	3	3	3	3	3	3	2	2	3	3	0	0	0	0	4	4	2	2	3	3	1	1	4	2	3	3	1	2	3	3	3	3	2	2	0	0	1	1	1	1	1	3	0	0	4	4	2	2	3	3	2	2	1	1	3	3	0	0	2	2	3	3	4	4	3	3	3	3	2	4	1	1	1	1	2	2	2	2	2	2	3	3	1	1	0	0	2	3	3	3	1	1	2	4	1	1	1	1	2	2	1	1	2	2	3	3
M070906_M715_2E	0	0	4	4	2	2	1	2	3	4	3	3	2	4	1	1	3	3	2	2	4	2	0	0	3	3	1	3	3	4	3	3	1	2	1	1	1	2	2	2	1	4	2	4	3	4	4	2	1	1	2	2	2	2	3	3	0	0	3	3	3	3	1	2	4	4	3	3	1	2	3	3	1	2	2	4	2	2	4	4	3	3	1	3	1	1	1	3	1	3	1	3	1	2	3	4	0	0	0	0	4	4	2	3	3	3	1	4	2	2	3	3	1	2	3	3	3	3	1	2	0	0	1	1	1	3	1	3	0	0	2	4	2	2	3	4	4	2	1	1	1	3	0	0	2	4	1	3	1	4	3	3	1	3	2	2	1	2	1	1	2	4	4	2	2	2	3	3	1	4	0	0	2	3	1	3	1	1	2	4	1	3	2	2	4	2	3	3	4	2	0	0
M070914_M715_3E	0	0	4	4	2	4	1	1	3	3	3	3	2	4	1	1	3	3	2	2	4	4	0	0	1	3	1	1	3	3	3	3	1	2	1	1	1	1	2	2	1	1	4	4	4	4	2	2	1	1	2	2	2	2	3	3	0	0	3	3	3	2	1	1	4	4	3	3	1	1	3	3	2	2	4	4	1	2	3	3	3	3	3	3	1	4	3	3	3	3	3	3	2	2	3	3	0	0	0	0	4	4	2	2	3	3	1	1	2	2	1	3	1	1	3	3	3	3	2	2	0	0	1	1	1	1	1	3	0	0	4	4	2	2	3	3	2	2	1	1	3	3	0	0	2	2	3	3	4	4	3	3	3	3	4	4	1	2	1	1	2	2	2	2	3	3	3	3	1	1	0	0	2	2	3	3	1	3	2	2	1	1	2	2	2	2	1	1	2	2	0	0
M070515_M711_1F	0	0	2	2	2	4	2	2	3	3	3	4	2	2	3	3	3	3	2	2	4	4	0	0	1	1	1	1	3	3	3	3	1	1	1	1	1	1	2	2	1	1	4	4	4	4	2	2	1	1	2	2	2	2	3	3	0	0	3	3	2	2	1	1	4	4	3	3	1	1	3	3	2	2	4	4	1	2	4	4	3	3	3	3	1	4	3	3	3	3	3	3	2	2	3	3	0	0	0	0	4	4	2	2	3	3	1	1	2	2	1	3	1	1	3	3	1	3	2	2	0	0	1	1	1	1	3	3	0	0	4	4	2	2	3	3	2	2	1	3	3	3	0	0	2	2	3	3	4	4	3	3	3	3	4	4	2	2	1	1	2	2	2	2	2	3	3	3	1	1	0	0	2	2	3	3	1	3	2	2	1	1	2	2	2	2	1	1	2	2	4	4
M070523_M711_2F	0	0	2	2	2	2	2	2	3	3	3	4	2	4	3	3	3	3	2	2	4	4	0	0	1	1	1	1	3	3	3	3	1	1	1	1	1	1	2	2	1	1	4	4	4	4	2	2	1	1	2	2	2	2	3	3	0	0	3	3	3	2	1	1	4	4	3	3	1	1	3	3	2	2	4	4	1	1	3	4	3	3	3	3	1	1	3	3	3	3	3	3	2	2	3	3	0	0	0	0	4	4	2	2	3	3	1	1	2	2	1	3	1	1	3	3	1	3	2	2	0	0	1	1	1	1	3	3	0	0	4	4	2	2	3	3	2	2	3	3	3	3	0	0	2	2	3	3	4	4	3	3	3	3	4	4	2	2	1	1	2	2	2	2	2	3	3	3	1	1	0	0	2	2	3	3	1	3	2	2	1	1	2	2	2	2	1	1	2	2	3	4
M070531_M711_3F	0	0	2	2	2	2	2	2	3	4	3	4	2	2	3	3	3	3	2	2	4	4	0	0	1	1	1	1	3	3	3	3	1	1	1	1	1	1	2	2	1	1	4	4	4	4	2	2	1	2	2	2	2	4	3	3	0	0	3	3	2	2	1	1	4	4	3	3	1	1	3	3	2	2	4	4	1	1	3	4	3	3	3	3	1	1	3	3	3	3	3	3	2	2	3	3	0	0	0	0	4	4	2	2	3	3	1	1	2	2	1	1	1	1	3	3	1	3	2	2	0	0	1	1	1	1	3	3	0	0	4	4	2	2	3	3	2	2	1	1	3	3	0	0	2	2	3	3	4	4	3	3	3	3	4	4	2	2	1	1	2	2	2	2	3	3	3	3	1	1	0	0	2	2	3	3	1	1	2	4	1	1	2	2	2	2	1	1	2	2	0	0
M067938_M694_1F	0	0	2	2	2	4	2	2	3	3	3	3	2	4	1	1	3	4	2	2	4	4	0	0	1	3	1	1	3	3	3	3	1	1	1	1	1	1	2	2	1	1	4	4	4	4	4	2	1	1	2	2	2	2	3	3	0	0	3	3	3	2	1	1	4	4	3	3	1	2	3	3	1	2	4	4	1	2	3	3	3	3	3	3	1	1	3	3	3	3	3	3	2	2	3	3	0	0	0	0	1	4	2	2	3	3	1	1	2	2	3	3	1	2	3	3	1	1	2	2	0	0	1	1	1	1	1	3	0	0	4	4	2	2	3	3	2	2	1	1	3	3	0	0	2	2	3	3	4	4	3	3	3	3	2	4	1	1	1	1	2	2	2	2	2	2	3	3	1	1	0	0	2	3	3	3	1	3	2	4	1	1	2	2	2	2	1	1	2	2	3	4
M067946_M694_2F	0	0	0	0	0	0	0	0	0	0	0	0	0	0	0	0	3	3	0	0	0	0	0	0	0	0	0	0	0	0	0	0	1	1	0	0	1	1	0	0	0	0	0	0	0	0	0	0	0	0	0	0	2	2	0	0	0	0	3	3	0	0	0	0	0	0	0	0	0	0	3	3	0	0	0	0	0	0	0	0	0	0	3	3	1	1	0	0	0	0	0	0	0	0	0	0	0	0	0	0	0	0	0	0	0	0	1	1	4	2	0	0	0	0	0	0	0	0	2	2	0	0	0	0	0	0	0	0	0	0	0	0	0	0	0	0	0	0	0	0	0	0	0	0	0	0	0	0	0	0	0	0	0	0	0	0	0	0	0	0	0	0	0	0	0	0	0	0	1	1	0	0	0	0	0	0	0	0	0	0	0	0	2	2	0	0	0	0	0	0	0	0
M067954_M694_3F	0	0	2	2	2	2	1	1	3	3	3	3	2	2	1	3	3	3	2	2	4	4	0	0	1	3	1	1	3	3	3	3	2	2	1	1	1	1	2	2	1	1	4	4	4	4	2	2	1	1	2	2	2	2	3	3	0	0	3	3	3	3	1	1	4	4	3	3	1	2	3	3	2	2	4	4	1	1	3	3	3	3	3	3	1	1	3	3	3	3	3	3	2	2	3	3	0	0	0	0	4	4	2	2	3	3	1	1	2	2	3	3	1	2	3	3	1	3	2	2	0	0	1	1	1	1	1	3	0	0	4	4	2	2	3	3	2	2	1	3	3	3	0	0	2	2	3	3	4	4	3	3	3	3	4	4	1	2	1	1	2	2	2	2	2	2	3	3	1	1	0	0	2	3	3	3	1	1	2	2	1	1	2	2	2	2	1	1	2	2	0	0
M067650_M691_1F	0	0	2	2	2	4	2	2	3	4	3	4	2	2	1	3	3	3	2	2	4	4	0	0	1	3	1	1	3	3	3	3	1	2	1	1	1	2	2	2	1	1	4	4	4	4	2	2	1	1	2	2	2	4	3	3	0	0	3	3	3	2	1	1	4	4	3	3	1	1	3	3	1	2	4	4	1	2	3	3	3	3	3	3	1	1	3	3	3	3	3	3	2	2	3	3	0	0	0	0	4	4	2	2	3	3	1	1	2	2	1	1	1	2	3	3	1	3	2	2	0	0	1	1	1	1	3	3	0	0	4	4	2	2	3	3	2	2	1	1	3	3	0	0	2	2	3	3	4	4	3	3	3	3	4	4	1	2	1	1	2	2	2	2	2	3	3	3	1	1	0	0	2	3	3	3	1	3	2	4	1	1	2	2	2	2	1	1	2	2	3	4
M067658_M691_2F	0	0	4	4	4	4	2	2	3	3	3	4	4	4	1	3	3	3	2	2	4	4	0	0	3	3	1	1	3	3	3	3	1	1	1	1	1	2	2	2	1	1	4	4	4	4	4	2	1	1	2	2	2	2	3	3	0	0	3	3	3	3	1	1	4	4	3	3	1	1	3	3	1	2	4	4	2	2	3	3	3	3	3	3	1	1	3	3	3	3	3	3	2	2	3	3	0	0	0	0	1	1	2	2	3	3	1	1	2	2	3	3	1	2	3	3	1	1	2	2	0	0	1	1	1	1	1	3	0	0	4	4	2	2	3	3	2	2	1	1	3	3	0	0	2	2	3	3	4	4	3	3	3	3	2	2	2	2	1	1	2	2	2	2	3	3	3	3	1	1	0	0	2	3	3	3	1	1	2	4	1	3	2	2	2	2	1	1	2	2	3	3
M067666_M691_3F	0	0	4	4	2	4	2	2	3	3	3	4	2	2	1	3	3	3	2	2	4	4	0	0	3	3	1	1	3	3	3	3	1	2	1	1	1	1	2	2	1	1	4	4	4	4	2	2	1	1	2	2	2	2	3	3	0	0	3	3	3	3	1	1	4	4	3	3	1	1	3	3	2	2	4	4	1	2	3	3	3	3	3	3	1	4	3	3	3	3	3	3	2	2	3	3	0	0	0	0	4	4	2	2	3	3	1	1	4	2	3	3	1	1	3	3	1	3	2	2	0	0	1	1	1	1	3	3	0	0	4	4	2	2	3	3	2	2	1	1	3	3	0	0	2	2	3	3	4	4	3	3	3	3	4	4	2	2	1	1	2	2	2	2	2	3	3	3	1	1	0	0	2	2	3	3	1	1	2	2	3	3	2	2	2	2	1	1	2	2	3	4
M070899_M715_1F	0	0	4	4	4	4	2	2	3	3	3	4	2	2	1	1	3	3	2	2	4	4	0	0	3	3	1	1	3	3	3	3	1	1	1	1	1	2	2	2	1	1	4	4	4	4	2	2	1	1	2	2	2	2	3	3	0	0	3	3	3	2	1	1	4	4	3	3	1	1	3	3	2	2	4	4	2	2	3	4	3	3	3	3	1	1	3	3	3	3	3	3	2	2	3	3	0	0	0	0	4	4	2	2	3	3	1	1	4	2	3	3	1	2	3	3	3	3	2	2	0	0	1	1	1	1	1	3	0	0	4	4	2	2	3	3	2	2	1	1	3	3	0	0	2	2	3	3	4	4	3	3	3	3	2	2	1	2	1	1	2	2	2	2	2	3	3	3	1	1	0	0	2	3	3	3	1	1	2	2	1	1	2	2	2	2	1	1	2	2	3	3
M070907_M715_2F	0	0	2	4	2	4	1	2	3	3	3	3	4	4	3	3	3	3	2	2	4	4	0	0	1	3	1	1	3	3	3	3	1	2	1	1	1	1	2	2	1	1	4	4	4	4	2	2	1	1	2	2	2	2	3	3	0	0	3	3	3	2	1	1	4	4	3	3	1	1	3	3	2	2	4	4	1	2	3	4	3	3	3	3	1	4	3	3	3	3	3	3	2	2	3	3	0	0	0	0	4	4	2	2	3	3	1	1	4	2	1	3	1	1	3	3	1	3	2	2	0	0	1	1	1	1	3	3	0	0	4	4	2	2	3	3	2	2	1	1	3	3	0	0	2	2	3	3	4	4	3	3	3	3	4	4	2	2	1	1	2	2	2	2	3	3	3	3	1	1	0	0	2	2	3	3	1	3	2	2	1	1	2	2	2	2	0	0	2	2	3	4
M070915_M715_3F	0	0	2	2	2	2	2	2	3	3	3	3	2	4	1	1	3	3	2	2	4	4	0	0	1	3	1	1	3	3	3	3	1	1	1	1	2	2	2	2	1	1	4	4	4	4	4	2	1	1	2	2	2	2	3	3	0	0	3	3	3	2	1	1	4	4	3	3	1	1	3	3	1	1	4	4	2	2	3	4	3	3	3	3	1	1	3	3	3	3	3	3	2	2	3	3	0	0	0	0	4	4	2	2	3	3	1	1	2	2	1	3	2	2	3	3	1	3	2	2	0	0	1	1	1	1	1	1	0	0	4	4	2	2	3	3	2	2	1	1	3	3	0	0	2	2	3	3	4	4	3	3	3	3	4	4	1	2	1	1	2	2	2	2	2	2	3	3	1	1	0	0	3	3	3	3	1	1	4	4	1	3	2	2	2	2	1	1	2	2	0	0
M070516_M711_1G	0	0	4	4	2	2	1	1	4	4	3	3	2	4	3	3	3	3	2	2	4	2	0	0	1	3	1	3	3	4	3	3	1	2	1	4	1	2	2	2	1	4	2	4	3	4	4	2	1	2	2	2	2	2	2	3	0	0	3	3	3	2	1	2	4	4	3	3	1	2	1	3	1	2	2	4	1	2	3	4	1	3	1	3	1	1	1	3	1	3	3	3	1	2	3	4	0	0	0	0	1	4	2	2	3	3	1	4	4	2	1	3	1	2	1	3	3	3	1	2	0	0	1	2	1	3	1	3	0	0	2	2	2	2	3	4	4	2	1	1	1	3	0	0	2	4	3	3	1	4	1	3	1	3	2	4	2	2	1	4	2	4	4	2	2	3	3	3	1	4	0	0	2	3	1	3	1	1	2	4	1	3	1	2	4	2	3	3	4	2	3	3
M070524_M711_2G	0	0	2	2	2	2	2	2	3	4	3	3	2	2	3	3	3	3	2	2	4	4	0	0	1	1	1	1	3	3	3	3	1	1	1	1	1	1	2	2	1	1	4	4	4	4	2	2	1	1	2	2	2	2	3	3	0	0	3	3	2	2	1	1	4	4	3	3	1	1	3	3	2	2	4	4	1	2	3	4	3	3	3	3	1	1	3	3	3	3	3	3	2	2	3	3	0	0	0	0	1	4	2	2	3	3	1	1	2	2	1	1	1	1	3	3	1	3	2	2	0	0	1	1	1	1	3	3	0	0	4	4	2	2	3	3	2	2	1	3	3	3	0	0	2	2	3	3	4	4	3	3	3	3	4	4	2	2	1	1	2	2	2	2	3	3	3	3	1	1	0	0	2	2	3	3	1	3	2	2	1	1	2	2	2	2	1	1	2	2	4	4
M070532_M711_3G	0	0	2	2	2	2	2	2	3	3	3	3	2	2	3	3	3	3	2	2	4	4	0	0	1	1	1	1	3	3	3	3	1	1	1	1	1	1	2	2	1	1	4	4	4	4	2	2	1	1	2	2	2	2	3	3	0	0	3	3	2	2	1	1	4	4	3	3	1	1	3	3	2	2	4	4	1	2	4	4	3	3	3	3	1	4	3	3	3	3	3	3	2	2	3	3	0	0	0	0	4	4	2	2	3	3	1	1	2	2	1	1	1	1	3	3	1	3	2	2	0	0	1	1	1	1	3	3	0	0	4	4	2	2	3	3	2	2	1	1	3	3	0	0	2	2	3	3	4	4	3	3	3	3	4	4	2	2	1	1	2	2	2	2	3	3	3	3	1	1	0	0	2	2	3	3	1	1	2	2	1	1	2	2	2	2	1	1	2	2	4	4
M067939_M694_1G	0	0	2	4	2	2	2	2	3	3	3	3	2	4	1	1	3	4	2	2	4	4	0	0	3	3	1	1	3	3	3	3	1	1	1	1	1	1	2	2	1	1	4	4	4	4	2	2	1	1	2	2	2	2	3	3	0	0	3	3	3	3	1	1	4	4	3	3	1	1	3	3	2	2	4	4	1	2	3	3	3	3	3	3	1	1	3	3	3	3	3	3	2	2	3	3	0	0	0	0	1	4	2	2	3	3	1	1	2	2	3	3	1	1	3	3	1	3	2	2	0	0	1	1	1	1	3	3	0	0	4	4	2	2	3	3	2	2	1	1	3	3	0	0	2	2	3	3	4	4	3	3	3	3	4	4	1	1	1	1	2	2	2	2	2	2	3	3	1	1	0	0	2	2	3	3	1	3	2	2	1	1	1	2	2	2	1	1	2	2	3	4
M067947_M694_2G	0	0	2	2	2	4	2	2	3	3	3	3	2	4	1	1	3	4	2	2	4	4	0	0	3	3	1	1	3	3	3	3	1	2	1	1	1	1	2	2	1	1	4	4	4	4	2	2	1	1	2	2	2	2	3	3	0	0	3	3	3	3	1	1	4	4	3	3	1	1	3	3	2	2	4	4	1	1	3	3	3	3	3	3	1	1	3	3	3	3	3	3	2	2	3	3	0	0	0	0	1	4	2	2	3	3	1	1	4	2	3	3	1	1	3	3	3	3	2	2	0	0	1	1	1	1	3	3	0	0	4	4	2	2	3	3	2	2	1	1	3	3	0	0	2	2	3	3	4	4	3	3	3	3	4	4	2	2	1	1	2	2	2	2	2	2	3	3	1	1	0	0	2	2	3	3	1	3	2	2	1	1	2	2	2	2	1	1	2	2	3	4
M067955_M694_3G	0	0	2	4	2	2	1	1	3	4	3	4	2	4	1	3	3	3	2	2	4	2	0	0	3	3	1	3	3	4	3	3	2	2	1	1	1	2	2	2	1	4	2	4	3	4	4	2	1	1	2	2	2	2	2	3	0	0	3	3	3	3	1	2	4	4	3	3	1	2	3	3	1	2	4	4	1	2	3	3	1	3	1	3	1	4	1	3	1	3	3	3	2	2	3	4	0	0	0	0	4	4	2	2	3	3	1	4	2	2	3	3	1	2	1	3	3	3	1	2	0	0	1	1	1	3	1	3	0	0	2	4	2	2	3	4	4	2	1	3	1	3	0	0	2	4	1	3	1	4	1	3	1	3	2	4	2	2	1	4	2	4	4	2	2	2	3	3	1	4	0	0	2	3	1	3	1	1	2	4	1	1	1	2	4	2	3	3	4	2	3	3
M067651_M691_1G	0	0	4	4	2	2	1	1	3	4	3	4	2	4	1	3	3	3	2	2	4	2	0	0	3	3	1	3	3	4	3	3	1	2	1	1	1	2	2	2	1	4	2	4	3	4	4	2	1	1	2	4	2	2	2	3	0	0	3	3	3	3	1	2	4	4	3	3	1	2	1	3	1	2	2	4	1	2	3	4	1	3	1	3	1	4	1	3	1	3	3	3	1	2	3	4	0	0	0	0	4	4	2	2	3	3	1	4	4	4	3	3	1	2	1	3	3	3	1	2	0	0	1	1	1	3	1	3	0	0	2	4	2	2	3	4	4	2	1	1	1	3	0	0	2	4	1	3	1	4	1	3	1	3	2	4	1	2	1	4	2	4	4	2	2	2	3	3	1	4	0	0	2	3	1	3	1	1	2	4	1	3	2	2	4	2	3	3	4	2	3	3
M067659_M691_2G	0	0	2	4	2	4	2	2	3	3	3	4	2	2	1	3	3	3	2	2	4	4	0	0	1	3	1	1	3	3	3	3	1	2	1	1	1	1	2	2	1	1	4	4	4	4	2	2	1	1	2	2	2	2	3	3	0	0	3	3	3	2	1	1	4	4	3	3	1	1	3	3	2	2	4	4	1	1	3	3	3	3	3	3	1	4	3	3	3	3	3	3	2	2	3	3	0	0	0	0	4	4	2	2	3	3	1	1	4	2	1	3	1	1	3	3	1	3	2	2	0	0	1	1	1	1	3	3	0	0	4	4	2	2	3	3	2	2	1	1	3	3	0	0	2	2	3	3	4	4	3	3	3	3	4	4	1	1	1	1	2	2	2	2	2	2	3	3	1	1	0	0	2	2	3	3	1	1	2	2	1	1	2	2	2	2	1	1	2	2	3	4
M067667_M691_3G	0	0	2	4	2	4	2	2	3	3	3	4	2	4	1	3	3	4	2	2	4	4	0	0	3	3	1	1	3	3	3	3	1	2	1	1	1	2	0	0	1	1	4	4	4	4	2	2	1	1	2	2	2	4	3	3	0	0	3	3	3	3	1	1	4	4	3	3	1	1	3	3	1	2	4	4	1	2	3	3	3	3	3	3	1	1	3	3	3	3	3	3	2	2	3	3	0	0	0	0	1	4	2	2	3	3	1	1	4	2	1	3	1	2	3	3	1	3	2	2	0	0	1	1	1	1	3	3	0	0	4	4	2	2	3	3	2	2	1	1	3	3	0	0	2	2	3	3	4	4	3	3	3	3	4	4	2	2	1	1	2	2	2	2	3	3	3	3	1	1	0	0	2	3	3	3	1	3	2	4	1	3	2	2	2	2	1	1	2	2	3	3
M070900_M715_1G	0	0	2	4	2	2	2	2	3	3	3	3	4	4	1	3	3	3	2	2	4	4	0	0	1	3	1	1	3	3	3	3	1	1	1	1	1	1	2	2	1	1	4	4	4	4	2	2	1	1	2	2	2	2	3	3	0	0	3	3	3	3	1	1	4	4	3	3	1	1	3	3	2	2	4	4	1	1	3	3	3	3	3	3	1	1	3	3	3	3	3	3	2	2	3	3	0	0	0	0	4	4	2	2	3	3	1	1	2	2	3	3	1	1	3	3	3	3	2	2	0	0	1	1	1	1	3	3	0	0	4	4	2	2	3	3	2	2	1	1	3	3	0	0	2	2	3	3	4	4	3	3	3	3	4	4	1	1	1	1	2	2	2	2	2	3	3	3	1	1	0	0	2	2	3	3	1	3	2	2	1	1	2	2	2	2	1	1	2	2	3	3
M070908_M715_2G	0	0	4	4	2	4	1	1	3	4	3	3	4	4	1	1	3	4	2	2	4	2	0	0	3	3	1	3	3	4	3	3	2	2	1	1	1	2	2	2	1	4	2	4	3	4	4	2	1	1	2	4	2	2	2	3	0	0	3	3	3	3	1	2	4	4	3	3	1	2	1	3	1	2	2	4	1	2	3	4	3	3	3	3	1	4	1	3	1	3	3	3	1	2	3	4	0	0	0	0	4	4	2	2	3	3	1	4	2	2	3	3	1	2	1	3	1	3	1	2	0	0	1	1	1	3	1	1	0	0	2	4	2	2	3	4	4	2	1	1	1	3	0	0	2	4	1	3	1	4	1	3	1	3	2	4	2	2	1	4	2	4	4	2	2	2	3	3	1	4	0	0	2	3	1	3	1	1	2	4	1	3	2	2	4	2	3	3	4	2	3	3
M070916_M715_3G	0	0	2	4	2	4	1	2	3	4	3	3	2	4	1	1	3	3	2	2	4	4	0	0	3	3	1	1	3	3	3	3	1	2	1	1	1	1	2	2	1	1	4	4	4	4	2	2	1	1	2	2	2	2	3	3	0	0	3	3	3	2	1	1	4	4	3	3	1	1	3	3	2	2	4	4	1	2	3	4	3	3	3	3	1	1	3	3	3	3	3	3	2	2	3	3	0	0	0	0	4	4	2	2	3	3	1	1	4	2	1	1	1	1	3	3	3	3	2	2	0	0	1	1	1	1	1	3	0	0	4	4	2	2	3	3	2	2	1	1	3	3	0	0	2	2	3	3	4	4	3	3	3	3	4	4	1	1	1	1	2	2	2	2	2	3	3	3	1	1	0	0	2	2	3	3	1	1	2	2	1	3	1	1	2	2	1	1	2	2	4	4
M070517_M711_1H	0	0	2	2	2	4	2	2	3	4	3	4	2	2	3	3	3	3	2	2	4	4	0	0	1	1	1	1	3	3	3	3	1	1	1	1	1	1	2	2	1	1	4	4	4	4	2	2	1	1	2	2	2	2	3	3	0	0	3	3	2	2	1	1	4	4	3	3	1	1	3	3	2	2	4	4	1	1	4	4	3	3	3	3	1	4	3	3	3	3	3	3	2	2	3	3	0	0	0	0	4	4	2	2	3	3	1	1	2	2	1	1	1	1	3	3	1	3	2	2	0	0	1	1	1	1	3	3	0	0	4	4	2	2	3	3	2	2	1	1	3	3	0	0	2	2	3	3	4	4	3	3	3	3	4	4	2	2	1	1	2	2	2	2	3	3	3	3	1	1	0	0	2	2	3	3	1	1	2	2	1	3	1	2	2	2	1	1	2	2	4	4
M070525_M711_2H	0	0	2	2	2	2	2	2	3	3	3	4	2	4	3	3	3	3	2	2	4	4	0	0	1	1	1	1	3	3	3	3	1	1	1	1	1	1	2	2	1	1	4	4	4	4	2	2	1	1	2	2	2	2	3	3	0	0	3	3	2	2	1	1	4	4	3	3	1	1	3	3	2	2	4	4	1	1	4	4	3	3	3	3	1	4	3	3	3	3	3	3	2	2	3	3	0	0	0	0	4	4	2	2	3	3	1	1	2	2	1	3	1	1	3	3	1	3	2	2	0	0	1	1	1	1	3	3	0	0	4	4	2	2	3	3	2	2	3	3	3	3	0	0	2	2	3	3	4	4	3	3	3	3	4	4	2	2	1	1	2	2	2	2	2	3	3	3	1	1	0	0	2	2	3	3	1	1	2	2	1	3	2	2	2	2	1	1	2	2	0	0
M070533_M711_3H	0	0	2	4	2	2	2	2	3	3	4	4	2	2	1	3	3	3	2	2	4	4	0	0	1	1	1	1	3	3	3	3	1	1	1	1	1	1	2	2	1	1	4	4	4	4	2	2	1	1	2	2	2	4	3	3	0	0	3	3	3	2	1	1	4	4	3	3	1	1	3	3	2	2	4	4	1	2	3	4	3	3	3	3	4	4	3	3	3	3	3	3	2	2	3	3	0	0	0	0	1	4	2	2	3	3	1	1	2	2	1	1	1	1	3	3	1	3	2	2	0	0	1	1	1	1	3	3	0	0	4	4	2	2	3	3	2	2	1	3	3	3	0	0	2	2	3	3	4	4	3	3	3	3	4	4	2	2	1	1	2	2	2	2	3	3	3	3	1	1	0	0	2	2	3	3	1	3	2	2	1	3	1	1	2	2	1	1	2	2	0	0
M067940_M694_1H	0	0	2	4	2	2	2	2	3	3	3	4	2	2	1	3	3	3	2	2	4	4	0	0	3	3	1	1	3	3	3	3	1	2	1	1	1	2	2	2	1	1	4	4	4	4	2	2	1	1	2	2	2	2	3	3	0	0	3	3	2	2	1	1	4	4	3	3	1	2	3	3	0	0	4	4	1	2	3	3	3	3	3	3	1	1	3	3	3	3	3	3	2	2	3	3	0	0	0	0	4	4	2	2	3	3	1	1	2	2	3	3	2	2	3	3	1	1	2	2	0	0	1	1	1	1	1	1	0	0	4	4	2	2	3	3	2	2	1	1	3	3	0	0	2	2	3	3	4	4	3	3	3	3	4	4	1	1	1	1	2	2	2	2	2	2	3	3	1	1	0	0	3	3	3	3	1	1	2	4	1	1	2	2	2	2	1	1	2	2	3	3
M067948_M694_2H	0	0	2	4	2	2	1	2	3	4	3	4	4	4	1	1	3	3	2	2	4	2	0	0	1	3	1	3	3	3	3	3	1	2	1	1	2	2	2	2	1	4	2	4	3	4	4	4	1	1	2	4	2	2	3	3	0	0	3	3	3	3	1	2	4	4	0	0	1	2	3	3	1	1	2	4	2	2	3	4	1	3	1	3	1	1	1	3	1	3	3	3	1	2	3	4	0	0	0	0	4	4	2	3	1	3	1	4	2	2	3	3	2	2	1	3	1	3	1	2	0	0	1	2	1	3	1	1	0	0	2	4	2	2	3	4	4	2	1	1	1	3	0	0	2	4	1	3	1	4	3	3	1	3	2	2	2	2	1	4	2	4	4	2	2	2	3	3	1	4	0	0	3	3	1	3	1	1	4	4	1	1	2	2	4	2	3	3	4	2	3	3
M067956_M694_3H	0	0	4	4	2	4	2	2	3	3	3	4	2	4	1	3	3	3	2	2	4	4	0	0	3	3	1	1	3	3	3	3	1	2	1	1	2	2	2	2	1	1	4	4	4	4	4	2	1	1	2	2	2	2	3	3	0	0	3	3	3	3	1	1	4	4	3	3	1	2	3	3	1	2	4	4	1	2	3	3	3	3	3	3	1	1	3	3	3	3	3	3	2	2	3	3	0	0	0	0	1	4	2	2	3	3	1	1	4	2	3	3	2	2	3	3	1	1	2	2	0	0	1	1	1	1	1	1	0	0	4	4	2	2	3	3	2	2	1	1	3	3	0	0	2	2	3	3	4	4	3	3	3	3	4	4	1	2	1	1	2	2	2	2	2	2	3	3	1	1	0	0	3	3	3	3	1	1	4	4	1	1	2	2	2	2	1	1	2	2	3	3
M067652_M691_1H	0	0	2	2	2	4	2	2	3	4	3	4	2	2	1	3	3	3	2	2	4	4	0	0	1	3	1	1	3	3	3	3	1	2	1	1	1	2	2	2	1	1	4	4	4	4	2	2	1	1	2	2	2	4	3	3	0	0	3	3	3	2	1	1	4	4	3	3	1	1	3	3	1	2	4	4	1	2	3	3	3	3	3	3	1	1	3	3	3	3	3	3	2	2	3	3	0	0	0	0	4	4	2	2	3	3	1	1	2	2	1	1	1	2	3	3	1	3	2	2	0	0	1	1	1	1	3	3	0	0	4	4	2	2	3	3	2	2	1	1	3	3	0	0	2	2	3	3	4	4	3	3	3	3	4	4	1	2	1	1	2	2	2	2	2	3	3	3	1	1	0	0	2	3	3	3	1	3	2	4	1	1	2	2	2	2	1	1	2	2	3	4
M067660_M691_2H	0	0	4	4	2	2	1	1	3	4	3	4	2	4	1	3	3	3	2	2	4	2	0	0	3	3	1	3	3	4	3	3	2	2	1	1	1	2	2	2	1	4	2	4	3	4	4	2	1	1	2	2	2	2	2	3	0	0	3	3	3	3	1	2	4	4	3	3	1	2	3	3	1	2	2	4	1	2	3	3	1	3	1	3	1	4	1	3	1	3	1	3	2	2	3	4	0	0	0	0	4	4	2	2	3	3	1	4	2	2	3	3	1	2	1	3	1	1	1	2	0	0	1	1	1	3	1	3	0	0	2	4	2	2	3	4	4	2	1	1	1	3	0	0	2	4	1	3	1	4	1	3	1	3	2	4	2	2	1	4	2	4	4	2	2	3	3	3	1	4	0	0	2	3	1	3	1	1	2	4	1	3	2	2	4	2	3	3	4	2	3	3
M067668_M691_3H	0	0	4	4	2	4	0	0	3	3	3	4	2	4	1	3	3	3	2	2	4	4	0	0	3	3	1	1	3	3	3	3	1	1	1	1	1	1	2	2	1	1	4	4	4	4	2	2	1	1	2	2	2	2	3	3	0	0	3	3	3	3	1	1	4	4	3	3	1	1	3	3	2	2	4	4	1	1	3	3	3	3	3	3	1	1	3	3	3	3	3	3	2	2	3	3	0	0	0	0	1	4	2	2	3	3	1	1	2	2	3	3	1	1	3	3	1	1	2	2	0	0	1	1	1	1	3	3	0	0	4	4	2	2	3	3	2	2	1	1	3	3	0	0	2	2	3	3	4	4	3	3	3	3	4	4	1	2	1	1	2	2	2	2	2	3	3	3	1	1	0	0	2	2	3	3	1	1	2	2	1	1	2	2	2	2	1	1	2	2	3	3
M070901_M715_1H	0	0	4	4	2	2	1	2	3	4	3	4	2	4	1	3	3	3	2	2	4	2	0	0	3	3	1	3	3	4	3	3	1	2	1	1	1	2	2	2	1	4	2	4	3	4	4	2	1	1	2	4	2	2	3	3	0	0	3	3	3	2	1	2	4	4	3	3	1	2	3	3	1	1	4	4	2	2	4	4	3	3	1	3	1	1	1	3	1	3	3	3	1	2	3	4	0	0	0	0	4	4	2	3	3	3	1	4	4	2	3	3	2	2	1	3	3	3	1	2	0	0	1	1	1	3	1	1	0	0	2	2	2	2	3	4	4	2	1	1	1	3	0	0	2	4	1	3	1	4	3	3	1	3	2	2	1	2	1	4	2	4	4	2	2	2	3	3	1	4	0	0	3	3	1	3	1	1	0	0	1	3	1	1	4	2	3	3	4	2	3	4
M070909_M715_2H	0	0	2	4	2	4	1	2	3	3	3	3	2	4	1	3	3	3	2	2	4	4	0	0	1	3	1	1	3	3	3	3	1	2	1	1	1	1	2	2	1	1	4	4	4	4	2	2	1	1	2	2	2	2	3	3	0	0	3	3	3	2	1	1	4	4	3	3	1	1	3	3	2	2	4	4	2	2	4	4	3	3	3	3	1	1	3	3	3	3	3	3	2	2	3	3	0	0	0	0	4	4	2	2	3	3	1	1	2	2	3	3	1	1	3	3	3	3	2	2	0	0	1	1	1	1	3	3	0	0	4	4	2	2	3	3	2	2	1	3	3	3	0	0	2	2	3	3	4	4	3	3	3	3	2	4	1	1	1	1	2	2	2	2	2	3	3	3	1	1	0	0	2	2	3	3	1	1	2	2	1	1	2	2	2	2	1	1	2	2	3	3
M070917_M715_3H	0	0	4	4	2	4	2	2	3	4	3	3	2	2	1	3	3	3	2	2	4	4	0	0	3	3	1	1	3	3	3	3	1	1	1	1	1	1	2	2	1	1	4	4	4	4	2	2	1	1	2	2	2	2	3	3	0	0	3	3	3	3	1	1	4	4	3	3	1	1	3	3	2	2	4	4	2	2	3	3	3	3	3	3	1	1	3	3	3	3	3	3	2	2	3	3	0	0	0	0	4	4	2	2	3	3	1	1	2	2	1	3	1	1	3	3	3	3	2	2	0	0	1	1	1	1	3	3	0	0	4	4	2	2	3	3	2	2	1	1	3	3	0	0	2	2	3	3	4	4	3	3	3	3	4	4	0	0	1	1	2	2	2	2	2	3	3	3	1	1	0	0	2	2	3	3	1	1	2	2	1	3	2	2	2	2	1	1	2	2	3	4
