Sample_ID	OmyY1	OmyY1	R18251	R18251	R23044	R23044	R30220	R30220	R34286	R34286	R38993	R38993	SH114448	SH114448	R000200	R000200	R033859	R033859	R09768	R09768	R12730	R12730	R24463	R24463	R00586	R00586	R19198	R19198	R23330	R23330	R30355	R30355	R34385	R34385	R39365	R39365	SH121006	SH121006	R018277	R018277	R03418	R03418	R10226	R10226	R13191	R13191	R24493	R24493	R12738	R12738	R19633	R19633	R23813	R23813	R30423	R30423	R34662	R34662	R40094	R40094	SH127236	SH127236	R02551	R02551	R03924	R03924	R10530	R10530	R16543	R16543	R26255	R26255	R13730	R13730	R19731	R19731	R24068	R24068	R30589	R30589	R35324	R35324	R40152	R40152	OMS00116	OMS00116	R02676	R02676	R04143	R04143	R11238	R11238	R19868	R19868	R27050	R27050	R14225	R14225	R21285	R21285	R24273	R24273	R30678	R30678	R37205	R37205	R40252	R40252	OMS00143	OMS00143	R02783	R02783	R04203	R04203	R11353	R11353	R19948	R19948	R30551	R30551	R14383	R14383	R21330	R21330	R24370	R24370	R33010	R33010	R37229	R37229	R40319	R40319	OMS00144	OMS00144	R02785	R02785	R04760	R04760	R11790	R11790	R20353	R20353	R32124	R32124	R14511	R14511	R21561	R21561	R28680	R28680	R33411	R33411	R37560	R37560	R40342	R40342	OMS00159	OMS00159	R03042	R03042	R04944	R04944	R12528	R12528	R21023	R21023	R32692	R32692	R14589	R14589	R22570	R22570	R30015	R30015	R33562	R33562	R38346	R38346	R40580	R40580	OMS00169	OMS00169	R03306	R03306	R08985	R08985	R12611	R12611	R22488	R22488	R36639	R36639
M075606_M764_2A	1	1	2	2	2	4	2	2	4	4	3	3	2	2	3	3	0	0	2	2	4	4	0	0	1	1	1	1	3	3	3	3	1	1	1	1	1	1	2	2	1	1	4	4	4	4	2	2	1	2	2	2	2	2	3	3	0	0	3	3	2	2	1	1	4	4	3	3	1	1	3	3	2	2	4	4	1	1	4	4	3	3	3	3	1	1	3	3	3	3	3	3	2	2	3	3	2	4	4	4	1	1	2	2	3	3	1	1	4	2	1	1	1	1	3	3	1	1	2	2	2	2	1	1	1	1	3	3	0	0	4	4	2	2	3	3	2	2	1	3	3	3	0	0	2	2	3	3	4	4	3	3	3	3	4	4	1	2	1	1	2	2	2	2	3	3	3	3	1	1	2	2	2	2	3	3	1	3	2	2	1	3	2	2	2	2	1	1	2	2	3	4
M075614_M764_3A	0	0	0	0	0	0	0	0	0	0	0	0	0	0	0	0	0	0	0	0	0	0	0	0	0	0	0	0	0	0	0	0	0	0	0	0	0	0	0	0	0	0	0	0	0	0	0	0	0	0	0	0	0	0	0	0	0	0	0	0	0	0	0	0	0	0	0	0	0	0	0	0	0	0	0	0	0	0	0	0	0	0	0	0	0	0	0	0	0	0	0	0	0	0	0	0	0	0	0	0	0	0	0	0	0	0	0	0	0	0	0	0	0	0	0	0	0	0	0	0	0	0	0	0	0	0	0	0	0	0	0	0	0	0	0	0	0	0	0	0	0	0	0	0	0	0	0	0	0	0	0	0	0	0	0	0	0	0	0	0	0	0	0	0	0	0	0	0	0	0	0	0	0	0	0	0	0	0	0	0	0	0	0	0	0	0	0	0	0	0	0	0
M075622_M764_4A	1	3	2	4	2	4	2	2	3	3	3	4	2	2	3	3	0	0	2	2	4	4	0	0	1	3	1	1	3	3	3	3	1	2	1	1	1	1	2	2	1	1	4	4	4	4	2	2	1	1	2	2	2	2	3	3	0	0	3	3	3	2	1	1	4	4	3	3	1	1	3	3	2	2	4	4	1	1	3	4	3	3	3	3	1	1	3	3	3	3	3	3	2	2	3	3	2	4	4	4	1	4	2	2	3	3	1	1	2	2	1	1	1	1	3	3	1	3	2	2	2	2	1	1	1	1	3	3	0	0	4	4	4	2	3	3	2	2	1	1	3	3	0	0	2	2	3	3	4	4	3	3	3	3	4	4	2	2	1	1	2	2	2	2	3	3	3	3	1	1	2	2	2	2	3	3	3	3	2	2	1	1	2	2	2	2	1	1	2	2	3	4
M075630_M764_5A	0	0	4	4	2	2	1	1	4	4	3	3	4	4	3	3	0	0	2	2	2	2	0	0	3	3	3	3	4	4	3	3	2	2	1	1	2	2	2	2	4	4	2	2	3	3	4	4	1	1	4	4	2	2	2	2	0	0	3	3	3	2	2	2	4	4	3	3	2	2	1	3	1	1	4	4	2	2	3	4	1	3	1	3	1	1	1	1	1	1	1	3	1	1	4	4	2	2	2	4	1	4	2	3	3	3	4	4	2	2	3	3	2	2	1	1	1	3	1	1	1	1	1	2	3	3	1	1	0	0	2	2	2	2	4	4	4	4	1	1	1	1	0	0	4	4	1	1	1	1	1	1	3	3	2	2	2	2	1	1	4	4	4	4	2	2	3	3	4	4	2	2	3	3	1	1	1	1	4	4	1	1	1	2	4	4	3	3	4	4	3	3
M075638_M764_6A	1	1	2	4	2	2	1	2	3	4	4	4	2	4	3	3	0	0	2	2	4	2	0	0	1	3	1	3	3	3	3	3	1	2	1	1	1	2	2	2	1	4	2	4	3	4	4	2	1	1	2	4	2	2	2	3	0	0	3	3	2	2	1	2	4	4	3	3	1	2	3	3	1	2	4	4	1	2	4	4	3	3	3	3	1	1	1	3	1	3	3	3	1	2	3	4	2	4	4	4	4	4	2	3	3	3	0	0	2	2	1	3	1	2	1	3	1	3	1	2	1	2	1	2	1	3	1	3	0	0	2	4	2	2	3	4	0	0	1	1	1	3	0	0	2	4	1	3	1	4	1	3	3	3	2	4	2	2	1	1	2	4	4	2	2	3	3	3	1	4	2	4	2	3	1	3	1	3	2	4	1	1	2	2	4	2	3	3	4	2	3	3
M075846_M766_8A	1	3	4	4	2	2	1	1	4	4	3	3	4	4	3	3	0	0	2	2	2	2	0	0	3	3	3	3	4	4	3	3	2	2	1	1	2	2	2	2	4	4	2	2	3	3	4	4	1	1	4	4	2	2	2	2	0	0	3	3	3	3	2	2	4	4	3	3	2	2	1	3	1	1	4	4	2	2	4	4	1	3	1	1	1	4	1	1	1	1	3	3	1	1	4	4	2	2	2	2	4	4	2	2	3	3	4	4	2	2	3	3	2	2	1	1	1	1	1	1	1	1	1	1	3	3	1	1	0	0	2	2	2	2	4	4	4	4	1	1	1	1	0	0	4	4	1	1	1	1	1	1	0	0	2	2	2	2	1	1	4	4	4	4	2	2	3	3	4	4	2	4	3	3	1	1	1	1	4	4	1	1	2	2	4	4	3	3	4	4	3	3
M075854_M766_9A	1	1	2	4	2	4	0	0	3	4	3	4	2	4	3	3	0	0	2	2	4	2	0	0	1	3	1	3	3	4	3	3	1	2	1	1	1	2	2	2	1	4	2	4	3	4	4	2	1	1	2	4	2	2	2	3	0	0	3	3	3	2	1	2	4	4	3	3	1	2	3	3	1	2	4	4	1	2	3	4	3	3	3	3	1	1	1	3	1	3	1	3	1	2	3	4	2	4	4	4	1	4	2	2	3	3	1	4	2	2	1	3	1	2	1	3	1	1	1	2	1	2	1	2	1	3	1	1	0	0	2	4	2	2	3	4	4	2	1	1	1	3	0	0	2	4	1	3	1	4	1	3	3	3	2	4	2	2	1	1	2	4	4	2	2	3	3	3	1	4	4	4	2	3	1	3	1	3	2	4	1	1	2	2	4	2	3	3	4	2	3	3
M075862_M766_10A	1	3	2	4	2	2	0	0	4	4	4	4	2	4	3	3	0	0	2	2	4	2	0	0	1	3	1	3	3	4	3	3	1	2	1	4	1	2	2	2	1	4	2	4	3	4	4	2	1	1	2	4	2	2	2	3	0	0	3	3	3	3	1	2	4	4	3	3	1	2	1	3	1	2	4	4	1	2	4	4	3	3	1	3	1	1	1	3	1	3	3	3	1	2	3	4	2	2	2	4	1	4	2	2	3	3	1	4	2	2	1	3	1	2	1	3	1	3	1	2	1	2	1	1	1	3	1	3	0	0	2	4	2	2	3	4	4	2	1	1	1	3	0	0	2	4	1	3	0	0	1	3	1	3	2	4	1	2	1	4	2	4	4	2	2	3	3	3	1	4	2	4	2	3	1	3	1	3	2	4	1	1	1	1	4	2	3	3	4	2	3	3
M075870_M766_11A	1	3	2	4	2	2	0	0	4	4	4	4	2	4	3	3	0	0	2	2	4	2	0	0	1	3	1	3	3	4	3	3	1	2	1	1	1	2	2	2	1	4	2	4	3	4	4	2	1	1	2	4	2	2	2	3	0	0	3	3	3	3	1	2	4	4	3	3	1	2	3	3	1	2	4	4	1	2	4	4	3	3	1	3	1	1	1	3	1	3	1	3	1	2	3	4	2	2	4	4	1	4	2	2	3	3	1	4	4	2	1	3	1	2	1	3	3	3	1	2	1	2	1	1	1	3	1	3	0	0	2	4	2	2	3	4	4	2	1	1	1	3	0	0	2	4	1	3	0	0	1	3	1	3	2	4	2	2	1	4	2	4	4	2	2	3	3	3	1	4	2	4	2	3	1	3	1	3	2	4	1	1	2	2	4	2	3	3	4	2	3	3
M075878_M766_12A	1	3	4	4	2	2	1	1	4	4	4	4	4	4	3	3	0	0	2	2	2	2	0	0	3	3	3	3	4	4	3	3	2	2	1	1	2	2	2	2	4	4	2	2	3	3	4	4	1	1	4	4	2	2	2	2	0	0	3	3	3	3	2	2	4	4	3	3	2	2	3	3	1	1	4	4	2	2	4	4	3	3	3	3	1	1	1	1	1	1	1	3	1	1	4	4	2	2	2	2	4	4	2	2	3	3	4	4	2	2	3	3	2	2	1	1	3	3	1	1	1	1	1	1	3	3	1	1	0	0	2	2	2	2	4	4	4	4	1	1	1	1	0	0	4	4	1	1	1	1	1	1	3	3	2	2	2	2	1	1	4	4	4	4	2	2	3	3	4	4	2	4	3	3	1	1	1	1	4	4	1	1	2	2	4	4	3	3	4	4	3	3
M075599_M764_1B	1	1	2	4	2	2	1	2	3	4	4	4	2	4	3	3	0	0	2	2	4	2	0	0	1	3	1	3	3	4	3	3	1	2	1	1	1	2	2	2	1	4	2	4	3	4	4	2	1	1	2	4	2	2	2	3	0	0	3	3	3	2	1	2	4	4	3	3	1	2	3	3	1	2	4	4	1	2	4	4	1	3	3	3	1	1	1	3	1	3	3	3	1	2	3	4	2	4	2	4	4	4	2	2	3	3	1	4	4	2	1	3	1	2	1	3	1	1	1	2	1	2	1	1	1	3	1	3	0	0	2	4	2	2	3	4	0	0	1	1	1	3	0	0	2	4	1	3	1	4	1	3	0	0	4	4	2	2	1	4	2	4	4	2	2	3	3	3	1	4	2	2	2	3	1	3	1	1	2	4	1	1	2	2	4	2	3	3	4	2	3	3
M075607_M764_2B	1	1	4	4	2	2	1	1	4	4	4	4	4	4	3	3	0	0	2	2	2	2	0	0	3	3	3	3	4	4	3	4	2	2	1	4	2	2	2	2	4	4	2	2	3	3	4	4	1	1	4	4	2	2	2	2	0	0	3	3	3	3	2	2	4	4	3	3	2	2	3	3	1	1	2	4	2	2	4	4	1	3	3	3	1	1	1	1	1	1	1	3	1	1	4	4	2	2	2	2	4	4	2	2	3	3	4	4	4	4	3	3	2	2	1	1	1	1	1	1	1	1	1	1	3	3	1	1	0	0	2	2	2	2	4	4	4	4	1	1	1	1	0	0	4	4	1	1	1	1	1	1	1	1	2	2	2	2	4	4	4	4	4	4	2	2	3	3	4	4	2	2	3	3	1	1	1	1	4	4	1	1	2	2	4	4	3	3	4	4	3	3
M075615_M764_3B	1	3	4	4	2	2	1	1	4	4	4	4	4	4	3	3	0	0	2	2	2	2	0	0	3	3	3	3	4	4	3	3	2	2	1	1	2	2	2	2	4	4	2	2	3	3	4	4	1	2	4	4	2	2	2	2	0	0	3	3	3	3	2	2	4	4	3	3	2	2	1	3	1	1	4	4	2	2	4	4	1	3	1	3	1	1	1	1	1	1	3	3	1	1	4	4	2	2	2	2	4	4	2	2	3	3	4	4	2	2	3	3	2	2	1	1	1	3	1	1	1	1	1	1	3	3	1	1	0	0	2	2	2	2	4	4	4	4	1	1	1	1	0	0	4	4	1	1	1	1	1	1	1	1	2	2	1	2	1	4	4	4	4	4	2	2	3	3	4	4	2	2	3	3	1	1	1	1	4	4	1	1	2	2	4	4	3	3	4	4	3	3
M075623_M764_4B	1	1	2	2	2	4	2	2	3	3	3	3	2	2	3	3	0	0	2	2	4	4	0	0	1	1	1	1	3	3	3	3	1	1	1	1	1	1	2	2	1	1	4	4	4	4	2	2	1	1	2	2	2	2	3	3	0	0	3	3	2	2	1	1	4	4	3	3	1	1	3	3	2	2	4	4	1	1	3	4	3	3	3	3	1	4	3	3	3	3	3	3	2	2	3	3	4	4	4	4	4	4	2	2	3	3	1	1	2	2	1	1	1	1	3	3	1	3	2	2	2	2	1	1	1	1	3	3	0	0	4	4	2	2	3	3	2	2	1	1	3	3	0	0	2	2	3	3	4	4	3	3	3	3	4	4	2	2	1	1	2	2	2	2	3	3	3	3	1	1	2	2	2	2	3	3	3	3	2	2	1	1	2	2	2	2	1	1	2	2	4	4
M075631_M764_5B	1	3	2	2	4	4	2	2	3	3	3	4	2	2	3	3	0	0	2	2	4	4	0	0	1	1	1	1	3	3	3	3	1	1	1	1	1	1	2	2	1	1	4	4	4	4	2	2	1	1	2	2	4	4	3	3	0	0	3	3	2	2	1	1	4	4	3	3	1	1	3	3	2	2	4	4	1	1	3	3	3	3	3	3	1	1	3	3	3	3	3	3	2	2	3	3	2	4	4	4	1	1	2	2	3	3	1	1	2	2	1	1	1	1	3	3	3	3	2	2	2	2	1	1	1	1	3	3	0	0	4	4	2	2	3	3	2	2	1	1	3	3	0	0	2	2	3	3	4	4	3	3	3	3	4	4	2	2	1	1	2	2	2	2	3	3	3	3	1	1	2	4	2	2	3	3	3	3	2	2	1	1	2	2	2	2	1	1	2	2	3	3
M075639_M764_6B	1	1	2	4	2	4	0	0	3	4	3	4	2	4	3	3	0	0	2	2	4	2	0	0	1	3	1	3	3	4	3	3	1	2	1	1	1	2	2	2	1	4	2	4	3	4	4	2	1	1	2	4	2	4	2	3	0	0	3	3	3	2	1	2	4	4	3	3	1	2	3	3	1	2	4	4	1	2	3	4	3	3	1	3	1	1	1	3	1	3	1	3	1	2	3	4	2	4	2	4	1	4	2	2	3	3	1	4	2	2	1	3	1	2	1	3	1	1	1	2	1	2	1	2	1	3	1	3	0	0	2	4	2	2	3	4	0	0	1	1	1	3	0	0	2	4	1	3	1	4	1	3	3	3	2	4	2	2	1	4	2	4	4	2	2	3	3	3	1	4	4	4	2	3	1	3	1	3	2	4	1	1	2	2	4	2	3	3	4	2	3	3
M075839_M766_7B	1	3	2	4	2	4	0	0	3	4	4	4	2	4	3	3	0	0	2	2	4	2	0	0	1	3	1	3	3	4	3	3	1	2	1	1	1	2	2	2	1	4	2	4	3	4	4	2	1	1	2	4	2	2	2	3	0	0	3	3	3	2	1	2	4	4	3	3	1	2	3	3	1	2	4	4	1	2	4	4	3	3	3	3	1	1	1	3	1	3	3	3	2	2	3	4	2	4	4	4	1	4	2	2	3	3	1	4	2	2	1	1	1	2	1	3	1	1	1	2	1	2	1	2	1	3	1	3	0	0	2	4	2	2	3	4	0	0	1	1	1	3	0	0	2	4	1	3	1	4	1	3	3	3	4	4	2	2	1	1	2	4	4	2	2	3	3	3	1	4	2	2	2	3	1	3	1	3	2	4	1	1	2	2	4	2	3	3	4	2	0	0
M075847_M766_8B	1	3	4	4	2	2	1	1	4	4	3	4	4	4	3	3	0	0	2	2	2	2	0	0	3	3	3	3	4	4	3	3	2	2	1	1	2	2	2	2	4	4	2	2	3	3	4	4	1	1	4	4	2	2	2	2	0	0	3	3	3	3	2	2	4	4	3	3	2	2	3	3	1	1	4	4	2	2	4	4	3	3	1	3	1	4	1	1	1	1	1	1	1	1	4	4	2	2	2	4	1	1	2	2	3	3	4	4	2	2	3	3	2	2	1	1	3	3	1	1	1	1	1	2	3	3	1	1	0	0	2	2	2	2	4	4	4	4	1	1	1	1	0	0	4	4	1	1	1	1	1	1	0	0	2	2	2	2	1	1	4	4	4	4	2	2	3	3	4	4	2	4	3	3	1	1	1	1	4	4	1	1	1	2	4	4	3	3	4	4	3	3
M075855_M766_9B	1	3	4	4	2	2	1	1	4	4	3	4	4	4	3	3	0	0	2	2	2	2	0	0	3	3	3	3	4	4	3	3	2	2	1	1	2	2	2	2	4	4	2	2	3	3	4	4	1	1	4	4	2	2	2	2	0	0	3	3	3	3	2	2	4	4	3	3	2	2	3	3	1	1	4	4	2	2	4	4	3	3	1	3	1	4	1	1	1	1	1	1	0	0	4	4	2	2	2	2	1	1	2	2	3	3	4	4	2	2	3	3	2	2	1	1	3	3	1	1	1	1	2	2	3	3	1	1	0	0	2	2	2	2	4	4	4	4	1	1	1	1	0	0	4	4	1	1	1	1	1	1	0	0	2	2	2	2	1	1	4	4	4	4	2	2	3	3	4	4	2	2	3	3	1	1	1	1	4	4	1	1	1	1	4	4	3	3	4	4	3	3
M075863_M766_10B	1	3	2	4	2	2	0	0	4	4	3	4	2	4	3	3	0	0	2	2	4	4	0	0	1	3	1	3	3	4	3	3	1	2	1	1	1	2	2	2	1	4	2	4	3	4	4	2	1	1	2	4	2	2	2	3	0	0	3	3	3	3	1	2	4	4	3	3	1	2	3	3	1	2	4	4	1	2	4	4	3	3	3	3	1	1	1	3	1	3	1	3	1	2	3	4	2	2	2	4	1	4	2	2	3	3	1	4	2	2	1	3	1	2	1	3	3	3	1	2	1	2	1	1	1	3	1	3	0	0	2	4	2	2	3	4	4	2	1	1	1	3	0	0	2	4	1	3	1	4	1	3	3	3	2	4	2	2	1	1	2	4	4	2	2	3	3	3	1	4	2	4	2	3	1	3	1	3	2	4	1	1	2	2	4	2	3	3	4	2	0	0
M075871_M766_11B	1	3	2	2	2	2	2	2	4	4	3	3	2	2	3	3	0	0	2	2	4	4	0	0	1	1	1	1	3	3	3	3	1	1	1	1	1	1	2	2	1	1	4	4	4	4	2	2	1	1	2	2	2	2	3	3	0	0	3	3	3	3	1	1	4	4	3	3	1	1	3	3	2	2	4	4	1	1	4	4	3	3	3	3	1	1	3	3	3	3	3	3	2	2	3	3	2	2	4	4	1	1	2	2	3	3	1	1	2	2	1	1	1	1	3	3	3	3	2	2	2	2	1	1	1	1	3	3	0	0	4	4	2	2	3	3	2	2	1	1	3	3	0	0	2	2	3	3	4	4	3	3	3	3	4	4	2	2	1	1	2	2	2	2	3	3	3	3	1	1	4	4	2	2	3	3	3	3	2	2	1	1	2	2	2	2	1	1	2	2	4	4
M075879_M766_12B	1	1	4	4	2	2	1	1	4	4	4	4	4	4	3	3	0	0	2	2	2	2	0	0	3	3	3	3	4	4	3	3	2	2	1	1	2	2	2	2	4	4	2	2	3	3	4	4	1	1	4	4	2	2	2	2	0	0	3	3	3	3	2	2	4	4	3	3	2	2	3	3	1	1	4	4	2	2	4	4	3	3	3	3	1	1	1	1	1	1	1	3	1	1	4	4	2	2	2	4	4	4	2	2	3	3	4	4	2	2	3	3	2	2	1	1	3	3	1	1	1	1	1	1	3	3	1	1	0	0	2	2	2	2	4	4	4	4	1	1	1	1	0	0	4	4	1	1	1	1	1	1	1	1	2	2	1	2	1	1	4	4	4	4	2	2	3	3	4	4	4	4	3	3	1	1	1	1	4	4	1	1	2	2	4	4	3	3	4	4	3	3
M075600_M764_1C	1	3	2	2	2	4	2	2	3	4	3	4	2	2	3	3	0	0	2	2	4	4	0	0	1	1	1	1	3	3	3	3	1	1	1	1	1	1	2	2	1	1	4	4	4	4	2	2	1	2	2	2	2	4	3	3	0	0	3	3	2	2	1	1	4	4	3	3	1	1	3	3	2	2	4	4	1	1	3	4	3	3	3	3	1	1	3	3	3	3	3	3	2	2	3	3	2	2	4	4	1	4	2	2	3	3	1	1	4	4	1	1	1	1	3	3	1	1	2	2	2	2	1	1	1	1	3	3	0	0	4	4	2	2	3	3	2	2	1	3	3	3	0	0	2	2	3	3	4	4	3	3	3	3	4	4	2	2	1	1	2	2	2	2	3	3	3	3	1	1	2	4	2	2	3	3	1	1	2	2	1	3	2	2	2	2	1	1	2	2	4	4
M075608_M764_2C	1	3	2	4	2	2	1	1	4	4	4	4	2	4	3	3	0	0	2	2	4	2	0	0	1	3	1	3	3	4	3	3	1	2	1	1	1	2	2	2	1	4	2	4	3	4	4	2	1	1	2	4	2	2	2	3	0	0	3	3	3	2	1	2	4	4	3	3	1	2	3	3	1	2	4	4	1	2	4	4	1	3	3	3	1	1	1	3	1	3	3	3	1	2	3	4	2	2	2	4	4	4	2	2	3	3	1	4	4	4	1	3	1	2	1	3	3	3	1	2	1	2	1	1	1	3	1	3	0	0	2	4	2	2	3	4	0	0	1	3	1	3	0	0	2	4	1	3	1	4	1	3	1	3	4	4	1	1	1	4	2	4	4	2	2	3	3	3	1	4	2	2	2	3	1	3	1	1	2	4	1	3	2	2	4	2	3	3	4	2	3	3
M075616_M764_3C	1	3	2	4	2	4	1	1	3	4	4	4	2	4	3	3	0	0	2	2	4	2	0	0	1	3	1	3	3	4	3	3	1	2	1	1	1	2	2	2	1	4	2	4	3	4	4	2	1	1	2	4	2	4	2	3	0	0	3	3	3	2	1	2	4	4	3	3	1	2	3	3	1	2	4	4	1	2	4	4	1	3	3	3	1	1	1	3	1	3	3	3	1	2	3	4	2	2	2	4	4	4	2	2	3	3	1	4	2	2	1	3	1	2	1	3	1	3	1	2	1	2	1	1	1	3	1	3	0	0	2	4	2	2	3	4	4	2	1	1	1	3	0	0	2	4	1	3	1	4	1	3	1	3	4	4	1	2	1	4	2	4	4	2	2	3	3	3	1	4	2	2	2	3	1	3	1	1	2	4	1	3	2	2	4	2	3	3	4	2	3	3
M075624_M764_4C	1	1	2	2	2	4	2	2	3	3	3	3	2	2	3	3	0	0	2	2	4	4	0	0	1	1	1	1	3	3	3	3	1	1	1	1	1	1	2	2	1	1	4	4	4	4	2	2	1	1	2	2	2	2	3	3	0	0	3	3	2	2	1	1	4	4	3	3	1	1	3	3	2	2	4	4	1	1	4	4	3	3	3	3	1	1	3	3	3	3	3	3	2	2	3	3	2	4	4	4	4	4	2	2	3	3	1	1	2	2	1	1	1	1	3	3	1	3	2	2	2	2	1	1	1	1	3	3	0	0	4	4	2	2	3	3	2	2	3	3	3	3	0	0	2	2	3	3	4	4	3	3	3	3	4	4	2	2	1	1	2	2	2	2	3	3	3	3	1	1	2	4	2	2	3	3	3	3	2	2	1	1	2	2	2	2	1	1	2	2	4	4
M075632_M764_5C	1	1	2	2	2	4	2	2	3	4	3	4	2	2	3	3	0	0	2	2	4	4	0	0	1	1	1	1	3	3	3	3	1	1	1	1	1	1	2	2	1	1	4	4	4	4	2	2	1	1	2	2	2	2	3	3	0	0	3	3	3	2	1	1	4	4	3	3	1	1	3	3	2	2	4	4	1	1	4	4	3	3	3	3	1	4	3	3	3	3	3	3	2	2	3	3	4	4	4	4	4	4	2	2	3	3	1	1	2	2	1	1	1	1	3	3	1	3	2	2	2	2	1	1	1	1	3	3	0	0	4	4	2	2	3	3	2	2	1	1	3	3	0	0	2	2	3	3	4	4	3	3	3	3	4	4	2	2	1	1	2	2	2	2	2	3	3	3	1	1	2	4	2	2	3	3	1	3	2	2	1	1	1	2	2	2	1	1	2	2	4	4
M075640_M764_6C	1	1	2	4	2	2	1	2	3	4	4	4	2	4	3	3	0	0	2	2	4	2	0	0	1	3	1	3	3	3	3	3	1	2	1	1	1	2	2	2	1	4	2	4	3	4	4	2	1	1	2	4	2	2	2	3	0	0	3	3	2	2	1	2	4	4	3	3	1	2	3	3	1	2	4	4	1	2	4	4	3	3	3	3	1	1	1	3	1	3	3	3	1	2	3	4	2	4	4	4	4	4	2	3	3	3	0	0	2	2	1	3	1	2	1	3	1	3	1	2	1	2	1	2	1	3	1	3	0	0	2	4	2	2	3	4	0	0	1	1	1	3	0	0	2	4	1	3	1	4	1	3	3	3	2	4	2	2	1	1	2	4	4	2	2	3	3	3	1	4	2	4	2	3	1	3	1	3	2	4	1	1	2	2	4	2	3	3	4	2	3	3
M075840_M766_7C	1	1	4	4	2	2	1	1	4	4	3	3	4	4	3	3	0	0	2	2	2	2	0	0	3	3	3	3	4	4	3	3	2	2	1	1	2	2	2	2	4	4	2	2	3	3	4	4	1	1	4	4	2	2	2	2	0	0	3	3	3	3	2	2	4	4	3	3	2	2	1	3	1	1	4	4	2	2	4	4	3	3	1	3	1	4	1	1	1	1	1	1	1	1	4	4	2	2	2	4	1	1	2	2	3	3	4	4	2	2	3	3	2	2	1	1	1	3	1	1	1	1	1	2	3	3	1	1	0	0	2	2	2	2	4	4	4	4	1	1	1	1	0	0	4	4	1	1	1	1	1	1	0	0	2	2	2	2	1	1	4	4	4	4	2	2	3	3	4	4	2	2	3	3	1	1	1	1	4	4	1	1	2	2	4	4	3	3	4	4	3	3
M075848_M766_8C	1	3	2	2	2	4	2	2	3	3	3	4	2	2	3	3	0	0	2	2	4	4	0	0	1	1	1	1	3	3	3	3	1	1	1	1	1	1	2	2	1	1	4	4	4	4	2	2	1	1	2	2	2	2	3	3	0	0	3	3	2	2	1	1	4	4	3	3	1	1	3	3	2	2	4	4	1	1	4	4	3	3	3	3	1	1	3	3	3	3	3	3	2	2	3	3	4	4	4	4	4	4	2	2	3	3	1	1	2	2	1	1	1	1	3	3	1	3	2	2	2	2	1	1	1	1	3	3	0	0	4	4	2	2	3	3	2	2	1	3	3	3	0	0	2	2	3	3	4	4	3	3	3	3	4	4	2	2	1	1	2	2	2	2	3	3	3	3	1	1	2	2	2	2	3	3	3	3	2	2	1	1	2	2	2	2	1	1	2	2	4	4
M075856_M766_9C	1	1	2	4	2	4	0	0	3	4	3	4	2	4	3	3	0	0	2	2	4	4	0	0	1	3	1	3	3	4	3	3	1	2	1	1	1	2	2	2	1	4	2	4	3	4	4	2	1	1	2	4	2	2	2	3	0	0	3	3	3	2	1	2	4	4	3	3	1	2	3	3	1	2	4	4	1	2	4	4	3	3	1	3	1	1	1	3	1	3	3	3	2	2	3	4	2	4	2	4	1	4	2	2	3	3	1	4	2	2	1	1	1	2	1	3	1	1	1	2	1	2	1	1	1	3	1	3	0	0	2	4	2	2	3	4	4	2	1	1	1	3	0	0	2	4	1	3	1	4	1	3	3	3	0	0	2	2	1	1	2	4	4	2	2	3	3	3	1	4	2	2	2	3	1	3	1	3	2	4	1	1	2	2	4	2	3	3	4	2	0	0
M075864_M766_10C	1	3	2	4	2	2	0	0	4	4	4	4	2	4	3	3	0	0	2	2	4	2	0	0	1	3	1	3	3	4	3	3	1	2	1	1	1	2	2	2	1	4	2	4	3	4	4	2	1	1	2	4	2	2	2	3	0	0	3	3	3	2	1	2	4	4	3	3	1	2	3	3	1	2	4	4	1	2	4	4	3	3	1	3	1	1	1	3	1	3	1	3	1	2	3	4	2	2	4	4	1	4	2	3	3	3	1	4	4	2	1	3	1	2	1	3	3	3	1	2	1	2	1	1	1	3	1	3	0	0	2	4	2	2	3	4	4	2	1	1	1	3	0	0	2	4	1	3	1	4	1	3	3	3	2	4	1	2	1	1	2	4	4	2	2	3	3	3	1	4	2	2	2	3	1	3	1	3	2	4	1	1	2	2	4	2	3	3	4	2	3	3
M075872_M766_11C	1	3	2	4	2	2	0	0	4	4	3	3	2	4	3	3	0	0	2	2	4	4	0	0	1	3	1	3	3	4	3	3	1	2	1	1	1	2	2	2	1	4	2	4	3	4	4	2	1	1	2	4	2	2	2	3	0	0	3	3	3	3	1	2	4	4	3	3	1	2	3	3	1	2	4	4	1	2	4	4	3	3	3	3	1	1	1	3	1	3	1	3	1	2	3	4	2	2	2	4	1	4	2	2	3	3	1	4	2	2	1	3	1	2	1	3	3	3	1	2	1	2	1	1	1	3	1	3	0	0	2	4	2	2	3	4	4	2	1	1	1	3	0	0	2	4	1	3	1	4	1	3	3	3	2	4	2	2	1	1	2	4	4	2	2	3	3	3	1	4	4	4	2	3	1	3	1	3	2	4	1	1	2	2	4	2	3	3	4	2	0	0
M075880_M766_12C	1	1	2	4	2	4	1	2	3	4	3	4	2	4	3	3	0	0	2	2	4	4	0	0	1	3	1	3	3	4	3	3	1	2	1	1	1	2	2	2	1	4	2	4	3	4	4	2	1	1	2	4	2	2	2	3	0	0	3	3	3	2	1	2	4	4	3	3	1	2	3	3	1	2	4	4	1	2	3	4	3	3	3	3	1	4	1	3	1	3	3	3	1	2	3	4	2	4	2	4	1	4	2	2	3	3	1	4	2	2	1	3	1	2	1	3	3	3	1	2	1	2	1	1	1	3	1	3	0	0	2	4	2	2	3	4	4	2	1	3	1	3	0	0	2	4	1	3	1	4	1	3	3	3	2	4	2	2	1	1	2	4	4	2	2	3	3	3	1	4	2	4	2	3	1	3	1	3	2	4	1	1	2	2	4	2	3	3	4	2	0	0
M075601_M764_1D	1	1	2	4	2	2	1	1	4	4	4	4	2	4	3	3	0	0	2	2	0	0	0	0	1	3	1	3	3	4	3	3	1	2	1	1	1	2	2	2	1	4	2	4	3	4	4	2	1	1	2	4	2	2	2	3	0	0	3	3	3	2	1	2	4	4	3	3	1	2	3	3	1	2	4	4	1	2	4	4	1	3	3	3	1	1	1	3	1	3	3	3	1	2	3	4	2	2	2	4	4	4	2	2	3	3	1	4	2	2	1	3	1	2	1	3	1	3	1	2	1	2	1	1	1	3	1	3	0	0	2	4	2	2	3	4	0	0	1	3	1	3	0	0	2	4	1	3	1	4	1	3	1	3	4	4	1	2	1	4	2	4	4	2	2	3	3	3	1	4	2	2	2	3	1	3	1	1	2	4	1	3	2	2	4	2	3	3	4	2	3	3
M075609_M764_2D	1	1	2	4	2	4	1	2	4	4	3	4	2	4	3	3	0	0	2	2	4	2	0	0	1	3	1	3	3	4	3	3	1	2	1	1	1	2	2	2	1	4	2	4	3	4	4	2	1	2	2	4	2	2	2	3	0	0	3	3	3	2	1	2	4	4	3	3	1	2	3	3	1	2	4	4	1	2	4	4	1	3	3	3	1	1	1	3	1	3	3	3	1	2	3	4	2	4	2	4	1	4	2	2	3	3	1	4	4	2	1	3	1	2	1	3	1	1	1	2	1	2	1	1	1	3	1	3	0	0	2	4	2	2	3	4	4	2	1	1	1	3	0	0	2	4	1	3	1	4	1	3	1	3	4	4	2	2	1	4	2	4	4	2	2	3	3	3	1	4	2	2	2	3	1	3	1	1	2	4	1	1	2	2	4	2	3	3	4	2	3	3
M075617_M764_3D	1	3	2	2	4	4	2	2	3	3	3	3	2	2	3	3	0	0	2	2	4	4	0	0	1	1	1	1	3	3	3	3	1	1	1	1	1	1	2	2	1	1	4	4	4	4	2	2	1	1	2	2	2	2	3	3	0	0	3	3	2	2	1	1	4	4	3	3	1	1	3	3	2	2	4	4	1	1	3	3	3	3	3	3	4	4	3	3	3	3	3	3	2	2	3	3	2	4	4	4	1	1	2	2	3	3	1	1	2	2	1	1	1	1	3	3	1	1	2	2	2	2	1	1	1	1	3	3	0	0	4	4	2	2	3	3	2	2	1	3	3	3	0	0	2	2	3	3	4	4	3	3	3	3	4	4	2	2	1	1	2	2	2	2	3	3	3	3	1	1	4	4	2	2	3	3	3	3	2	2	1	3	2	2	2	2	1	1	2	2	3	4
M075625_M764_4D	1	1	2	2	4	4	2	2	3	3	3	3	2	2	3	3	0	0	2	2	4	4	0	0	1	1	1	1	3	3	3	3	1	1	1	1	1	1	2	2	1	1	4	4	4	4	2	2	1	1	2	2	2	2	3	3	0	0	3	3	2	2	1	1	4	4	3	3	1	1	3	3	2	2	4	4	1	1	3	3	3	3	3	3	1	1	3	3	3	3	3	3	2	2	3	3	4	4	4	4	1	1	2	2	3	3	1	1	4	2	1	1	1	1	3	3	3	3	2	2	2	2	1	1	1	1	3	3	0	0	4	4	2	2	3	3	2	2	1	1	3	3	0	0	2	2	3	3	4	4	3	3	3	3	4	4	2	2	1	1	2	2	2	2	3	3	3	3	1	1	2	4	2	2	3	3	3	3	2	2	1	1	2	2	2	2	1	1	2	2	4	4
M075633_M764_5D	1	3	2	2	4	4	2	2	3	3	3	4	2	2	3	3	0	0	2	2	4	4	0	0	1	1	1	1	3	3	3	3	1	1	1	1	1	1	2	2	1	1	4	4	4	4	2	2	1	1	2	2	2	4	3	3	0	0	3	3	2	2	1	1	4	4	3	3	1	1	3	3	2	2	4	4	1	1	3	4	3	3	3	3	1	4	3	3	3	3	3	3	2	2	3	3	2	4	4	4	1	4	2	2	3	3	1	1	2	2	1	1	1	1	3	3	3	3	2	2	2	2	1	1	1	1	3	3	0	0	4	4	2	2	3	3	2	2	1	3	3	3	0	0	2	2	3	3	4	4	3	3	3	3	4	4	1	2	1	1	2	2	2	2	3	3	3	3	1	1	4	4	2	2	3	3	3	3	2	2	1	1	2	2	2	2	1	1	2	2	3	4
M075641_M764_6D	1	1	4	4	2	2	1	1	4	4	3	3	4	4	3	3	0	0	2	2	2	2	0	0	3	3	3	3	3	4	3	3	2	2	1	1	2	2	2	2	4	4	2	2	3	3	4	4	1	1	4	4	2	2	2	2	0	0	3	3	3	3	2	2	4	4	3	3	2	2	3	3	1	1	4	4	2	2	4	4	1	3	3	3	1	1	1	1	1	1	1	3	1	1	4	4	2	2	2	2	4	4	2	3	3	3	4	4	2	2	3	3	2	2	1	1	3	3	1	1	1	1	2	2	3	3	1	1	0	0	2	2	2	2	4	4	4	4	1	1	1	1	0	0	4	4	1	1	1	1	1	1	0	0	2	2	2	2	1	4	4	4	4	4	2	2	3	3	4	4	2	2	3	3	1	1	1	1	4	4	1	1	1	1	4	4	3	3	4	4	3	3
M075841_M766_7D	1	1	2	2	4	4	2	2	3	3	3	4	2	2	3	3	0	0	2	2	4	4	0	0	1	1	1	1	3	3	3	3	1	1	1	1	1	1	2	2	1	1	4	4	4	4	2	2	1	1	2	2	2	2	3	3	0	0	3	3	2	2	1	1	4	4	3	3	1	1	3	3	2	2	4	4	1	1	4	4	3	3	3	3	1	1	3	3	3	3	3	3	2	2	3	3	4	4	4	4	1	4	2	2	3	3	1	1	2	2	1	1	1	1	3	3	1	1	2	2	2	2	1	1	1	1	3	3	0	0	4	4	2	2	3	3	2	2	1	3	3	3	0	0	2	2	3	3	4	4	3	3	3	3	4	4	2	2	1	1	2	2	2	2	3	3	3	3	1	1	2	2	2	2	3	3	3	3	2	2	1	1	2	2	2	2	1	1	2	2	4	4
M075849_M766_8D	1	3	2	4	2	2	0	0	3	4	3	4	2	4	3	3	0	0	2	2	4	4	0	0	1	3	1	3	3	4	3	3	1	2	1	1	1	2	2	2	1	4	2	4	3	4	4	2	1	1	2	4	2	2	2	3	0	0	3	3	3	2	1	2	4	4	3	3	1	2	1	3	1	2	4	4	1	2	4	4	3	3	1	3	1	4	1	3	1	3	3	3	1	2	3	4	2	4	2	4	4	4	2	2	3	3	1	4	2	2	1	3	1	2	1	3	3	3	1	2	1	2	1	1	1	3	1	3	0	0	2	4	2	2	3	4	4	2	1	1	1	3	0	0	2	4	1	3	1	4	1	3	3	3	2	4	2	2	1	1	2	4	4	2	2	3	3	3	1	4	2	2	2	3	1	3	1	3	2	4	1	1	2	2	4	2	3	3	4	2	0	0
M075857_M766_9D	1	1	4	4	2	2	1	1	4	4	3	4	4	4	3	3	0	0	2	2	2	2	0	0	3	3	3	3	4	4	3	3	2	2	1	1	2	2	2	2	4	4	2	2	3	3	4	4	1	1	4	4	2	2	2	2	0	0	3	3	3	3	2	2	4	4	3	3	2	2	3	3	1	1	4	4	2	2	4	4	3	3	1	3	1	4	1	1	1	1	1	1	0	0	4	4	2	2	2	2	1	1	2	2	3	3	4	4	2	2	3	3	2	2	1	1	3	3	1	1	1	1	2	2	3	3	1	1	0	0	2	2	2	2	4	4	4	4	1	1	1	1	0	0	4	4	1	1	1	1	1	1	3	3	2	2	2	2	1	1	4	4	4	4	2	2	3	3	4	4	2	4	3	3	1	1	1	1	4	4	1	1	1	1	4	4	3	3	4	4	3	3
M075865_M766_10D	0	0	2	4	2	2	0	0	4	4	4	4	2	4	3	3	0	0	2	2	4	2	0	0	1	3	1	3	3	4	3	3	1	2	1	4	1	2	2	2	1	4	2	4	3	4	4	2	1	1	2	4	2	2	2	3	0	0	3	3	3	3	1	2	4	4	3	3	1	2	1	3	1	2	4	4	1	2	4	4	3	3	1	3	1	1	1	3	1	3	3	3	1	2	3	4	2	2	2	4	1	4	2	2	3	3	1	4	2	2	1	3	1	2	1	3	1	3	1	2	1	2	1	1	1	3	1	3	0	0	2	4	2	2	3	4	4	2	1	1	1	3	0	0	2	4	1	3	0	0	1	3	1	3	2	4	2	2	1	4	2	4	4	2	2	3	3	3	1	4	4	4	2	3	1	3	1	3	2	4	1	1	1	1	4	2	3	3	4	2	3	3
M075873_M766_11D	0	0	2	4	2	2	0	0	4	4	4	4	2	4	3	3	0	0	2	2	4	2	0	0	1	3	1	3	3	4	3	3	1	2	1	4	1	2	2	2	1	4	2	4	3	4	4	2	1	1	2	4	2	2	2	3	0	0	3	3	3	3	1	2	4	4	3	3	1	2	1	3	1	2	4	4	1	2	4	4	3	3	1	3	1	1	1	3	1	3	1	3	1	2	3	4	2	2	2	4	1	4	2	2	3	3	1	4	2	2	1	3	1	2	1	3	1	3	1	2	1	2	1	1	1	3	1	3	0	0	2	4	2	2	3	4	4	2	1	1	1	3	0	0	2	4	1	3	1	4	1	3	3	3	2	4	1	2	1	4	2	4	4	2	2	3	3	3	1	4	2	4	2	3	1	3	1	3	2	4	1	1	2	2	4	2	3	3	4	2	3	3
M075881_M766_12D	0	0	2	4	2	2	1	2	4	4	4	4	2	4	3	3	0	0	2	2	4	2	0	0	1	3	1	3	3	4	3	3	1	2	1	4	1	2	2	2	1	4	2	4	3	4	4	2	1	1	2	4	2	2	2	3	0	0	3	3	3	2	1	2	4	4	3	3	1	2	1	3	1	2	4	4	1	2	4	4	1	3	1	3	1	1	1	3	1	3	1	3	1	2	3	4	2	4	2	4	1	4	2	2	3	3	1	4	2	2	1	3	1	2	1	3	3	3	1	2	1	2	1	1	1	3	1	3	0	0	2	4	2	2	3	4	4	2	1	3	1	3	0	0	2	4	1	3	0	0	1	3	1	3	2	4	2	2	1	4	2	4	4	2	2	3	3	3	1	4	2	4	2	3	1	3	1	3	2	4	1	1	2	2	4	2	3	3	4	2	3	3
M075602_M764_1E	0	0	2	4	2	4	1	1	3	4	4	4	2	4	3	3	0	0	2	2	4	2	0	0	1	3	1	3	3	4	3	3	1	2	1	1	1	2	2	2	1	4	2	4	3	4	4	2	1	1	2	4	2	4	2	3	0	0	3	3	3	2	1	2	4	4	3	3	1	2	3	3	1	2	4	4	1	2	4	4	1	3	3	3	1	1	1	3	1	3	3	3	1	2	3	4	2	2	2	4	4	4	2	2	3	3	1	4	2	2	1	3	1	2	1	3	1	3	1	2	1	2	1	1	1	3	1	3	0	0	2	4	2	2	3	4	4	2	1	1	1	3	0	0	2	4	1	3	1	4	1	3	1	3	4	4	1	2	1	4	2	4	4	2	2	3	3	3	1	4	2	2	2	3	1	3	1	1	2	4	1	3	2	2	4	2	3	3	4	2	3	3
M075610_M764_2E	1	1	2	2	2	4	2	2	4	4	3	4	2	2	3	3	0	0	2	2	4	4	0	0	1	1	1	1	3	3	3	3	1	1	1	1	1	1	2	2	1	1	4	4	4	4	2	2	1	2	2	2	2	2	3	3	0	0	3	3	2	2	1	1	4	4	3	3	1	1	3	3	2	2	4	4	1	1	3	4	3	3	3	3	1	1	3	3	3	3	3	3	2	2	3	3	2	4	4	4	1	4	2	2	3	3	1	1	4	2	1	1	1	1	3	3	1	3	2	2	2	2	1	1	1	1	3	3	0	0	4	4	2	2	3	3	2	2	3	3	3	3	0	0	2	2	3	3	4	4	3	3	3	3	4	4	1	2	1	1	2	2	2	2	3	3	3	3	1	1	2	2	2	2	3	3	1	3	2	2	3	3	2	2	2	2	1	1	2	2	3	3
M075618_M764_3E	1	3	2	2	2	4	2	2	4	4	3	4	2	2	3	3	0	0	2	2	4	4	0	0	1	1	1	1	3	3	3	3	1	1	1	1	1	1	2	2	1	1	4	4	4	4	2	2	1	1	2	2	2	2	3	3	0	0	3	3	2	2	1	1	4	4	3	3	1	1	3	3	2	2	4	4	1	1	4	4	3	3	3	3	1	1	3	3	3	3	3	3	2	2	3	3	2	4	4	4	1	4	2	2	3	3	1	1	2	2	1	1	1	1	3	3	1	3	2	2	2	2	1	1	1	1	3	3	0	0	4	4	2	2	3	3	2	2	1	3	3	3	0	0	2	2	3	3	4	4	3	3	3	3	4	4	1	1	1	1	2	2	2	2	3	3	3	3	1	1	2	2	2	2	3	3	1	3	2	2	1	3	2	2	2	2	1	1	2	2	3	4
M075626_M764_4E	1	3	2	4	2	4	1	2	4	4	3	4	2	4	3	3	0	0	2	2	4	4	0	0	1	3	1	3	3	4	3	3	1	2	1	1	1	2	2	2	1	4	2	4	3	4	4	2	1	1	2	4	2	2	2	3	0	0	3	3	3	2	1	2	4	4	3	3	1	2	1	3	1	2	4	4	1	2	3	4	3	3	1	3	1	1	1	3	1	3	3	3	1	2	3	4	2	4	2	4	4	4	2	2	3	3	1	4	2	2	1	1	1	2	1	3	3	3	1	2	1	2	1	1	1	3	1	1	0	0	2	4	2	2	3	4	4	2	1	3	1	3	0	0	2	4	1	3	1	4	1	3	3	3	2	4	1	1	1	1	2	4	4	2	2	3	3	3	1	4	4	4	2	3	1	3	1	1	2	4	1	1	2	2	4	2	3	3	4	2	3	3
M075634_M764_5E	0	0	2	2	4	4	2	2	3	3	3	3	2	2	3	3	0	0	2	2	4	4	0	0	1	1	1	1	3	3	3	3	1	1	1	1	1	1	2	2	1	1	4	4	4	4	2	2	1	1	2	2	2	2	3	3	0	0	3	3	2	2	1	1	4	4	3	3	1	1	3	3	2	2	4	4	1	1	4	4	3	3	3	3	1	1	3	3	3	3	3	3	2	2	3	3	2	2	4	4	4	4	2	2	3	3	1	1	2	2	1	1	1	1	3	3	1	3	2	2	2	2	1	1	1	1	3	3	0	0	4	4	2	2	3	3	2	2	3	3	3	3	0	0	2	2	3	3	4	4	3	3	3	3	4	4	2	2	1	1	2	2	2	2	2	3	3	3	1	1	2	2	2	2	3	3	3	3	2	2	1	1	2	2	2	2	1	1	2	2	4	4
M075642_M764_6E	1	3	2	4	2	4	1	2	3	4	3	4	2	4	3	3	0	0	2	2	4	4	0	0	1	3	1	3	3	4	3	3	1	2	1	1	1	2	2	2	1	4	2	4	3	4	4	2	1	1	2	4	2	2	2	3	0	0	3	3	3	2	1	2	4	4	3	3	1	2	3	3	1	2	4	4	1	2	4	4	3	3	1	3	1	4	1	3	1	3	3	3	1	2	3	4	2	4	4	4	4	4	2	2	3	3	1	4	4	2	1	1	1	2	1	3	1	1	1	2	1	2	1	2	1	3	1	3	0	0	2	4	2	2	3	4	4	2	1	3	1	3	0	0	2	4	1	3	1	4	1	3	3	3	2	4	2	2	1	1	2	4	4	2	2	3	3	3	1	4	2	4	2	3	1	3	1	3	2	4	1	1	2	2	4	2	3	3	4	2	3	3
M075842_M766_7E	1	3	4	4	2	2	1	1	4	4	3	3	4	4	3	3	0	0	2	2	2	2	0	0	3	3	3	3	4	4	3	3	2	2	1	1	2	2	2	2	4	4	2	2	3	3	4	4	1	1	4	4	2	2	2	2	0	0	3	3	3	3	2	2	4	4	3	3	2	2	1	3	1	1	4	4	2	2	4	4	3	3	1	1	1	4	1	1	1	1	1	3	1	1	4	4	2	2	2	4	1	4	2	2	3	3	4	4	2	2	3	3	2	2	1	1	1	3	1	1	1	1	1	1	3	3	1	1	0	0	2	2	2	2	4	4	4	4	1	1	1	1	0	0	4	4	1	1	1	1	1	1	3	3	2	2	2	2	1	1	4	4	4	4	2	2	3	3	4	4	2	4	3	3	1	1	1	1	4	4	1	1	2	2	4	4	3	3	4	4	3	3
M075850_M766_8E	1	1	2	4	2	4	0	0	3	4	3	4	2	4	3	3	0	0	2	2	4	2	0	0	1	3	1	3	3	4	3	3	1	2	1	1	1	2	2	2	1	4	2	4	3	4	4	2	1	1	2	4	2	2	2	3	0	0	3	3	3	2	1	2	4	4	3	3	1	2	3	3	1	2	4	4	1	2	4	4	3	3	1	3	1	1	1	3	1	3	1	3	2	2	3	4	2	4	4	4	4	4	2	2	3	3	1	4	2	2	1	1	1	2	1	3	1	3	1	2	1	2	1	1	1	3	1	3	0	0	2	4	2	2	3	4	4	2	1	3	1	3	0	0	2	4	1	3	1	4	1	3	3	3	2	4	2	2	1	1	2	4	4	2	2	3	3	3	1	4	2	4	2	3	1	3	1	3	2	4	1	1	2	2	4	2	1	1	4	2	3	3
M075858_M766_9E	1	1	4	4	2	2	1	1	4	4	3	3	4	4	3	3	0	0	2	2	2	2	0	0	3	3	3	3	4	4	3	3	2	2	1	1	2	2	2	2	4	4	2	2	3	3	4	4	1	1	4	4	2	2	2	2	0	0	3	3	3	3	2	2	4	4	3	3	2	2	3	3	1	1	4	4	2	2	4	4	3	3	1	3	1	4	1	1	1	1	1	1	2	2	4	4	2	2	2	4	1	1	2	2	3	3	4	4	2	2	3	3	2	2	1	1	3	3	1	1	1	1	2	2	3	3	1	1	0	0	2	2	2	2	4	4	4	4	1	1	1	1	0	0	4	4	1	1	1	1	1	1	0	0	2	2	2	2	1	1	4	4	4	4	2	2	3	3	4	4	2	4	3	3	1	1	1	1	4	4	1	1	1	1	4	4	3	3	4	4	3	3
M075866_M766_10E	1	1	2	4	2	2	0	0	4	4	3	4	2	4	3	3	0	0	2	2	4	4	0	0	1	3	1	3	3	4	3	3	1	2	1	1	1	2	2	2	1	4	2	4	3	4	4	2	1	1	2	4	2	2	2	3	0	0	3	3	3	3	1	2	4	4	3	3	1	2	3	3	1	2	4	4	1	2	4	4	3	3	3	3	1	1	1	3	1	3	1	3	1	2	3	4	2	2	2	4	1	4	2	2	3	3	1	4	2	2	1	3	1	2	1	3	3	3	1	2	1	2	1	1	1	3	1	3	0	0	2	4	2	2	3	4	4	2	1	1	1	3	0	0	2	4	1	3	1	4	1	3	3	3	2	4	2	2	1	1	2	4	4	2	2	3	3	3	1	4	2	4	2	3	1	3	1	3	2	4	1	1	2	2	4	2	3	3	4	2	0	0
M075874_M766_11E	0	0	2	4	2	2	0	0	4	4	3	4	2	4	3	3	0	0	2	2	4	4	0	0	1	3	1	3	3	4	3	3	1	2	1	1	1	2	2	2	1	4	2	4	3	4	4	2	1	1	2	4	2	2	2	3	0	0	3	3	3	3	1	2	4	4	3	3	1	2	3	3	1	2	4	4	1	2	4	4	3	3	3	3	1	1	1	3	1	3	1	3	1	2	3	4	2	2	2	4	1	4	2	2	3	3	1	4	2	2	1	3	1	2	1	3	3	3	1	2	1	2	1	1	1	3	1	3	0	0	2	4	2	2	3	4	4	2	1	1	1	3	0	0	2	4	1	3	1	4	1	3	3	3	2	4	2	2	1	1	2	4	4	2	2	3	3	3	1	4	2	4	2	3	1	3	1	3	2	4	1	1	2	2	4	2	3	3	4	2	3	3
M075882_M766_12E	1	1	2	4	2	2	1	2	4	4	4	4	2	4	3	3	0	0	2	2	4	2	0	0	1	3	1	3	3	4	3	3	1	2	1	4	1	2	2	2	1	4	2	4	3	4	4	2	1	1	2	4	2	2	2	3	0	0	3	3	3	2	1	2	4	4	3	3	1	2	1	3	1	2	4	4	1	2	4	4	1	3	1	3	1	1	1	3	1	3	1	3	1	2	3	4	2	4	2	4	1	4	2	2	3	3	1	4	2	2	1	3	1	2	1	3	3	3	1	2	1	2	1	1	1	3	1	3	0	0	2	4	2	2	3	4	0	0	1	3	1	3	0	0	2	4	1	3	0	0	1	3	1	3	2	4	2	2	1	4	2	4	4	2	2	3	3	3	1	4	2	4	2	3	1	3	1	3	2	4	1	1	2	2	4	2	3	3	4	2	3	3
M075603_M764_1F	1	1	2	4	2	4	1	1	3	4	3	4	2	4	3	3	0	0	2	2	4	2	0	0	1	3	1	3	3	4	3	3	1	2	1	1	1	2	2	2	1	4	2	4	3	4	4	2	1	2	2	4	2	4	2	3	0	0	3	3	3	2	1	2	4	4	3	3	1	2	3	3	1	2	4	4	1	2	4	4	1	3	3	3	1	1	1	3	1	3	3	3	1	2	3	4	2	2	2	4	1	4	2	2	3	3	1	4	4	4	1	3	1	2	1	3	1	1	1	2	1	2	1	1	1	3	1	3	0	0	2	4	2	2	3	4	4	2	1	3	1	3	0	0	2	4	1	3	1	4	1	3	1	3	4	4	2	2	1	4	2	4	4	2	2	3	3	3	1	4	2	2	2	3	1	3	1	1	2	4	1	3	2	2	4	2	3	3	4	2	3	3
M075611_M764_2F	1	1	2	4	2	4	0	0	3	4	4	4	2	4	3	3	0	0	2	2	4	2	0	0	1	3	1	3	3	4	3	3	1	2	1	1	1	2	2	2	1	4	2	4	3	4	4	2	1	1	2	4	2	4	3	3	0	0	3	3	3	2	1	2	4	4	3	3	1	2	3	3	1	2	4	4	1	2	4	4	1	3	1	3	1	1	1	3	1	3	1	3	1	2	3	4	2	4	2	4	1	1	2	3	3	3	1	4	2	2	1	3	1	2	1	3	1	1	1	2	1	2	1	2	1	3	1	3	0	0	2	4	2	2	3	4	4	2	1	1	1	3	0	0	2	4	1	3	1	4	1	3	3	3	2	4	2	2	1	1	2	4	4	2	2	3	3	3	1	4	2	4	2	3	1	3	1	1	2	4	1	1	1	1	4	2	1	1	4	2	3	3
M075619_M764_3F	1	3	2	2	4	4	2	2	3	3	3	3	2	2	3	3	0	0	2	2	4	4	0	0	1	1	1	1	3	3	3	3	1	1	1	1	1	1	2	2	1	1	4	4	4	4	2	2	1	1	2	2	2	4	3	3	0	0	3	3	2	2	1	1	4	4	3	3	1	1	3	3	2	2	4	4	1	1	3	3	3	3	3	3	4	4	3	3	3	3	3	3	2	2	3	3	4	4	4	4	1	1	2	2	3	3	1	1	2	2	1	1	1	1	3	3	1	1	2	2	2	2	1	1	1	1	3	3	0	0	4	4	2	2	3	3	2	2	1	1	3	3	0	0	2	2	3	3	4	4	3	3	3	3	4	4	2	2	1	1	2	2	2	2	3	3	3	3	1	1	4	4	2	2	3	3	3	3	2	2	1	1	2	2	2	2	1	1	2	2	4	4
M075627_M764_4F	0	0	2	4	2	4	1	2	3	4	3	4	2	4	3	3	0	0	2	2	4	2	0	0	1	3	1	3	3	4	3	3	1	2	1	1	1	2	2	2	1	4	2	4	3	4	4	2	1	1	2	4	2	2	3	3	0	0	3	3	2	2	1	2	4	4	3	3	1	2	3	3	1	2	4	4	1	2	3	4	1	3	1	3	1	4	1	3	1	3	3	3	1	2	3	4	2	4	4	4	4	4	2	3	3	3	1	4	2	2	1	3	1	2	1	3	1	3	1	2	1	2	1	2	1	3	1	3	0	0	2	4	2	2	3	4	4	2	1	1	1	3	0	0	2	4	1	3	1	4	1	3	3	3	0	0	2	2	1	1	2	4	4	2	2	3	3	3	1	4	2	2	2	3	1	3	1	3	2	4	1	1	2	2	4	2	3	3	4	2	3	3
M075635_M764_5F	1	1	2	4	2	4	1	2	3	4	4	4	2	4	3	3	0	0	2	2	4	2	0	0	1	3	1	3	3	4	3	3	1	2	1	1	1	2	2	2	1	4	2	4	3	4	4	2	1	1	2	4	2	2	2	3	0	0	3	3	3	2	1	2	4	4	3	3	1	2	1	3	1	2	4	4	1	2	3	4	3	3	1	3	1	1	1	3	1	3	1	3	1	2	3	4	2	2	4	4	1	4	2	2	3	3	1	4	2	2	1	1	1	2	1	3	1	3	1	2	1	2	1	1	1	3	1	3	0	0	2	4	2	2	3	4	4	2	1	3	1	3	0	0	2	4	1	3	1	4	1	3	3	3	2	4	2	2	1	1	2	4	4	2	2	3	3	3	1	4	4	4	2	3	1	3	1	3	2	4	1	1	1	2	4	2	3	3	4	2	0	0
M075643_M764_6F	0	0	2	4	2	4	0	0	3	4	3	3	2	4	3	3	0	0	2	2	4	2	0	0	1	3	1	3	3	4	3	3	1	2	1	1	1	2	2	2	1	4	2	4	3	4	4	2	1	1	2	4	2	4	2	3	0	0	3	3	2	2	1	2	4	4	3	3	1	2	3	3	1	2	4	4	1	2	4	4	3	3	3	3	1	1	1	3	1	3	3	3	1	2	3	4	2	4	4	4	1	4	2	3	3	3	1	4	2	2	1	3	1	2	1	3	1	1	1	2	1	2	1	2	1	3	1	3	0	0	2	4	2	2	3	4	4	2	1	1	1	3	0	0	2	4	1	3	1	4	1	3	3	3	2	4	2	2	1	1	2	4	4	2	2	3	3	3	1	4	2	2	2	3	1	3	1	1	2	4	1	1	2	2	4	2	3	3	4	2	3	3
M075843_M766_7F	1	1	2	4	2	4	0	0	3	4	3	3	2	4	3	3	0	0	2	2	4	4	0	0	1	3	1	3	3	4	3	3	1	2	1	1	1	2	2	2	1	4	2	4	3	4	4	2	1	1	2	4	2	2	2	3	0	0	3	3	3	2	1	2	4	4	3	3	1	2	3	3	1	2	4	4	1	2	4	4	3	3	1	3	1	1	1	3	1	3	1	3	1	2	3	4	2	4	2	4	4	4	2	2	3	3	1	4	2	2	1	3	1	2	1	3	1	3	1	2	1	2	1	2	1	3	1	3	0	0	2	4	2	2	3	4	4	2	1	3	1	3	0	0	2	4	1	3	1	4	1	3	3	3	2	4	2	2	1	1	2	4	4	2	2	3	3	3	1	4	2	4	2	3	1	3	1	3	2	4	1	1	2	2	4	2	1	1	4	2	0	0
M075851_M766_8F	1	1	4	4	2	2	1	1	4	4	3	3	4	4	3	3	0	0	2	2	2	2	0	0	3	3	3	3	4	4	3	3	2	2	1	1	2	2	2	2	4	4	2	2	3	3	4	4	1	1	4	4	2	2	2	2	0	0	3	3	3	3	2	2	4	4	3	3	2	2	1	3	1	1	4	4	2	2	4	4	3	3	1	1	1	4	1	1	1	1	1	3	1	1	4	4	2	2	2	2	1	4	2	2	3	3	4	4	2	2	3	3	2	2	1	1	1	3	1	1	1	1	1	1	3	3	1	1	0	0	2	2	2	2	4	4	4	4	1	1	1	1	0	0	4	4	1	1	1	1	1	1	0	0	2	2	2	2	1	1	4	4	4	4	2	2	3	3	4	4	2	2	3	3	1	1	1	1	4	4	1	1	2	2	4	4	3	3	4	4	3	3
M075859_M766_9F	1	3	2	4	2	4	0	0	3	4	3	3	2	4	3	3	0	0	2	2	4	2	0	0	1	3	1	3	3	4	3	3	1	2	1	1	1	2	2	2	1	4	2	4	3	4	4	2	1	1	2	4	2	2	2	3	0	0	3	3	3	2	1	2	4	4	3	3	1	2	3	3	1	2	4	4	1	2	4	4	3	3	1	3	1	4	1	3	1	3	1	3	2	2	3	4	2	4	2	4	1	4	2	2	3	3	1	4	2	2	1	1	1	1	1	3	1	3	1	2	1	2	1	2	1	3	1	3	0	0	2	4	2	2	3	4	4	2	1	3	1	3	0	0	2	4	1	3	1	4	1	3	3	3	2	4	2	2	1	1	2	4	4	2	2	3	3	3	1	4	2	4	2	3	1	3	1	3	2	4	1	1	1	2	4	2	3	3	4	2	0	0
M075867_M766_10F	1	3	4	4	2	2	1	1	4	4	4	4	4	4	3	3	0	0	2	2	2	2	0	0	3	3	3	3	4	4	3	3	2	2	1	4	2	2	2	2	4	4	2	2	3	3	4	4	1	1	4	4	2	2	2	2	0	0	3	3	3	2	2	2	4	4	3	3	2	2	1	3	1	1	4	4	2	2	4	4	3	3	1	1	1	1	1	1	1	1	1	1	1	1	4	4	2	2	2	4	4	4	2	3	3	3	4	4	2	2	3	3	2	2	1	1	1	3	1	1	1	1	1	1	3	3	1	1	0	0	2	2	2	2	4	4	4	4	1	1	1	1	0	0	4	4	1	1	1	1	1	1	0	0	2	2	2	2	1	4	4	4	4	4	2	2	3	3	4	4	4	4	3	3	1	1	1	1	4	4	1	1	2	2	4	4	3	3	4	4	3	3
M075875_M766_11F	1	3	2	4	2	2	0	0	4	4	4	4	2	4	3	3	0	0	2	2	4	2	0	0	1	3	1	3	3	4	3	3	1	2	1	1	1	2	2	2	1	4	2	4	3	4	4	2	1	1	2	4	2	2	2	3	0	0	3	3	3	2	1	2	4	4	3	3	1	2	3	3	1	2	4	4	1	2	4	4	3	3	1	3	1	1	1	3	1	3	3	3	1	2	3	4	2	2	4	4	1	4	2	3	3	3	1	4	4	2	1	3	1	2	1	3	1	3	1	2	1	2	1	1	1	3	1	3	0	0	2	4	2	2	3	4	4	2	1	1	1	3	0	0	2	4	1	3	1	4	1	3	3	3	2	4	1	2	1	1	2	4	4	2	2	3	3	3	1	4	2	4	2	3	1	3	1	3	2	4	1	1	1	1	4	2	3	3	4	2	0	0
M075883_M766_12F	1	3	4	4	2	2	1	1	4	4	4	4	4	4	3	3	0	0	2	2	2	2	0	0	3	3	3	3	4	4	3	3	2	2	1	4	2	2	2	2	4	4	2	2	3	3	4	4	1	1	4	4	2	2	2	2	0	0	3	3	3	3	2	2	4	4	3	3	2	2	1	3	1	1	4	4	2	2	4	4	1	3	1	3	1	1	1	1	1	1	1	1	1	1	4	4	2	2	2	4	4	4	2	2	3	3	4	4	4	2	3	3	2	2	1	1	3	3	1	1	1	1	1	1	3	3	1	1	0	0	2	2	2	2	4	4	4	4	1	1	1	1	0	0	4	4	1	1	1	1	1	1	1	1	2	2	2	2	1	4	4	4	4	4	2	2	3	3	4	4	2	2	3	3	1	1	1	1	4	4	1	1	2	2	4	4	3	3	4	4	3	3
M075604_M764_1G	1	3	2	2	2	4	2	2	3	4	3	4	2	2	3	3	0	0	2	2	4	4	0	0	1	1	1	1	3	3	3	3	1	1	1	1	1	1	2	2	1	1	4	4	4	4	2	2	1	1	2	2	2	4	3	3	0	0	3	3	2	2	1	1	4	4	3	3	1	1	3	3	2	2	4	4	1	1	3	4	3	3	3	3	1	4	3	3	3	3	3	3	2	2	3	3	2	2	4	4	1	4	2	2	3	3	1	1	4	2	1	1	1	1	3	3	1	3	2	2	2	2	1	1	1	1	3	3	0	0	4	4	2	2	3	3	2	2	3	3	3	3	0	0	2	2	3	3	4	4	3	3	3	3	4	4	1	2	1	1	2	2	2	2	3	3	3	3	1	1	2	4	2	2	3	3	1	3	2	2	3	3	2	2	2	2	1	1	2	2	3	4
M075612_M764_2G	1	1	2	4	2	4	1	1	4	4	3	4	2	4	3	3	0	0	2	2	4	2	0	0	1	3	1	3	3	4	3	4	2	2	1	4	1	2	2	2	1	4	2	4	3	4	4	2	1	2	2	4	2	2	2	3	0	0	3	3	3	2	1	2	4	4	3	3	1	2	3	3	1	2	2	4	0	0	4	4	3	3	3	3	1	1	1	3	1	3	1	3	1	2	3	4	2	2	2	4	1	4	2	2	3	3	1	4	4	2	1	3	1	2	1	3	1	3	1	2	1	2	1	1	1	3	1	3	0	0	2	4	2	2	3	4	0	0	1	3	1	3	0	0	2	4	1	3	1	4	1	3	1	3	2	4	2	2	1	4	2	4	4	2	2	3	3	3	1	4	2	4	2	3	1	3	1	1	2	4	1	3	2	2	4	2	3	3	4	2	3	3
M075620_M764_3G	1	3	2	2	2	4	0	0	3	4	4	4	2	2	3	3	0	0	2	2	4	4	0	0	1	1	1	1	3	3	3	3	1	1	1	1	1	1	2	2	1	1	4	4	4	4	2	2	1	1	2	2	2	2	3	3	0	0	3	3	2	2	1	1	4	4	3	3	1	1	3	3	2	2	4	4	1	1	3	4	3	3	3	3	1	1	3	3	3	3	3	3	2	2	3	3	2	2	4	4	1	4	2	2	3	3	1	1	4	2	1	1	1	1	3	3	3	3	2	2	2	2	1	1	1	1	3	3	0	0	4	4	2	2	3	3	2	2	1	3	3	3	0	0	2	2	3	3	4	4	3	3	3	3	4	4	1	1	1	1	2	2	2	2	3	3	3	3	1	1	2	2	2	2	3	3	1	3	2	2	3	3	2	2	2	2	1	1	2	2	3	4
M075628_M764_4G	0	0	2	4	2	4	0	0	3	4	3	3	2	4	3	3	0	0	2	2	4	2	0	0	1	3	1	3	3	4	3	3	1	2	1	1	1	2	2	2	1	4	2	4	3	4	4	2	1	1	2	4	2	2	3	3	0	0	3	3	2	2	1	2	4	4	3	3	1	2	3	3	1	2	4	4	1	2	4	4	1	3	1	3	1	1	1	3	1	3	1	3	1	2	3	4	2	4	4	4	4	4	2	3	3	3	1	4	2	2	1	3	1	2	1	3	1	3	1	2	1	2	1	2	1	3	1	3	0	0	2	4	2	2	3	4	4	2	1	1	1	3	0	0	2	4	1	3	1	4	1	3	3	3	2	4	2	2	1	1	2	4	4	2	2	3	3	3	1	4	2	2	2	3	1	3	1	1	2	4	1	1	2	2	4	2	3	3	4	2	3	3
M075636_M764_5G	1	3	4	4	2	2	1	1	4	4	3	4	4	4	3	3	0	0	2	2	2	2	0	0	3	3	3	3	4	4	3	3	2	2	1	1	2	2	2	2	4	4	2	2	3	3	4	4	1	1	4	4	2	2	2	2	0	0	3	3	3	3	2	2	4	4	3	3	2	2	1	3	1	1	4	4	2	2	3	4	3	3	1	3	1	1	1	1	1	1	1	1	1	1	4	4	2	2	2	4	1	4	2	2	3	3	4	4	2	2	3	3	2	2	1	1	1	1	1	1	1	1	1	2	3	3	1	1	0	0	2	2	2	2	4	4	4	4	1	1	1	1	0	0	4	4	1	1	1	1	1	1	0	0	2	2	2	2	1	1	4	4	4	4	2	2	3	3	4	4	2	4	3	3	1	1	1	1	4	4	1	1	1	2	4	4	3	3	4	4	3	3
M075644_M764_6G	0	0	4	4	2	2	1	1	4	4	3	4	4	4	3	3	0	0	2	2	2	2	0	0	3	3	3	3	4	4	3	3	2	2	1	1	2	2	2	2	4	4	2	2	3	3	4	4	1	1	4	4	2	2	2	2	0	0	3	3	3	3	2	2	4	4	3	3	2	2	3	3	1	1	4	4	2	2	4	4	3	3	1	1	1	4	1	1	1	1	3	3	1	1	4	4	2	2	2	2	4	4	2	2	3	3	4	4	2	2	3	3	2	2	1	1	1	1	1	1	1	1	2	2	3	3	1	1	0	0	2	2	2	2	4	4	4	4	1	1	1	1	0	0	4	4	1	1	1	1	1	1	0	0	2	2	2	2	4	4	4	4	4	4	2	2	3	3	4	4	4	4	3	3	1	1	1	1	4	4	1	1	2	2	4	4	3	3	4	4	3	3
M075844_M766_7G	1	3	4	4	2	2	1	1	4	4	3	3	4	4	3	3	0	0	2	2	2	2	0	0	3	3	3	3	4	4	3	3	2	2	1	1	2	2	2	2	4	4	2	2	3	3	4	4	1	1	4	4	2	2	3	3	0	0	3	3	3	3	2	2	4	4	3	3	2	2	3	3	1	1	4	4	2	2	4	4	3	3	3	3	1	1	1	1	1	1	1	1	1	1	4	4	2	2	4	4	4	4	2	2	3	3	4	4	2	2	3	3	2	2	1	1	1	1	1	1	1	1	2	2	3	3	1	1	0	0	2	2	2	2	4	4	4	4	1	1	1	1	0	0	4	4	1	1	1	1	1	1	3	3	2	2	2	2	1	1	4	4	4	4	2	2	3	3	4	4	2	2	3	3	1	1	1	1	4	4	1	1	2	2	4	4	3	3	4	4	3	3
M075852_M766_8G	1	1	2	4	2	4	0	0	3	4	3	4	2	4	3	3	0	0	2	2	4	2	0	0	1	3	1	3	3	4	3	3	1	2	1	1	1	2	2	2	1	4	2	4	3	4	4	2	1	1	2	4	2	2	2	3	0	0	3	3	3	2	1	2	4	4	3	3	1	2	3	3	1	2	4	4	1	2	4	4	1	3	1	3	1	4	1	3	1	3	3	3	2	2	3	4	2	4	2	4	1	4	2	2	3	3	1	4	4	2	1	1	1	2	1	3	1	3	1	2	1	2	1	1	1	3	1	3	0	0	2	4	2	2	3	4	0	0	1	1	1	3	0	0	2	4	1	3	1	4	1	3	3	3	2	4	2	2	1	1	2	4	4	2	2	3	3	3	1	4	4	4	2	3	1	3	1	3	2	4	1	1	2	2	4	2	3	3	4	2	0	0
M075860_M766_9G	1	3	4	4	2	2	1	1	4	4	3	3	4	4	3	3	0	0	2	2	2	2	0	0	3	3	3	3	4	4	3	3	2	2	1	1	2	2	2	2	4	4	2	2	3	3	4	4	1	1	4	4	2	2	2	2	0	0	3	3	3	3	2	2	4	4	1	3	2	2	3	3	1	1	4	4	2	2	4	4	3	3	1	1	4	4	1	1	1	1	1	1	1	1	4	4	2	2	2	2	1	1	2	2	3	3	4	4	2	2	3	3	2	2	1	1	3	3	1	1	1	1	1	2	3	3	1	1	0	0	2	2	2	2	4	4	4	4	1	1	1	1	0	0	4	4	1	1	1	1	1	1	3	3	2	2	2	2	1	1	4	4	4	4	2	2	3	3	4	4	2	2	3	3	1	1	1	1	4	4	1	1	2	2	4	4	3	3	4	4	3	3
M075868_M766_10G	1	3	2	4	2	2	0	0	4	4	4	4	2	4	3	3	0	0	2	2	4	2	0	0	1	3	1	3	3	4	3	3	1	2	1	4	1	2	2	2	1	4	2	4	3	4	4	2	1	1	2	4	2	2	2	3	0	0	3	3	3	3	1	2	4	4	3	3	1	2	1	3	1	2	4	4	1	2	4	4	3	3	1	3	1	1	1	3	1	3	3	3	1	2	3	4	2	2	2	4	1	4	2	2	3	3	1	4	2	2	1	3	1	2	1	3	1	3	1	2	1	2	1	1	1	3	1	3	0	0	2	4	2	2	3	4	4	2	1	1	1	3	0	0	2	4	1	3	0	0	1	3	1	3	2	4	1	2	1	4	2	4	4	2	2	3	3	3	1	4	2	2	2	3	1	3	1	3	2	4	1	1	1	1	4	2	3	3	4	2	3	3
M075876_M766_11G	0	0	2	4	2	4	1	2	3	4	3	4	2	4	3	3	0	0	2	2	4	4	0	0	1	3	1	3	3	4	3	3	1	2	1	1	1	2	2	2	1	4	2	4	3	4	4	2	1	1	2	4	2	2	2	3	0	0	3	3	3	2	1	2	4	4	3	3	1	2	3	3	1	2	4	4	1	2	3	4	3	3	3	3	1	4	1	3	1	3	1	3	1	2	3	4	2	4	2	4	1	4	2	2	3	3	1	4	2	2	1	3	1	2	1	3	3	3	1	2	1	2	1	1	1	3	1	3	0	0	2	4	2	2	3	4	4	2	1	3	1	3	0	0	2	4	1	3	1	4	1	3	3	3	2	4	2	2	1	1	2	4	4	2	2	3	3	3	1	4	2	2	2	3	1	3	1	3	2	4	1	1	2	2	4	2	3	3	4	2	0	0
M075884_M766_12G	1	3	4	4	2	2	1	1	4	4	4	4	4	4	3	3	0	0	2	2	2	2	0	0	3	3	3	3	4	4	3	3	2	2	4	4	2	2	2	2	4	4	2	2	3	3	4	4	1	1	4	4	2	2	2	2	0	0	3	3	3	3	2	2	4	4	3	3	2	2	1	1	1	1	4	4	2	2	4	4	1	3	1	3	1	1	1	1	1	1	1	3	1	1	4	4	2	2	2	2	4	4	2	2	3	3	4	4	2	2	3	3	2	2	1	1	3	3	1	1	1	1	1	1	3	3	1	1	0	0	2	2	2	2	4	4	4	4	1	1	1	1	0	0	4	4	1	1	1	1	1	1	1	1	2	2	2	2	1	4	4	4	4	4	2	2	3	3	4	4	2	4	3	3	1	1	1	1	4	4	1	1	2	2	4	4	3	3	4	4	3	3
M075605_M764_1H	1	3	2	4	2	4	1	2	4	4	3	4	2	4	3	3	0	0	2	2	4	2	0	0	1	3	1	3	3	4	3	3	1	2	1	1	1	2	2	2	1	4	2	4	3	4	4	2	1	1	2	4	2	2	2	3	0	0	3	3	3	2	1	2	4	4	3	3	1	2	3	3	1	2	4	4	1	2	4	4	1	3	3	3	1	4	1	3	1	3	3	3	1	2	3	4	2	4	2	4	1	4	2	2	3	3	1	4	2	2	1	3	1	2	1	3	1	1	1	2	1	2	1	1	1	3	1	3	0	0	2	4	2	2	3	4	4	2	1	3	1	3	0	0	2	4	1	3	1	4	1	3	1	3	4	4	2	2	1	4	2	4	4	2	2	3	3	3	1	4	2	4	2	3	1	3	1	1	2	4	1	1	2	2	4	2	3	3	4	2	3	3
M075613_M764_2H	0	0	4	4	2	2	1	1	4	4	3	4	4	4	3	3	0	0	2	2	2	2	0	0	3	3	3	3	4	4	3	3	2	2	1	1	2	2	2	2	4	4	2	2	3	3	4	4	1	1	4	4	2	2	2	3	0	0	3	3	3	3	2	2	4	4	3	3	2	2	3	3	1	1	4	4	2	2	4	4	1	1	1	3	1	1	1	1	1	1	1	3	1	1	4	4	2	2	2	2	1	4	2	3	3	3	4	4	2	2	3	3	2	2	1	1	1	1	1	1	1	1	1	2	3	3	1	1	0	0	2	2	2	2	4	4	4	4	1	1	1	1	0	0	4	4	1	1	1	1	1	1	1	1	2	2	2	2	1	4	4	4	4	4	2	2	3	3	4	4	2	4	3	3	1	1	1	1	4	4	1	1	1	2	4	4	3	3	4	4	3	3
M075621_M764_3H	1	3	2	2	2	4	2	2	3	4	4	4	2	2	3	3	0	0	2	2	4	4	0	0	1	1	1	1	3	3	3	3	1	1	1	1	1	1	2	2	1	1	4	4	4	4	2	2	1	1	2	2	2	4	3	3	0	0	3	3	2	2	1	1	4	4	3	3	1	1	3	3	2	2	4	4	1	1	4	4	3	3	3	3	1	1	3	3	3	3	3	3	2	2	3	3	2	4	4	4	1	4	2	2	3	3	1	1	2	2	1	1	1	1	3	3	3	3	2	2	2	2	1	1	1	1	3	3	0	0	4	4	2	2	3	3	2	2	1	3	3	3	0	0	2	2	3	3	4	4	3	3	3	3	4	4	1	1	1	1	2	2	2	2	3	3	3	3	1	1	2	2	2	2	3	3	1	1	2	2	1	3	2	2	2	2	1	1	2	2	3	4
M075629_M764_4H	1	3	2	2	2	4	2	2	3	3	3	3	2	2	3	3	0	0	2	2	4	4	0	0	1	1	1	1	3	3	3	3	1	1	1	1	1	1	2	2	1	1	4	4	4	4	2	2	1	1	2	2	2	2	3	3	0	0	3	3	2	2	1	1	4	4	3	3	1	1	3	3	2	2	4	4	1	1	3	4	3	3	3	3	1	4	3	3	3	3	3	3	2	2	3	3	4	4	4	4	4	4	2	2	3	3	1	1	2	2	1	1	1	1	3	3	1	3	2	2	2	2	1	1	1	1	3	3	0	0	4	4	2	2	3	3	2	2	1	1	3	3	0	0	2	2	3	3	4	4	3	3	3	3	4	4	2	2	1	1	2	2	2	2	3	3	3	3	1	1	2	2	2	2	3	3	3	3	2	2	1	1	2	2	2	2	1	1	2	2	4	4
M075637_M764_5H	1	1	2	2	4	4	2	2	3	3	3	4	2	2	3	3	0	0	2	2	4	4	0	0	1	1	1	1	3	3	3	3	1	1	1	1	1	1	2	2	1	1	4	4	4	4	2	2	1	1	2	2	2	2	3	3	0	0	3	3	2	2	1	1	4	4	3	3	1	1	3	3	2	2	4	4	1	1	3	4	3	3	3	3	1	4	3	3	3	3	3	3	2	2	3	3	2	2	4	4	1	4	2	2	3	3	1	1	2	2	1	1	1	1	3	3	3	3	2	2	2	2	1	1	1	1	3	3	0	0	4	4	2	2	3	3	2	2	3	3	3	3	0	0	2	2	3	3	4	4	3	3	3	3	4	4	2	2	1	1	2	2	2	2	3	3	3	3	1	1	4	4	2	2	3	3	3	3	2	2	1	1	2	2	2	2	1	1	2	2	3	4
M075645_M764_6H	1	1	4	4	2	2	1	1	4	4	3	4	4	4	3	3	0	0	2	2	2	2	0	0	3	3	3	3	3	4	3	3	2	2	1	1	2	2	2	2	4	4	2	2	3	3	4	4	1	1	4	4	2	2	2	2	0	0	3	3	2	2	2	2	4	4	3	3	2	2	3	3	1	1	4	4	2	2	4	4	3	3	3	3	1	1	1	1	1	1	1	3	1	1	4	4	2	2	4	4	4	4	2	3	3	3	4	4	2	2	3	3	2	2	1	1	1	3	1	1	1	1	1	2	3	3	1	1	0	0	2	2	2	2	4	4	4	4	1	1	1	1	0	0	4	4	1	1	1	1	1	3	3	3	2	2	2	2	1	4	4	4	4	4	2	2	3	3	4	4	2	2	3	3	1	1	1	1	4	4	1	1	2	2	4	4	3	3	4	4	3	3
M075845_M766_7H	1	1	4	4	2	2	1	1	4	4	3	4	4	4	3	3	0	0	2	2	2	2	0	0	3	3	3	3	4	4	3	3	2	2	1	1	2	2	2	2	4	4	2	2	3	3	4	4	1	1	4	4	2	2	2	2	0	0	3	3	3	3	2	2	4	4	3	3	2	2	1	3	1	1	4	4	2	2	4	4	3	3	1	1	1	4	1	1	1	1	1	3	1	1	4	4	2	2	2	2	4	4	2	2	3	3	4	4	2	2	3	3	2	2	1	1	1	1	1	1	1	1	1	1	3	3	0	0	0	0	2	2	2	2	4	4	4	4	1	1	1	1	0	0	4	4	1	1	1	1	1	1	0	0	2	2	2	2	1	1	4	4	4	4	2	2	3	3	4	4	2	4	3	3	1	1	1	1	4	4	1	1	2	2	4	4	3	3	4	4	3	3
M075853_M766_8H	1	3	4	4	2	2	1	1	4	4	3	3	4	4	3	3	0	0	2	2	2	2	0	0	3	3	3	3	4	4	3	3	2	2	1	1	2	2	2	2	4	4	2	2	3	3	4	4	1	1	4	4	2	2	2	2	0	0	3	3	3	3	2	2	4	4	3	3	2	2	3	3	1	1	4	4	2	2	4	4	3	3	1	1	4	4	1	1	1	1	1	3	2	2	4	4	2	2	4	4	4	4	2	2	3	3	4	4	2	2	3	3	2	2	1	1	1	1	1	1	1	1	1	1	3	3	0	0	0	0	2	2	2	2	4	4	4	4	1	1	1	1	0	0	4	4	1	1	1	1	1	1	3	3	2	2	2	2	1	1	4	4	4	4	2	2	3	3	4	4	4	4	3	3	1	1	1	1	4	4	1	1	2	2	4	4	3	3	4	4	3	3
M075861_M766_9H	1	3	4	4	2	2	1	1	4	4	3	4	4	4	3	3	0	0	2	2	2	2	0	0	3	3	3	3	4	4	3	3	2	2	1	1	2	2	2	2	4	4	2	2	3	3	4	4	1	1	4	4	2	2	2	2	0	0	3	3	3	3	2	2	4	4	3	3	2	2	3	3	1	1	4	4	2	2	4	4	3	3	1	1	1	4	1	1	1	1	1	1	1	1	4	4	2	2	2	2	1	1	2	2	3	3	4	4	2	2	3	3	2	2	1	1	3	3	1	1	1	1	1	2	3	3	0	0	0	0	2	2	2	2	4	4	4	4	1	1	1	1	0	0	4	4	1	1	1	1	1	1	0	0	2	2	2	2	1	1	4	4	4	4	2	2	3	3	4	4	0	0	3	3	1	1	1	1	4	4	1	1	1	2	4	4	3	3	4	4	0	0
M075869_M766_10H	1	3	2	4	2	2	0	0	4	4	4	4	2	4	3	3	0	0	2	2	4	2	0	0	1	3	1	3	3	4	3	3	1	2	1	1	1	2	2	2	1	4	2	4	3	4	4	2	1	1	2	4	2	2	2	3	0	0	3	3	3	2	1	2	4	4	3	3	1	2	3	3	1	2	4	4	1	2	4	4	3	3	1	3	1	1	1	3	1	3	1	3	1	2	3	4	2	2	4	4	1	4	2	3	3	3	1	4	4	2	1	3	1	2	1	3	3	3	1	2	1	2	1	1	1	3	1	3	0	0	2	4	2	2	3	4	4	2	1	1	1	3	0	0	2	4	1	3	1	4	1	3	3	3	2	4	2	2	1	1	2	4	4	2	2	3	3	3	1	4	2	4	2	3	1	3	1	3	2	4	1	1	2	2	4	2	3	3	4	2	0	0
M075877_M766_11H	1	1	2	4	2	4	1	2	3	4	4	4	2	4	3	3	0	0	2	2	4	4	0	0	1	3	1	3	3	4	3	3	1	2	1	1	1	2	2	2	1	4	2	4	3	4	4	2	1	1	2	4	2	2	2	3	0	0	3	3	3	2	1	2	4	4	3	3	1	2	3	3	1	2	4	4	1	2	3	4	3	3	3	3	1	1	1	3	1	3	1	3	1	2	3	4	2	4	2	4	1	4	2	2	3	3	1	4	2	2	1	3	1	2	1	3	3	3	1	2	1	2	1	1	1	3	1	3	0	0	2	4	2	2	3	4	4	2	1	3	1	3	0	0	2	4	1	3	1	4	1	3	3	3	2	4	2	2	1	1	2	4	4	2	2	3	3	3	1	4	2	4	2	3	1	3	1	3	2	4	1	1	2	2	4	2	3	3	4	2	0	0
M075885_M766_12H	0	0	0	0	0	0	0	0	0	0	0	0	0	0	0	0	0	0	0	0	0	0	0	0	0	0	0	0	0	0	0	0	0	0	0	0	0	0	0	0	0	0	0	0	0	0	0	0	0	0	0	0	0	0	0	0	0	0	0	0	0	0	0	0	0	0	0	0	0	0	0	0	0	0	0	0	0	0	0	0	0	0	0	0	0	0	0	0	0	0	0	0	0	0	0	0	0	0	0	0	0	0	0	0	0	0	0	0	0	0	0	0	0	0	0	0	0	0	0	0	0	0	0	0	0	0	0	0	0	0	0	0	0	0	0	0	0	0	0	0	0	0	0	0	0	0	0	0	0	0	0	0	0	0	0	0	0	0	0	0	0	0	0	0	0	0	0	0	0	0	0	0	0	0	0	0	0	0	0	0	0	0	0	0	0	0	0	0	0	0	0	0
