Sample_ID	OmyY1	OmyY1	R18251	R18251	R23044	R23044	R30220	R30220	R34286	R34286	R38993	R38993	SH114448	SH114448	R000200	R000200	R033859	R033859	R09768	R09768	R12730	R12730	R24463	R24463	R00586	R00586	R19198	R19198	R23330	R23330	R30355	R30355	R34385	R34385	R39365	R39365	SH121006	SH121006	R018277	R018277	R03418	R03418	R10226	R10226	R13191	R13191	R24493	R24493	R12738	R12738	R19633	R19633	R23813	R23813	R30423	R30423	R34662	R34662	R40094	R40094	SH127236	SH127236	R02551	R02551	R03924	R03924	R10530	R10530	R16543	R16543	R26255	R26255	R13730	R13730	R19731	R19731	R24068	R24068	R30589	R30589	R35324	R35324	R40152	R40152	OMS00116	OMS00116	R02676	R02676	R04143	R04143	R11238	R11238	R19868	R19868	R27050	R27050	R14225	R14225	R21285	R21285	R24273	R24273	R30678	R30678	R37205	R37205	R40252	R40252	OMS00143	OMS00143	R02783	R02783	R04203	R04203	R11353	R11353	R19948	R19948	R30551	R30551	R14383	R14383	R21330	R21330	R24370	R24370	R33010	R33010	R37229	R37229	R40319	R40319	OMS00144	OMS00144	R02785	R02785	R04760	R04760	R11790	R11790	R20353	R20353	R32124	R32124	R14511	R14511	R21561	R21561	R28680	R28680	R33411	R33411	R37560	R37560	R40342	R40342	OMS00159	OMS00159	R03042	R03042	R04944	R04944	R12528	R12528	R21023	R21023	R32692	R32692	R14589	R14589	R22570	R22570	R30015	R30015	R33562	R33562	R38346	R38346	R40580	R40580	OMS00169	OMS00169	R03306	R03306	R08985	R08985	R12611	R12611	R22488	R22488	R36639	R36639
M077422_M783_1A	0	0	4	4	2	2	1	1	4	4	3	3	4	4	1	1	0	0	4	2	2	2	0	0	3	3	3	3	4	4	3	3	2	2	1	4	2	2	2	2	4	4	2	2	3	3	4	4	1	1	4	4	2	2	2	3	0	0	3	3	3	3	2	2	4	4	3	3	2	2	1	3	1	1	4	4	2	2	4	4	1	1	1	1	1	1	1	1	1	1	1	3	0	0	0	0	2	2	0	0	4	4	2	3	3	3	4	4	2	2	3	3	2	2	1	3	1	1	1	1	1	1	2	2	3	3	1	1	0	0	2	2	2	2	4	4	4	4	1	1	1	1	0	0	4	4	1	1	1	1	1	1	1	1	2	2	2	2	1	4	4	4	4	4	2	2	1	3	4	4	0	0	3	3	1	1	1	1	4	4	1	1	2	2	4	4	3	3	4	4	3	3
M077430_M783_2A	0	0	4	4	2	2	1	1	4	4	3	3	4	4	1	1	0	0	2	2	2	2	0	0	3	3	3	3	4	4	3	4	2	2	1	4	2	2	2	2	4	4	2	2	3	3	0	0	1	1	2	4	2	2	3	3	0	0	3	4	3	3	2	2	4	4	3	3	2	2	3	3	1	1	2	4	2	2	3	4	1	1	1	1	1	1	1	1	1	1	1	3	0	0	0	0	2	2	0	0	4	4	2	2	1	3	4	4	2	2	3	3	2	2	3	3	1	3	1	1	1	1	1	2	3	3	1	1	0	0	2	2	2	2	4	4	0	0	1	1	1	1	0	0	4	4	1	1	1	1	1	1	1	1	2	2	2	2	1	4	4	4	4	4	2	2	3	3	4	4	0	0	3	3	1	1	1	1	4	4	1	1	2	2	4	4	3	3	4	4	3	3
M077438_M783_3A	0	0	4	4	2	2	1	1	4	4	3	3	4	4	1	1	0	0	2	2	2	2	0	0	3	3	3	3	4	4	3	4	2	2	1	4	2	2	4	4	4	4	2	2	3	3	0	0	1	1	4	4	2	2	2	2	0	0	3	3	3	3	2	2	4	2	3	3	2	2	3	3	1	1	2	4	2	2	3	4	0	0	1	1	1	1	1	1	1	1	1	3	0	0	0	0	2	2	0	0	4	4	2	2	3	3	4	4	2	2	3	3	2	2	1	1	1	3	1	1	1	1	2	2	3	3	1	1	0	0	2	2	2	2	4	4	0	0	1	1	1	1	0	0	0	0	1	1	1	1	1	1	1	1	2	2	2	2	1	4	4	4	4	4	2	2	3	3	4	4	0	0	3	3	1	1	1	1	4	4	1	1	2	2	4	4	3	3	4	4	3	3
M077446_M783_4A	0	0	4	4	2	2	1	1	4	4	3	3	4	4	1	1	0	0	2	2	2	2	0	0	3	3	3	3	4	4	3	4	2	2	1	1	2	2	4	2	4	4	2	2	3	3	0	0	1	2	2	2	2	2	2	2	0	0	3	3	3	3	2	2	4	4	3	3	2	2	1	3	1	1	4	4	2	2	4	4	1	1	1	1	1	1	1	1	1	1	1	3	0	0	0	0	2	2	0	0	4	4	0	0	3	3	4	4	2	2	3	3	2	2	1	3	3	3	1	1	1	1	1	2	3	3	1	1	0	0	2	2	2	2	4	4	0	0	1	1	1	1	0	0	4	4	1	1	1	1	1	1	1	1	2	2	2	2	4	4	4	4	4	4	2	2	3	3	4	4	0	0	3	3	1	1	1	1	4	4	1	1	2	2	4	4	3	3	4	4	3	3
M077454_M783_5A	0	0	0	0	2	2	1	1	4	4	3	3	4	4	1	1	0	0	2	2	2	2	0	0	3	3	3	3	4	4	3	4	2	2	0	0	2	2	2	2	0	0	0	0	3	3	0	0	1	1	0	0	2	2	2	3	0	0	3	3	3	3	2	2	4	4	3	3	0	0	1	3	1	1	4	4	2	2	4	4	1	1	0	0	1	4	1	1	1	1	0	0	0	0	0	0	2	2	0	0	4	4	2	2	1	3	4	4	2	2	3	3	2	2	1	1	0	0	1	1	0	0	0	0	3	3	0	0	0	0	2	2	0	0	4	4	4	4	1	1	1	1	0	0	4	4	1	1	0	0	0	0	1	1	2	2	2	2	1	4	4	4	4	4	2	2	1	3	0	0	0	0	3	3	1	1	1	1	4	4	0	0	2	2	4	4	3	3	0	0	3	3
M077462_M783_6A	0	0	0	0	2	2	1	1	4	4	3	3	4	4	1	3	0	0	4	2	2	2	0	0	3	3	3	3	4	4	0	0	2	2	4	4	2	2	2	2	4	4	0	0	3	3	0	0	1	2	2	4	2	2	2	2	0	0	3	3	3	3	2	2	4	4	0	0	2	2	1	3	1	1	2	4	2	2	4	4	1	1	1	3	1	1	1	1	1	1	1	3	0	0	0	0	2	2	0	0	1	4	2	2	3	3	4	4	4	2	3	3	2	2	1	3	1	3	1	1	0	0	2	2	3	3	1	1	0	0	2	2	2	2	3	4	4	4	1	1	1	1	0	0	4	4	1	1	1	1	1	1	1	1	2	2	2	2	1	1	4	4	4	4	2	2	3	3	4	4	0	0	3	3	1	1	1	1	4	4	1	1	2	2	4	4	3	3	4	4	3	3
M077470_M783_7A	0	0	4	4	2	2	1	1	4	4	3	3	4	4	1	3	0	0	2	2	2	2	0	0	3	3	3	3	4	4	3	4	2	2	4	4	2	2	4	4	4	4	2	2	3	3	4	4	1	1	4	4	2	2	2	2	0	0	3	3	3	3	2	2	4	4	3	3	2	2	3	3	1	1	0	0	2	2	4	4	1	3	1	1	1	1	1	1	1	1	3	3	0	0	4	4	2	2	0	0	4	4	0	0	1	3	4	4	2	2	3	3	2	2	1	3	1	1	1	1	1	1	1	2	3	3	1	1	0	0	2	4	2	2	4	4	4	4	1	1	1	1	0	0	4	4	1	1	1	1	1	1	1	1	2	2	2	2	1	1	4	4	4	4	2	2	3	3	4	4	0	0	3	3	1	1	1	1	4	4	1	1	2	2	4	4	3	3	4	4	3	3
M077478_M783_8A	0	0	4	4	2	2	1	1	4	4	3	3	4	4	1	1	0	0	2	2	2	2	0	0	3	3	3	3	4	4	0	0	2	2	1	4	2	2	4	2	4	4	2	2	3	3	4	4	1	1	2	4	2	2	2	2	0	0	3	3	3	3	2	2	4	4	3	3	0	0	3	3	1	1	4	4	2	2	4	4	1	1	1	3	1	1	1	3	1	1	1	3	0	0	4	4	2	2	0	0	4	4	2	2	1	3	4	4	2	2	3	3	2	2	1	3	1	1	1	1	1	1	1	2	3	3	1	1	0	0	2	2	2	2	4	4	4	4	1	1	1	1	0	0	4	4	1	1	1	1	1	1	1	1	2	2	2	2	1	1	4	4	4	4	2	2	3	3	4	4	0	0	3	3	1	1	1	1	4	4	1	1	2	2	4	4	3	3	4	4	3	3
M077486_M783_9A	0	0	0	0	2	2	1	1	4	4	3	4	4	4	1	1	0	0	2	2	2	2	0	0	3	3	3	3	4	4	3	3	2	2	4	4	2	2	2	2	4	4	2	2	3	3	4	4	1	1	4	4	2	2	2	2	0	0	3	3	3	3	2	2	4	4	3	3	2	2	3	3	1	1	2	4	2	2	4	4	0	0	1	1	1	1	1	1	1	1	3	3	0	0	4	4	2	2	0	0	4	4	2	2	1	3	4	4	2	2	3	3	2	2	1	1	1	1	1	1	1	1	2	2	3	3	1	1	0	0	2	2	2	2	4	4	0	0	1	1	1	1	0	0	4	4	1	1	1	1	1	1	1	1	2	2	2	2	1	1	4	4	4	4	2	2	1	3	4	4	0	0	3	3	1	1	1	1	4	4	1	1	2	2	4	4	3	3	4	4	3	3
M077494_M783_10A	0	0	4	4	2	2	1	1	4	4	3	3	4	4	1	3	0	0	4	2	2	2	0	0	3	3	3	3	4	4	3	3	2	2	1	4	2	2	2	2	4	4	2	2	3	3	4	4	1	1	2	4	2	2	2	2	0	0	0	0	3	3	2	2	4	4	3	3	2	2	0	0	1	1	4	4	2	2	3	4	1	1	1	1	1	1	1	1	1	1	3	3	0	0	4	4	2	2	0	0	4	4	2	2	3	3	4	4	2	2	3	3	0	0	1	1	1	1	1	1	0	0	1	2	3	3	1	1	0	0	2	2	2	2	4	4	4	4	1	1	1	1	0	0	4	4	1	1	1	1	0	0	1	1	2	2	2	2	4	4	4	4	4	4	2	2	0	0	4	4	0	0	3	3	1	1	1	1	4	4	1	1	2	2	4	4	3	3	4	4	3	3
M077502_M783_11A	0	0	4	4	2	2	1	1	4	4	3	4	4	4	1	1	0	0	2	2	2	2	0	0	3	3	3	3	4	4	3	4	2	2	4	4	2	2	4	2	4	4	2	2	3	3	4	4	1	1	2	4	2	2	2	2	0	0	3	4	3	3	2	2	4	4	0	0	2	2	3	3	1	1	4	4	2	2	4	4	1	1	1	1	1	1	1	1	1	1	3	3	0	0	4	4	2	2	0	0	4	4	2	2	1	1	4	4	2	2	3	3	2	2	3	3	1	3	1	1	1	1	1	2	3	3	1	1	0	0	2	2	2	2	4	4	4	4	1	1	1	1	0	0	4	4	1	1	1	1	1	1	1	1	2	2	2	2	1	1	4	4	4	4	2	2	3	3	4	4	0	0	3	3	1	1	1	1	4	4	1	1	2	2	4	4	3	3	4	4	3	3
M077510_M783_12A	0	0	4	4	2	2	1	1	4	4	3	3	4	4	1	3	0	0	2	2	2	2	0	0	0	0	3	3	4	4	3	4	2	2	4	4	0	0	2	2	4	4	2	2	3	3	4	4	1	1	2	4	2	2	2	2	0	0	3	3	3	3	2	2	4	4	3	3	2	2	3	3	1	1	2	4	2	2	4	4	1	1	1	1	1	1	1	1	1	1	3	3	0	0	4	4	2	2	0	0	4	4	2	2	1	3	4	4	2	2	3	3	2	2	3	3	1	1	1	1	1	1	2	2	3	3	1	1	0	0	2	2	2	2	4	4	4	4	1	1	1	1	0	0	4	4	1	1	1	1	1	1	1	1	2	2	2	2	1	4	4	4	4	4	2	2	3	3	4	4	0	0	3	3	1	1	1	1	4	4	1	1	2	2	4	4	3	3	4	4	3	3
M077423_M783_1B	0	0	2	4	2	2	1	2	3	4	3	4	2	4	3	3	0	0	4	2	4	2	0	0	3	3	1	3	3	4	3	3	1	2	1	1	1	2	2	2	1	4	2	4	3	4	4	2	1	1	2	4	2	2	2	3	0	0	3	3	3	3	1	2	4	4	3	3	1	2	1	3	1	1	4	4	2	2	3	4	1	3	1	3	1	1	1	3	1	3	3	3	0	0	3	4	2	2	0	0	4	4	2	2	1	3	1	4	2	2	3	3	1	2	1	3	1	1	1	2	1	1	1	1	1	3	1	3	0	0	2	4	2	2	3	4	4	2	1	1	1	3	0	0	2	4	1	3	1	4	1	3	1	3	2	2	2	2	1	4	2	4	4	2	2	3	3	3	1	4	0	0	2	3	1	3	1	1	2	4	1	1	2	2	4	2	3	3	4	2	3	3
M077431_M783_2B	0	0	4	4	2	2	1	1	3	4	3	4	4	4	1	1	0	0	2	2	4	2	0	0	3	3	1	3	3	4	3	3	2	2	1	4	2	2	4	2	1	4	2	4	3	4	4	2	1	2	2	4	2	2	2	3	0	0	3	3	3	3	1	2	4	4	3	3	1	2	3	3	1	1	4	4	2	2	3	4	0	0	3	3	1	1	1	3	1	3	3	3	0	0	3	4	2	2	0	0	4	4	2	2	1	3	1	4	2	2	3	3	2	2	3	3	1	3	1	2	1	2	1	2	1	3	1	1	0	0	4	4	2	2	3	4	4	2	1	1	1	3	0	0	2	4	1	3	1	4	1	3	1	3	2	2	1	2	1	1	2	4	4	4	2	2	3	3	1	4	0	0	3	3	1	3	1	1	4	4	1	3	2	2	4	2	3	3	4	2	3	3
M077439_M783_3B	0	0	4	4	2	2	1	1	3	4	3	3	4	4	1	3	0	0	2	2	4	2	0	0	3	3	1	3	3	4	3	3	2	2	1	4	1	2	4	4	1	4	2	4	3	4	4	2	1	1	2	4	2	2	2	3	0	0	3	3	3	3	1	2	4	4	3	3	1	2	3	3	1	1	4	4	2	2	3	4	1	3	3	3	1	1	1	3	1	3	3	3	0	0	3	4	2	2	0	0	1	4	2	2	1	3	1	4	2	2	1	3	2	2	3	3	1	1	1	2	1	2	1	2	1	3	1	1	0	0	4	4	4	2	3	4	4	2	1	1	1	3	0	0	2	4	1	3	1	4	1	3	1	3	2	2	2	2	1	1	2	4	4	2	2	3	3	3	1	4	0	0	3	3	1	3	1	3	2	4	1	1	2	2	4	2	3	3	4	2	3	4
M077447_M783_4B	0	0	4	4	2	2	1	2	3	4	3	3	2	4	1	1	0	0	2	2	4	2	0	0	3	3	1	3	3	4	3	3	1	2	1	1	1	2	2	2	1	4	2	4	3	4	4	2	1	2	2	4	2	2	2	3	0	0	3	4	3	3	1	2	4	4	3	3	2	2	3	3	1	1	4	4	2	2	3	4	0	0	1	3	1	1	1	3	1	3	3	3	0	0	3	4	2	4	0	0	4	4	2	2	3	3	1	4	2	2	3	3	2	2	3	3	1	3	1	2	1	1	1	1	1	3	1	1	0	0	2	2	2	2	3	4	4	2	1	1	1	3	0	0	2	4	1	3	1	4	1	3	1	3	2	2	2	2	1	4	2	4	4	2	2	3	3	3	1	4	0	0	3	3	1	3	1	1	4	4	1	3	2	2	4	2	3	3	4	2	3	3
M077455_M783_5B	0	0	4	4	2	2	1	1	4	4	3	3	4	4	1	1	0	0	2	2	2	2	0	0	3	3	3	3	4	4	4	4	2	2	4	4	2	2	2	2	4	4	2	2	3	3	4	4	1	2	2	4	2	2	2	2	0	0	3	4	3	3	2	2	4	4	3	3	2	2	1	3	1	1	2	4	2	2	4	4	0	0	1	1	1	1	1	1	1	1	3	3	0	0	4	4	2	2	0	0	4	4	2	2	3	3	4	4	2	2	3	3	2	2	1	1	1	3	1	1	1	1	1	1	3	3	1	1	0	0	0	0	2	2	4	4	4	4	1	1	1	1	0	0	4	4	1	1	1	1	1	1	1	1	2	2	2	2	4	4	4	4	4	4	2	2	3	3	4	4	0	0	3	3	1	1	1	1	4	4	1	1	2	2	4	4	3	3	4	4	3	3
M077463_M783_6B	0	0	4	4	2	2	1	1	4	4	3	3	4	4	1	1	0	0	2	2	2	2	0	0	3	3	3	3	4	4	4	4	2	2	1	4	2	2	4	2	4	4	2	2	3	3	4	4	1	1	4	4	2	2	3	3	0	0	3	4	3	3	2	2	4	4	3	3	2	2	1	3	1	1	2	4	2	2	4	4	1	1	3	3	1	1	1	1	1	1	3	3	0	0	4	4	2	2	0	0	4	4	2	2	1	1	4	4	2	2	3	3	2	2	1	3	1	1	1	1	1	1	2	2	3	3	1	1	0	0	2	2	2	2	4	4	4	4	1	1	1	1	0	0	4	4	1	1	1	1	1	1	1	1	2	2	2	2	1	4	4	4	4	4	2	2	3	3	4	4	0	0	3	3	1	1	1	1	4	4	1	1	2	2	4	4	3	3	4	4	3	3
M077471_M783_7B	0	0	4	4	2	2	1	1	4	4	3	3	4	4	1	1	0	0	2	2	2	2	0	0	3	3	3	3	4	4	3	4	2	2	4	4	2	2	4	2	4	4	2	2	3	3	4	4	1	1	2	4	2	2	2	3	0	0	3	3	3	3	2	2	4	4	3	3	2	2	3	3	1	1	4	4	2	2	4	4	0	0	1	1	1	1	1	1	1	1	1	1	0	0	4	4	2	2	0	0	4	4	2	2	1	3	4	4	2	2	3	3	2	2	1	1	1	1	1	1	1	1	2	2	3	3	1	1	0	0	2	2	2	2	4	4	4	4	1	1	1	1	0	0	4	4	1	1	1	1	1	1	1	1	2	2	2	2	1	1	4	4	4	4	2	2	1	3	4	4	0	0	3	3	1	1	1	1	4	4	1	1	2	2	4	4	3	3	4	4	3	3
M077479_M783_8B	0	0	4	4	2	2	1	1	4	4	3	3	4	4	1	1	0	0	2	2	2	2	0	0	3	3	3	3	4	4	3	3	2	2	4	4	2	2	2	2	4	4	2	2	3	3	4	4	1	1	4	4	2	2	2	3	0	0	3	3	3	3	2	2	4	4	3	3	2	2	3	3	1	1	4	4	2	2	4	4	1	1	1	1	1	1	1	1	1	1	3	3	0	0	4	4	2	2	0	0	4	4	2	2	1	3	4	4	2	2	3	3	2	2	1	3	1	1	1	1	1	1	2	2	3	3	1	1	0	0	2	2	2	2	4	4	4	4	1	1	1	1	0	0	4	4	0	0	1	1	1	1	1	1	2	2	2	2	1	1	4	4	4	4	2	2	3	3	4	4	0	0	3	3	1	1	1	1	4	4	1	1	2	2	4	4	3	3	4	4	3	3
M077487_M783_9B	0	0	2	4	2	2	1	1	3	3	3	3	2	4	1	1	0	0	2	2	4	2	0	0	0	0	1	3	3	4	3	3	2	2	1	4	1	2	2	2	1	4	2	4	3	4	4	2	1	1	2	4	2	2	3	3	0	0	3	3	3	2	1	2	4	4	3	3	1	2	3	3	1	2	4	4	1	2	4	4	1	3	1	3	1	4	1	3	1	3	3	3	0	0	3	4	2	4	0	0	4	4	2	2	3	3	1	4	2	2	1	1	0	0	3	3	1	1	1	2	1	2	1	2	1	3	1	3	0	0	0	0	2	2	3	4	0	0	1	1	1	3	0	0	2	4	3	3	1	4	1	3	1	3	2	4	2	2	1	1	2	4	4	2	2	3	3	3	1	4	0	0	2	3	1	3	1	1	2	4	1	1	2	2	4	2	3	3	4	2	3	3
M077495_M783_10B	0	0	4	4	2	2	1	1	4	4	3	3	4	4	1	1	0	0	2	2	2	2	0	0	3	3	3	3	4	4	0	0	2	2	0	0	2	2	2	2	0	0	2	2	3	3	4	4	1	1	4	4	2	2	2	2	0	0	3	3	3	3	2	2	4	4	3	3	2	2	3	3	1	1	4	4	2	2	4	4	0	0	1	1	1	1	1	1	1	1	1	3	0	0	4	4	2	2	0	0	4	4	2	2	0	0	4	4	2	2	3	3	2	2	1	1	1	1	1	1	1	1	0	0	3	3	1	1	0	0	0	0	2	2	4	4	4	2	1	1	1	1	0	0	4	4	1	1	1	1	0	0	1	1	2	2	2	2	1	1	4	4	4	4	2	2	3	3	0	0	0	0	3	3	1	1	1	1	4	4	1	1	2	2	4	4	3	3	4	4	3	3
M077503_M783_11B	0	0	4	4	2	2	1	1	0	0	3	3	4	4	1	1	0	0	2	2	2	2	0	0	3	3	3	3	4	4	3	3	2	2	4	4	0	0	4	2	4	4	2	2	3	3	4	4	1	1	4	4	2	2	2	2	0	0	0	0	3	3	2	2	4	4	3	3	2	2	3	3	1	1	2	4	2	2	4	4	3	3	1	3	1	4	0	0	1	1	0	0	0	0	4	4	2	2	0	0	4	4	3	3	0	0	4	4	2	2	3	3	0	0	1	1	1	3	1	1	1	1	1	2	3	3	1	1	0	0	2	2	2	2	4	4	4	4	1	1	1	1	0	0	4	4	1	1	1	1	3	3	1	1	2	2	2	2	4	4	4	4	4	4	2	2	1	3	4	4	0	0	3	3	1	1	1	1	0	0	1	1	2	2	4	4	3	3	4	4	3	3
M077511_M783_12B	0	0	4	4	2	2	1	1	4	4	3	3	4	4	1	1	0	0	2	2	2	2	0	0	3	3	3	3	4	4	3	3	2	2	4	4	2	2	4	2	4	4	2	2	3	3	4	4	1	1	4	4	2	2	2	3	0	0	3	3	3	3	2	2	4	4	3	3	2	2	3	3	1	1	4	4	2	2	4	4	1	1	1	1	1	1	1	1	1	1	1	3	0	0	4	4	2	2	0	0	4	4	2	2	1	3	4	4	2	2	3	3	2	2	1	3	1	1	1	1	1	1	2	2	3	3	1	1	0	0	2	2	2	2	4	4	4	4	1	1	1	1	0	0	4	4	1	1	1	1	1	1	1	1	2	2	2	2	1	1	4	4	4	4	2	2	3	3	4	4	0	0	3	3	1	1	1	1	4	4	1	1	2	2	4	4	3	3	4	4	3	3
M077424_M783_1C	0	0	4	4	2	2	1	1	4	4	3	3	4	4	1	1	0	0	2	2	2	2	0	0	3	3	3	3	4	4	4	4	2	2	1	1	2	2	4	4	4	4	2	2	3	3	4	4	2	2	4	4	2	2	2	3	0	0	3	3	3	3	2	2	4	4	3	3	2	2	3	3	1	1	2	4	2	2	4	4	1	1	1	1	1	1	1	1	1	1	1	3	0	0	4	4	2	2	0	0	1	4	2	2	1	3	4	4	2	2	3	3	2	2	1	3	1	1	1	1	1	1	2	2	3	3	1	1	0	0	2	2	2	2	4	4	4	4	1	1	1	1	0	0	4	4	1	1	1	1	1	1	1	1	2	2	2	2	1	4	4	4	4	4	2	2	3	3	4	4	0	0	3	3	1	1	1	1	4	4	1	1	2	2	4	4	3	3	4	4	3	3
M077432_M783_2C	0	0	4	4	2	2	1	1	4	4	3	3	4	4	1	1	0	0	2	2	2	2	0	0	3	3	3	3	4	4	3	4	2	2	1	1	2	2	4	2	4	4	2	2	3	3	4	4	1	2	2	2	2	2	2	2	0	0	3	3	3	3	2	2	4	4	3	3	2	2	1	3	1	1	4	4	2	2	4	4	1	1	1	1	1	1	1	1	1	1	1	1	0	0	4	4	2	2	0	0	4	4	2	2	1	1	4	4	2	2	3	3	2	2	1	3	1	3	1	1	1	1	2	2	3	3	1	1	0	0	2	2	2	2	4	4	4	4	1	1	1	1	0	0	4	4	1	1	1	1	1	1	1	1	0	0	2	2	4	4	4	4	4	4	2	2	3	3	4	4	0	0	3	3	1	1	1	1	4	4	1	1	2	2	4	4	3	3	4	4	3	3
M077440_M783_3C	0	0	4	4	2	2	1	1	4	4	3	3	4	4	1	1	0	0	2	2	2	2	0	0	3	3	3	3	4	4	4	4	2	2	1	4	2	2	2	2	4	4	2	2	3	3	4	4	1	2	2	4	2	2	2	3	0	0	3	3	3	3	2	2	4	4	3	3	2	2	1	1	1	1	4	4	2	2	4	4	1	1	1	1	1	1	1	1	1	1	1	3	0	0	4	4	2	2	0	0	4	4	2	2	1	3	4	4	2	2	3	3	2	2	1	3	1	3	1	1	1	1	2	2	3	3	1	1	0	0	2	2	2	2	4	4	4	4	1	1	1	1	0	0	4	4	1	1	1	1	1	1	1	1	2	2	2	2	4	4	4	4	4	4	2	2	3	3	4	4	0	0	3	3	1	1	1	1	4	4	1	1	2	2	4	4	3	3	4	4	3	3
M077448_M783_4C	0	0	4	4	2	2	1	1	4	4	3	3	4	4	1	3	0	0	4	2	2	2	0	0	3	3	3	3	4	4	3	3	2	2	0	0	2	2	2	2	4	4	2	2	3	3	4	4	1	1	4	4	2	2	3	3	0	0	3	3	3	3	2	2	4	4	3	3	2	2	1	3	1	1	4	4	2	2	4	4	0	0	1	3	1	1	1	1	1	1	3	3	0	0	4	4	2	2	0	0	4	4	2	2	1	3	4	4	2	2	3	3	2	2	3	3	1	3	1	1	1	1	2	2	3	3	1	1	0	0	2	2	2	2	4	4	4	4	1	1	1	1	0	0	4	4	1	1	1	1	1	1	1	1	2	2	2	2	1	1	4	4	4	4	2	2	3	3	4	4	0	0	3	3	1	1	1	1	4	4	1	1	2	2	4	4	3	3	4	4	3	3
M077456_M783_5C	0	0	4	4	2	2	1	1	4	4	3	3	4	4	1	3	0	0	2	2	2	2	0	0	3	3	3	3	4	4	3	4	2	2	4	4	2	2	4	2	4	4	2	2	3	3	4	4	1	1	2	4	2	2	2	2	0	0	3	4	3	3	2	2	4	4	3	3	2	2	1	3	1	1	2	2	2	2	3	4	1	1	1	1	1	1	1	1	1	1	1	3	0	0	4	4	2	2	0	0	4	4	0	0	3	3	4	4	2	2	3	3	2	2	3	3	1	1	1	1	1	1	2	2	3	3	1	1	0	0	2	2	2	2	4	4	4	4	1	1	1	1	0	0	4	4	1	1	1	1	1	1	1	1	2	2	2	2	1	4	4	4	4	4	2	2	3	3	4	4	0	0	3	3	1	1	1	1	4	4	1	1	2	2	4	4	3	3	4	4	3	3
M077464_M783_6C	0	0	2	4	2	2	1	2	3	4	3	3	2	4	1	3	0	0	2	2	4	2	0	0	3	3	1	3	3	4	3	4	1	2	1	4	1	2	2	2	1	4	2	4	3	4	4	2	1	1	2	4	2	2	2	3	0	0	0	0	3	3	1	2	4	4	3	3	1	2	3	3	1	1	4	4	2	2	3	4	3	3	3	3	1	1	1	3	1	3	3	3	0	0	3	4	2	2	0	0	4	4	2	2	3	3	1	4	4	2	3	3	1	2	1	3	1	3	1	2	1	1	1	1	1	3	1	3	0	0	2	4	2	2	3	4	4	2	1	1	1	3	0	0	2	4	1	3	1	4	1	3	1	3	2	2	2	2	1	1	2	4	4	2	2	3	3	3	1	4	0	0	2	3	1	3	1	1	2	4	1	1	2	2	4	2	3	3	4	2	3	3
M077472_M783_7C	0	0	4	4	2	2	1	1	4	4	3	3	4	4	1	1	0	0	2	2	2	2	0	0	0	0	3	3	4	4	0	0	2	2	4	4	2	2	2	2	4	4	2	2	3	3	4	4	1	1	4	4	2	2	2	2	0	0	0	0	3	3	2	2	4	4	3	3	2	2	3	3	1	1	2	2	2	2	4	4	1	1	1	1	1	1	1	1	1	1	1	3	0	0	4	4	2	2	0	0	4	4	2	2	1	3	4	4	2	2	3	3	2	2	1	3	1	1	1	1	1	1	2	2	3	3	1	1	0	0	2	2	2	2	4	4	4	4	1	1	1	1	0	0	4	4	1	1	1	1	1	1	1	1	0	0	1	2	1	4	4	4	4	4	2	2	3	3	4	4	0	0	3	3	1	1	1	1	4	4	1	1	2	2	4	4	3	3	4	4	3	3
M077480_M783_8C	0	0	4	4	2	2	1	1	4	4	3	3	4	4	3	3	0	0	2	2	2	2	0	0	3	3	3	3	4	4	4	4	2	2	4	4	1	2	2	2	4	4	2	2	3	3	4	4	1	1	4	4	0	0	2	2	0	0	3	3	3	3	0	0	4	4	0	0	2	2	3	3	1	1	4	4	2	2	4	4	0	0	1	1	1	1	0	0	0	0	3	3	0	0	4	4	2	2	0	0	4	4	0	0	1	1	4	4	2	2	3	3	0	0	1	1	1	3	1	1	1	1	2	2	3	3	1	1	0	0	2	2	2	2	4	4	4	4	1	1	1	1	0	0	4	4	1	1	1	1	1	1	1	1	2	2	2	2	1	1	4	4	4	4	2	2	3	3	4	4	0	0	3	3	1	1	1	1	4	4	1	1	0	0	4	4	3	3	0	0	3	3
M077488_M783_9C	0	0	4	4	2	2	1	1	4	4	3	3	4	4	1	3	0	0	2	2	2	2	0	0	0	0	3	3	4	4	3	4	2	2	4	4	2	2	2	2	4	4	2	2	3	3	4	4	1	1	4	4	2	2	2	2	0	0	3	3	3	3	2	2	4	4	3	3	2	2	3	3	1	1	2	4	2	2	4	4	1	1	1	1	1	1	0	0	1	1	3	3	0	0	4	4	2	2	0	0	4	4	2	2	3	3	4	4	2	2	3	3	2	2	1	1	1	1	1	1	1	1	2	2	3	3	1	1	0	0	2	2	2	2	4	4	4	4	1	1	1	1	0	0	4	4	1	1	1	1	1	1	1	1	2	2	2	2	1	4	4	4	4	4	2	2	3	3	0	0	0	0	3	3	1	1	1	1	4	4	1	1	2	2	4	4	3	3	4	4	3	3
M077496_M783_10C	0	0	4	4	2	2	1	1	4	4	0	0	4	4	1	1	0	0	2	2	2	2	0	0	3	3	3	3	4	4	0	0	2	2	4	4	0	0	4	2	4	4	2	2	3	3	4	4	1	1	4	4	2	2	2	2	0	0	3	3	3	3	0	0	4	4	3	3	2	2	3	3	1	1	4	4	2	2	4	4	3	3	1	1	1	1	0	0	1	1	3	3	0	0	4	4	2	2	0	0	4	4	0	0	1	1	4	4	2	2	3	3	0	0	1	3	1	1	1	1	1	1	2	2	3	3	1	1	0	0	2	2	2	2	4	4	4	4	1	1	1	1	0	0	4	4	1	1	1	1	0	0	1	1	2	2	2	2	1	4	4	4	4	4	2	2	1	3	4	4	0	0	3	3	1	1	1	1	4	4	1	1	2	2	4	4	3	3	4	4	3	3
M077504_M783_11C	0	0	4	4	2	2	1	1	4	4	3	3	4	4	1	3	0	0	2	2	2	2	0	0	0	0	3	3	4	4	4	4	2	2	4	4	2	2	2	2	4	4	2	2	3	3	4	4	1	1	4	4	2	2	2	2	0	0	3	3	3	3	0	0	4	4	3	3	0	0	3	3	1	1	4	4	2	2	4	4	3	3	1	1	1	1	1	1	1	1	3	3	0	0	4	4	2	2	0	0	4	4	3	3	0	0	4	4	2	2	3	3	2	2	1	3	1	1	1	1	1	1	2	2	3	3	1	1	0	0	2	2	2	2	4	4	4	4	1	1	1	1	0	0	4	4	1	1	1	1	1	1	1	1	2	2	2	2	1	1	4	4	4	4	2	2	3	3	4	4	0	0	3	3	1	1	1	1	4	4	1	1	2	2	4	4	3	3	4	4	3	3
M077512_M783_12C	0	0	4	4	2	2	1	1	0	0	3	3	0	0	0	0	0	0	2	2	4	4	0	0	0	0	0	0	4	4	4	4	2	2	4	4	1	2	0	0	4	4	2	2	3	3	4	4	0	0	4	4	2	2	2	2	0	0	0	0	3	3	1	2	4	4	3	3	2	2	3	3	1	1	4	4	0	0	4	4	0	0	1	1	1	1	0	0	1	1	3	3	0	0	4	4	2	2	0	0	4	4	0	0	1	1	0	0	2	2	3	3	0	0	1	1	1	1	1	1	1	1	2	2	3	3	1	1	0	0	2	2	2	2	4	4	0	0	0	0	1	1	0	0	4	4	1	1	1	1	1	1	1	1	2	2	2	2	1	1	4	4	4	4	2	2	3	3	4	4	0	0	3	3	1	1	1	1	4	4	1	1	2	2	4	4	3	3	4	4	3	3
M077425_M783_1D	0	0	4	4	2	2	1	1	4	4	3	3	4	4	1	3	0	0	2	2	2	2	0	0	3	3	3	3	4	4	3	3	2	2	1	4	2	2	4	4	4	4	2	2	3	3	4	4	1	1	4	4	2	2	2	3	0	0	3	3	3	3	2	2	4	4	3	3	2	2	3	3	1	1	4	4	2	2	4	4	1	1	1	1	1	1	0	0	1	1	3	3	0	0	4	4	2	2	0	0	4	4	2	2	3	3	4	4	2	2	3	3	2	2	1	3	1	1	1	1	1	1	1	2	3	3	1	1	0	0	2	2	2	2	4	4	4	4	1	1	1	1	0	0	4	4	1	1	1	1	1	1	1	1	2	2	2	2	1	4	4	4	4	4	2	2	3	3	4	4	0	0	3	3	1	1	1	1	4	4	1	1	2	2	4	4	3	3	4	4	3	3
M077433_M783_2D	0	0	4	4	2	2	1	1	4	4	3	3	4	4	1	1	0	0	2	2	2	2	0	0	3	3	3	3	4	4	3	4	2	2	1	1	2	2	2	2	4	4	2	2	3	3	4	4	1	2	2	2	2	2	2	2	0	0	3	3	3	3	2	2	4	4	3	3	2	2	3	3	1	1	4	4	2	2	3	4	1	1	1	1	1	1	1	1	1	1	1	3	0	0	4	4	2	2	0	0	4	4	2	2	1	3	4	4	2	2	3	3	2	2	3	3	1	3	1	1	1	1	2	2	3	3	1	1	0	0	2	2	2	2	4	4	4	4	1	1	1	1	0	0	4	4	1	1	1	1	1	1	1	1	2	2	2	2	1	4	4	4	4	4	2	2	3	3	4	4	0	0	3	3	1	1	1	1	4	4	1	1	2	2	4	4	3	3	4	4	3	3
M077441_M783_3D	0	0	0	0	2	2	1	1	4	4	3	3	4	4	1	1	0	0	2	2	2	2	0	0	3	3	3	3	4	4	4	4	2	2	4	4	2	2	4	2	4	4	2	2	3	3	4	4	1	2	2	2	2	2	2	2	0	0	3	3	3	3	2	2	4	4	0	0	2	2	1	1	1	1	4	4	2	2	4	4	1	1	1	1	1	1	1	1	1	1	1	1	0	0	4	4	2	2	0	0	4	4	2	2	3	3	4	4	2	2	3	3	2	2	1	1	3	3	1	1	1	1	2	2	3	3	1	1	0	0	2	2	2	2	4	4	4	4	1	1	1	1	0	0	4	4	1	1	1	1	1	1	1	1	2	2	2	2	4	4	4	4	4	4	2	2	3	3	4	4	0	0	3	3	1	1	1	1	4	4	1	1	2	2	4	4	3	3	4	4	3	3
M077449_M783_4D	0	0	4	4	2	2	1	1	4	4	3	3	4	4	1	1	0	0	2	2	2	2	0	0	3	3	3	3	4	4	3	4	2	2	4	4	2	2	4	2	4	4	2	2	3	3	4	4	1	1	4	4	2	2	2	2	0	0	3	3	3	3	2	2	4	4	3	3	2	2	1	1	1	1	4	4	2	2	4	4	1	1	1	1	1	1	1	1	1	1	1	1	0	0	4	4	2	2	0	0	1	4	2	2	1	3	4	4	4	2	3	3	2	2	1	3	1	1	1	1	1	1	2	2	3	3	1	1	0	0	2	2	2	2	4	4	4	4	1	1	1	1	0	0	4	4	1	1	1	1	1	1	1	1	2	2	2	2	4	4	4	4	4	4	2	2	3	3	4	4	0	0	3	3	1	1	1	1	4	4	1	1	2	2	4	4	3	3	4	4	3	3
M077457_M783_5D	0	0	4	4	2	2	1	2	3	4	3	3	2	4	1	1	0	0	2	2	4	2	0	0	3	3	1	3	3	4	3	3	1	2	1	4	1	2	4	4	1	4	2	4	3	4	4	2	1	2	2	2	2	2	2	3	0	0	3	3	3	3	1	2	4	4	3	3	2	2	3	3	1	1	4	4	2	2	4	4	1	3	3	3	1	4	1	3	1	3	3	3	0	0	3	4	2	4	0	0	4	4	2	2	1	3	1	4	4	2	3	3	2	2	1	3	1	1	1	2	1	1	1	1	1	3	1	1	0	0	2	2	2	2	3	4	4	2	1	1	1	3	0	0	2	4	1	3	1	4	1	3	1	3	2	2	2	2	1	1	2	4	4	2	2	3	3	3	1	4	0	0	3	3	1	3	1	1	4	4	1	3	2	2	4	2	3	3	4	2	3	3
M077465_M783_6D	0	0	4	4	2	2	1	1	4	4	3	3	4	4	1	1	0	0	2	2	2	2	0	0	3	3	3	3	4	4	4	4	2	2	4	4	2	2	4	2	4	4	2	2	3	3	4	4	2	2	2	2	2	2	2	2	0	0	3	3	3	3	2	2	4	4	3	3	2	2	1	1	1	1	4	4	2	2	4	4	1	1	1	1	1	1	1	1	1	1	1	1	0	0	4	4	2	2	0	0	4	4	2	2	3	3	4	4	2	2	3	3	2	2	1	1	1	3	1	1	1	1	2	2	3	3	1	1	0	0	2	2	2	2	4	4	4	4	1	1	1	1	0	0	4	4	1	1	1	1	1	1	1	1	2	2	2	2	4	4	4	4	4	4	2	2	3	3	4	4	0	0	3	3	1	1	1	1	4	4	1	1	2	2	4	4	3	3	4	4	3	3
M077473_M783_7D	0	0	2	4	2	2	1	2	0	0	3	3	0	0	1	3	0	0	2	2	4	2	0	0	0	0	1	3	3	4	3	4	1	2	1	4	1	2	2	2	0	0	2	4	3	4	0	0	1	1	2	4	2	4	2	3	0	0	3	3	3	2	1	2	4	4	3	3	1	2	3	3	1	2	0	0	1	2	4	4	0	0	1	3	1	1	1	1	1	3	3	3	0	0	3	4	2	2	0	0	1	4	2	2	1	3	1	4	2	2	1	3	2	2	1	3	1	3	0	0	1	2	1	2	1	3	1	3	0	0	2	4	2	2	3	4	4	2	1	1	1	3	0	0	2	4	0	0	1	4	1	3	1	3	0	0	1	2	1	1	2	4	4	2	2	3	3	3	0	0	0	0	0	0	1	3	1	1	2	4	1	1	2	2	4	2	3	3	0	0	3	4
M077481_M783_8D	0	0	4	4	2	2	1	1	4	4	3	3	4	4	1	1	0	0	2	2	2	2	0	0	3	3	3	3	4	4	3	4	2	2	4	4	2	2	2	2	4	4	2	2	3	3	4	4	1	1	4	4	2	2	2	2	0	0	3	4	3	3	2	2	4	4	3	3	2	2	3	3	1	1	2	4	2	2	4	4	1	1	1	1	1	1	1	1	1	1	1	1	0	0	4	4	2	2	0	0	4	4	2	2	1	3	4	4	2	2	3	3	2	2	1	1	1	1	1	1	1	1	2	2	3	3	1	1	0	0	2	2	2	2	4	4	4	4	1	1	1	1	0	0	4	4	1	1	1	1	1	1	1	1	2	2	2	2	1	4	4	4	4	4	2	2	3	3	4	4	0	0	3	3	1	1	1	1	4	4	1	1	2	2	4	4	3	3	4	4	3	3
M077489_M783_9D	0	0	2	4	2	2	1	1	0	0	3	3	4	4	1	3	0	0	2	2	4	2	0	0	0	0	0	0	3	4	3	3	2	2	1	4	1	2	0	0	1	4	2	4	3	4	4	4	1	1	2	4	2	2	2	3	0	0	3	3	3	2	1	2	4	4	3	3	1	2	3	3	1	1	4	4	2	2	3	4	3	3	1	3	1	1	1	1	1	3	1	3	0	0	3	4	2	4	0	0	4	4	2	3	3	3	1	4	2	2	1	3	2	2	1	3	1	1	1	2	1	2	1	2	1	3	1	1	0	0	2	4	2	2	3	4	0	0	1	1	1	3	0	0	2	4	0	0	1	4	1	3	1	3	2	2	2	2	1	1	2	4	4	2	2	3	3	3	1	4	0	0	3	3	1	3	1	3	4	4	0	0	2	2	4	2	3	3	4	2	3	3
M077497_M783_10D	0	0	4	4	2	2	1	1	4	4	3	3	4	4	1	3	0	0	2	2	2	2	0	0	3	3	3	3	4	4	0	0	2	2	4	4	2	2	0	0	4	4	2	2	3	3	4	4	1	1	2	2	2	2	2	3	0	0	3	3	3	3	0	0	4	4	3	3	2	2	3	3	1	1	4	4	2	2	4	4	1	3	1	1	1	4	0	0	1	1	1	3	0	0	4	4	2	2	0	0	4	4	3	3	0	0	4	4	2	2	3	3	2	2	1	3	1	1	1	1	0	0	2	2	3	3	1	1	0	0	2	2	2	2	4	4	4	4	1	1	1	1	0	0	0	0	1	1	1	1	1	1	1	1	2	2	2	2	1	1	4	4	4	4	2	2	3	3	4	4	0	0	3	3	1	1	1	1	4	4	0	0	2	2	4	4	3	3	0	0	3	3
M077505_M783_11D	0	0	0	0	0	0	0	0	0	0	0	0	0	0	0	0	0	0	0	0	4	4	0	0	0	0	0	0	0	0	0	0	0	0	0	0	1	1	0	0	0	0	0	0	0	0	2	2	0	0	0	0	0	0	0	0	0	0	0	0	0	0	1	1	0	0	0	0	0	0	3	3	0	0	0	0	0	0	0	0	0	0	0	0	0	0	0	0	0	0	0	0	0	0	0	0	0	0	0	0	0	0	0	0	0	0	0	0	0	0	0	0	0	0	0	0	0	0	0	0	0	0	0	0	0	0	0	0	0	0	0	0	0	0	0	0	0	0	0	0	0	0	0	0	0	0	0	0	0	0	0	0	0	0	0	0	0	0	0	0	0	0	0	0	0	0	0	0	0	0	0	0	2	3	0	0	0	0	0	0	0	0	0	0	0	0	0	0	0	0	0	0
M077513_M783_12D	0	0	4	4	2	2	1	1	4	4	3	3	4	4	1	1	0	0	2	2	2	2	0	0	3	3	3	3	3	4	3	3	2	2	4	4	0	0	2	2	0	0	2	2	3	3	4	4	1	1	4	4	2	2	2	2	0	0	0	0	3	3	1	2	4	4	0	0	2	2	3	3	1	1	2	4	0	0	4	4	1	1	1	1	1	1	0	0	1	1	3	3	0	0	4	4	2	2	0	0	4	4	2	2	1	3	4	4	2	2	3	3	0	0	3	3	1	3	1	1	1	1	2	2	3	3	1	1	0	0	2	2	2	2	4	4	4	4	1	1	1	1	0	0	4	4	1	1	1	1	1	1	1	1	2	2	2	2	0	0	4	4	4	4	2	2	1	3	4	4	0	0	3	3	1	1	1	1	0	0	1	1	2	2	4	4	3	3	4	4	3	3
M077426_M783_1E	0	0	4	4	2	2	1	1	4	4	3	3	4	4	1	3	0	0	2	2	2	2	0	0	3	3	3	3	4	4	3	4	2	2	1	1	2	2	2	2	4	4	2	2	3	3	4	4	1	2	4	4	2	2	2	3	0	0	3	3	3	3	2	2	4	4	3	3	2	2	3	3	1	1	4	4	2	2	4	4	1	1	1	1	1	1	1	1	1	1	1	1	0	0	4	4	2	2	0	0	4	4	2	2	1	3	4	4	2	2	3	3	2	2	1	1	1	1	1	1	1	1	2	2	3	3	1	1	0	0	2	2	2	2	4	4	4	4	1	1	1	1	0	0	4	4	1	1	1	1	1	1	1	1	2	2	2	2	1	4	4	4	4	4	2	2	3	3	4	4	0	0	3	3	1	1	1	1	4	4	1	1	2	2	4	4	3	3	4	4	3	3
M077434_M783_2E	0	0	4	4	2	2	1	2	0	0	3	3	2	4	1	1	0	0	2	2	4	2	0	0	3	3	1	3	3	4	3	3	1	1	1	4	1	2	2	2	1	4	2	4	3	4	4	2	1	2	2	4	2	2	2	3	0	0	3	3	3	3	1	2	4	4	3	3	2	2	3	3	1	1	4	4	2	2	4	4	1	3	1	3	1	1	1	1	1	3	3	3	0	0	3	4	2	4	0	0	4	4	2	2	3	3	1	4	2	2	3	3	2	2	1	3	1	1	1	2	1	1	1	2	1	3	1	1	0	0	0	0	2	2	3	4	4	2	1	1	1	3	0	0	2	4	1	3	1	4	1	3	1	3	2	2	2	2	1	4	2	4	4	2	2	3	3	3	1	4	0	0	3	3	1	3	1	1	4	4	1	3	2	2	4	2	3	3	4	2	3	3
M077442_M783_3E	0	0	2	4	2	2	1	2	3	4	3	3	2	4	1	3	0	0	2	2	4	2	0	0	3	3	1	3	3	4	3	3	1	2	1	4	1	2	2	2	1	4	2	4	3	4	4	2	1	1	2	2	2	2	2	3	0	0	3	3	3	3	1	2	4	4	3	3	1	2	3	3	1	1	4	4	2	2	3	4	1	3	3	3	1	1	1	3	1	3	1	3	0	0	3	4	2	2	0	0	4	4	2	2	1	3	1	4	2	2	3	3	1	2	1	3	1	1	1	2	1	1	1	2	1	3	1	3	0	0	0	0	2	2	3	4	4	2	1	1	1	3	0	0	2	4	1	3	1	4	1	3	1	3	2	2	2	2	1	4	2	4	4	2	2	3	1	3	1	4	0	0	2	3	1	3	1	1	2	4	1	1	2	2	4	2	3	3	4	2	3	3
M077450_M783_4E	0	0	2	4	2	2	1	2	3	4	3	4	4	4	1	3	0	0	2	2	4	2	0	0	0	0	1	3	3	4	3	3	1	2	1	1	2	2	2	2	1	4	2	4	3	4	4	2	1	1	2	2	2	2	2	3	0	0	3	3	3	2	1	2	4	4	3	3	1	2	1	3	1	1	4	4	2	2	3	4	1	3	1	3	1	1	1	1	1	3	1	3	0	0	3	4	2	4	0	0	4	4	2	2	3	3	1	4	4	2	3	3	2	2	3	3	3	3	1	2	1	2	1	1	1	3	1	1	0	0	2	4	4	2	3	4	4	2	1	1	1	3	0	0	2	4	1	3	1	4	1	3	1	3	0	0	1	2	1	4	2	4	4	2	2	2	3	3	1	4	0	0	3	3	1	3	1	1	4	4	1	3	2	2	4	2	3	3	4	2	3	3
M077458_M783_5E	0	0	4	4	2	2	1	2	3	4	3	3	2	4	1	1	0	0	2	2	4	2	0	0	3	3	1	3	3	4	3	4	1	1	1	1	1	2	2	2	1	4	2	4	3	4	4	2	1	2	2	2	2	2	2	3	0	0	3	3	3	3	1	2	4	4	3	3	2	2	3	3	1	1	4	4	2	2	4	4	1	3	1	3	1	1	1	3	1	3	3	3	0	0	3	4	2	4	0	0	4	4	2	2	1	3	1	4	2	2	3	3	2	2	3	3	1	1	1	2	1	1	1	2	1	3	1	1	0	0	2	2	2	2	3	4	4	2	1	1	1	3	0	0	2	4	1	3	1	4	1	3	1	3	2	2	2	2	1	4	2	4	4	2	2	3	3	3	1	4	0	0	3	3	1	3	1	1	4	4	1	3	2	2	4	2	3	3	4	2	3	3
M077466_M783_6E	0	0	4	4	2	2	1	2	3	4	3	3	2	4	1	1	0	0	2	2	4	2	0	0	3	3	1	3	3	4	3	4	1	2	1	4	1	2	4	2	1	4	2	4	3	4	4	2	2	2	2	2	2	2	2	3	0	0	3	3	3	3	1	2	4	4	3	3	2	2	1	3	1	1	4	4	2	2	4	4	1	3	1	3	1	1	0	0	1	3	1	3	0	0	3	4	2	4	0	0	4	4	2	2	3	3	1	4	2	2	3	3	2	2	1	3	1	3	1	2	1	2	1	2	1	3	1	1	0	0	2	2	2	2	3	4	4	2	1	1	1	3	0	0	2	4	1	3	1	4	1	3	1	3	2	2	2	2	1	4	2	4	4	2	2	2	3	3	1	4	0	0	3	3	1	3	1	1	4	4	1	3	2	2	4	2	3	3	4	2	3	3
M077474_M783_7E	0	0	0	0	0	0	0	0	0	0	0	0	0	0	0	0	0	0	0	0	4	4	0	0	0	0	0	0	0	0	0	0	0	0	0	0	1	1	0	0	0	0	0	0	0	0	0	0	0	0	0	0	0	0	0	0	0	0	0	0	3	3	1	1	0	0	0	0	0	0	3	3	0	0	0	0	0	0	4	4	0	0	0	0	0	0	0	0	0	0	3	3	0	0	0	0	0	0	0	0	1	1	0	0	0	0	0	0	0	0	0	0	0	0	0	0	0	0	0	0	0	0	0	0	0	0	0	0	0	0	2	2	0	0	0	0	0	0	0	0	0	0	0	0	0	0	0	0	1	1	0	0	0	0	0	0	0	0	0	0	0	0	0	0	2	2	0	0	0	0	0	0	2	3	0	0	0	0	0	0	0	0	0	0	0	0	0	0	0	0	0	0
M077482_M783_8E	0	0	4	4	2	2	1	1	4	4	3	4	4	4	1	1	0	0	2	2	2	2	0	0	3	3	3	3	4	4	3	3	2	2	4	4	2	2	2	2	4	4	2	2	3	3	4	4	1	1	2	4	2	2	2	3	0	0	3	3	3	3	0	0	4	4	3	3	2	2	3	3	1	1	4	4	0	0	4	4	0	0	1	1	1	4	1	1	1	1	1	3	0	0	4	4	2	2	0	0	4	4	3	3	1	1	4	4	2	2	3	3	2	2	1	1	1	1	1	1	1	1	2	2	3	3	1	1	0	0	2	2	2	2	4	4	4	4	1	1	1	1	0	0	4	4	1	1	1	1	1	1	1	1	2	2	2	2	1	1	4	4	4	4	2	2	1	3	4	4	0	0	3	3	1	1	1	1	4	4	1	1	2	2	4	4	3	3	0	0	3	3
M077490_M783_9E	0	0	4	4	2	2	1	1	4	4	3	3	4	4	1	3	0	0	2	2	2	2	0	0	0	0	3	3	4	4	3	3	2	2	1	4	1	2	0	0	4	4	2	2	3	3	4	4	1	1	4	4	2	2	2	3	0	0	3	3	3	3	2	2	4	4	3	3	2	2	3	3	1	1	4	4	2	2	4	4	3	3	1	1	1	1	1	1	1	1	3	3	0	0	4	4	2	2	0	0	4	4	0	0	0	0	4	4	2	2	3	3	0	0	1	1	1	1	1	1	1	1	0	0	3	3	1	1	0	0	2	2	2	2	4	4	4	4	1	1	1	1	0	0	4	4	1	1	1	1	1	1	1	1	2	2	2	2	0	0	4	4	4	4	2	2	3	3	4	4	0	0	3	3	1	1	1	1	4	4	1	1	2	2	4	4	3	3	0	0	3	3
M077498_M783_10E	0	0	4	4	2	2	1	1	4	4	3	3	4	4	1	3	0	0	2	2	2	2	0	0	3	3	3	3	4	4	3	3	2	2	1	4	2	2	0	0	4	4	2	2	3	3	4	4	1	1	0	0	2	2	2	3	0	0	3	3	3	3	1	2	4	4	3	3	0	0	3	3	1	1	0	0	2	2	4	4	3	3	1	1	1	1	0	0	1	1	3	3	0	0	4	4	2	2	0	0	4	4	2	2	1	1	4	4	2	2	3	3	0	0	1	1	1	1	1	1	1	1	2	2	3	3	1	1	0	0	2	2	2	2	4	4	4	4	1	1	1	1	0	0	4	4	1	1	1	1	1	1	1	1	0	0	2	2	1	1	4	4	4	4	2	2	0	0	4	4	0	0	3	3	1	1	1	1	4	4	1	1	2	2	4	4	3	3	4	4	3	3
M077506_M783_11E	0	0	4	4	2	2	1	1	4	4	3	3	0	0	1	1	0	0	2	2	2	2	0	0	3	3	3	3	4	4	4	4	2	2	4	4	1	2	4	4	4	4	2	2	3	3	4	4	1	1	4	4	2	2	2	2	0	0	3	3	3	3	0	0	4	4	3	3	2	2	3	3	1	1	4	4	0	0	4	4	0	0	1	1	1	1	0	0	1	1	3	3	0	0	4	4	2	2	0	0	0	0	0	0	0	0	4	4	2	2	3	3	0	0	1	1	1	1	1	1	1	1	2	2	3	3	1	1	0	0	2	2	2	2	4	4	4	2	1	1	1	1	0	0	4	4	1	1	1	1	1	1	1	1	2	2	1	1	1	1	4	4	4	4	2	2	3	3	4	4	0	0	3	3	1	1	1	1	4	4	1	1	2	2	4	4	3	3	4	4	3	3
M077514_M783_12E	0	0	4	4	2	2	1	1	4	4	3	3	4	4	1	3	0	0	2	2	2	2	0	0	3	3	3	3	4	4	3	3	2	2	1	4	2	2	2	2	4	4	2	2	3	3	4	4	1	1	4	4	2	2	2	3	0	0	3	3	3	3	0	0	4	4	3	3	2	2	3	3	1	1	4	4	2	2	4	4	3	3	1	1	0	0	0	0	1	1	3	3	0	0	4	4	2	2	0	0	4	4	2	2	1	3	4	4	2	2	3	3	0	0	1	3	1	1	1	1	1	1	1	1	3	3	1	1	0	0	2	2	2	2	4	4	4	4	1	1	1	1	0	0	4	4	1	1	1	1	1	1	1	1	2	2	2	2	1	1	4	4	4	4	2	2	3	3	4	4	0	0	3	3	1	1	1	1	4	4	1	1	2	2	4	4	3	3	4	4	3	3
M077427_M783_1F	0	0	4	4	2	2	1	1	4	4	3	3	4	4	1	1	0	0	2	2	2	2	0	0	3	3	3	3	4	4	3	4	2	2	1	4	2	2	2	2	4	4	2	2	3	3	4	4	1	1	4	4	2	2	2	3	0	0	3	3	3	3	2	2	4	4	3	3	2	2	1	1	1	1	2	4	2	2	4	4	1	1	1	1	1	1	1	1	1	1	1	3	0	0	4	4	2	2	0	0	4	4	2	2	1	1	4	4	2	2	3	3	2	2	1	3	1	1	1	1	1	1	2	2	3	3	1	1	0	0	2	2	2	2	4	4	4	4	1	1	1	1	0	0	4	4	1	1	1	1	1	1	1	1	2	2	2	2	4	4	4	4	4	4	2	2	3	3	4	4	0	0	3	3	1	1	1	1	4	4	1	1	2	2	4	4	3	3	4	4	3	3
M077435_M783_2F	0	0	4	4	2	2	1	1	4	4	3	3	4	4	1	3	0	0	2	2	2	2	0	0	3	3	3	3	4	4	3	4	2	2	1	4	2	2	2	2	4	4	2	2	3	3	4	4	1	1	2	4	2	2	2	2	0	0	3	3	3	3	2	2	4	4	3	3	2	2	1	1	1	1	4	4	2	2	3	4	1	1	1	1	1	1	1	1	1	1	1	1	0	0	4	4	2	2	0	0	4	4	2	2	3	3	4	4	4	2	3	3	2	2	1	3	1	1	1	1	1	1	1	2	3	3	1	1	0	0	2	2	2	2	4	4	0	0	1	1	1	1	0	0	4	4	1	3	1	1	1	1	1	1	2	2	2	2	1	4	4	4	4	4	2	2	3	3	4	4	0	0	3	3	1	1	1	1	4	4	1	1	2	2	4	4	3	3	4	4	3	3
M077443_M783_3F	0	0	4	4	2	2	1	1	4	4	3	3	4	4	1	1	0	0	2	2	2	2	0	0	3	3	3	3	4	4	3	4	2	2	1	1	2	2	2	2	4	4	2	2	3	3	4	4	1	2	2	2	2	2	2	2	0	0	3	3	3	3	2	2	4	4	3	3	2	2	3	3	1	1	4	4	2	2	3	4	1	1	1	1	1	1	1	1	1	1	1	3	0	0	4	4	2	2	0	0	4	4	2	2	1	3	4	4	2	2	3	3	2	2	3	3	1	3	1	1	1	1	2	2	3	3	1	1	0	0	2	2	2	2	4	4	4	4	1	1	1	1	0	0	4	4	1	1	1	1	1	1	1	1	2	2	2	2	1	4	4	4	4	4	2	2	3	3	4	4	0	0	3	3	1	1	1	1	4	4	1	1	2	2	4	4	3	3	4	4	3	3
M077451_M783_4F	0	0	4	4	2	2	1	1	4	4	3	3	4	4	1	1	0	0	2	2	2	2	0	0	3	3	3	3	4	4	3	4	2	2	1	4	2	2	2	2	4	4	2	2	3	3	4	4	2	2	2	2	2	2	2	2	0	0	3	3	3	3	2	2	4	4	3	3	2	2	1	3	1	1	4	4	2	2	3	4	1	1	1	1	1	1	1	1	1	1	1	3	0	0	4	4	2	2	0	0	4	4	2	2	1	3	4	4	2	2	3	3	2	2	3	3	1	3	1	1	1	1	2	2	3	3	1	1	0	0	2	2	2	2	4	4	4	4	1	1	1	1	0	0	4	4	1	1	1	1	1	1	1	1	2	2	2	2	1	4	4	4	4	4	2	2	3	3	4	4	0	0	3	3	1	1	1	1	4	4	1	1	2	2	4	4	3	3	4	4	3	3
M077459_M783_5F	0	0	4	4	2	2	1	1	4	4	3	3	4	4	1	1	0	0	2	2	2	2	0	0	3	3	3	3	4	4	3	4	2	2	1	4	2	2	2	2	4	4	2	2	3	3	4	4	1	1	4	4	2	2	2	3	0	0	3	3	3	3	2	2	4	4	3	3	2	2	1	1	1	1	4	4	2	2	4	4	1	1	1	1	1	1	1	1	1	1	1	3	0	0	4	4	2	2	0	0	4	4	2	2	1	3	4	4	2	2	3	3	2	2	3	3	1	1	1	1	1	1	2	2	3	3	1	1	0	0	2	2	2	2	4	4	4	4	1	1	1	1	0	0	4	4	1	1	1	1	1	1	1	1	2	2	2	2	4	4	4	4	4	4	2	2	3	3	4	4	0	0	3	3	1	1	1	1	4	4	1	1	0	0	4	4	3	3	4	4	3	3
M077467_M783_6F	0	0	4	4	2	2	1	1	4	4	3	3	4	4	1	3	0	0	2	2	2	2	0	0	3	3	3	3	4	4	3	4	2	2	4	4	2	2	2	2	4	4	2	2	3	3	4	4	1	1	4	4	2	2	2	2	0	0	3	3	3	3	2	2	4	4	3	3	2	2	1	1	1	1	2	2	2	2	4	4	0	0	1	1	1	1	1	1	1	1	1	3	0	0	4	4	2	2	0	0	4	4	2	3	1	1	4	4	2	2	3	3	2	2	1	3	1	1	1	1	1	1	1	2	3	3	1	1	0	0	2	2	2	2	4	4	4	4	1	1	1	1	0	0	4	4	1	1	1	1	1	1	1	1	2	2	2	2	1	4	4	4	4	4	2	2	3	3	4	4	0	0	3	3	1	1	1	1	4	4	1	1	2	2	4	4	3	3	4	4	3	3
M077475_M783_7F	0	0	4	4	2	2	1	1	4	4	3	3	4	4	1	1	0	0	2	2	2	2	0	0	3	3	3	3	4	4	0	0	2	2	4	4	2	2	4	2	4	4	2	2	3	3	4	4	1	1	2	4	2	2	2	3	0	0	3	3	3	3	2	2	4	4	3	3	2	2	3	3	1	1	0	0	2	2	4	4	1	1	1	1	1	1	1	1	1	1	3	3	0	0	4	4	2	2	0	0	4	4	2	2	1	1	4	4	4	2	3	3	2	2	1	1	1	1	1	1	1	1	2	2	3	3	1	1	0	0	2	2	2	2	4	4	0	0	1	1	1	1	0	0	4	4	1	1	1	1	1	1	1	1	2	2	2	2	1	1	4	4	4	4	2	2	3	3	4	4	0	0	3	3	1	1	1	1	4	4	1	1	2	2	4	4	3	3	4	4	3	3
M077483_M783_8F	0	0	4	4	2	2	1	1	4	4	3	4	4	4	1	1	0	0	2	2	2	2	0	0	3	3	3	3	4	4	0	0	2	2	4	4	2	2	2	2	4	4	2	2	3	3	4	4	1	1	4	4	2	2	2	2	0	0	3	4	3	3	0	0	4	4	3	3	2	2	1	3	1	1	4	4	2	2	4	4	1	1	1	1	4	4	1	1	1	1	1	3	0	0	4	4	2	2	0	0	4	4	2	2	1	1	4	4	2	2	3	3	2	2	1	3	1	1	1	1	1	1	2	2	3	3	1	1	0	0	2	2	2	2	4	4	4	4	1	1	1	1	0	0	4	4	1	1	1	1	1	1	1	1	2	2	2	2	4	4	4	4	4	4	2	2	1	3	4	4	0	0	3	3	1	1	1	1	4	4	1	1	2	2	4	4	3	3	4	4	3	3
M077491_M783_9F	0	0	4	4	2	2	1	1	4	4	3	3	4	4	1	3	0	0	4	2	2	2	0	0	3	3	3	3	4	4	3	4	2	2	1	4	2	2	2	2	4	4	2	2	3	3	4	4	1	1	2	4	2	2	2	2	0	0	3	4	3	3	2	2	4	4	3	3	2	2	1	3	1	1	2	2	2	2	4	4	0	0	1	1	1	1	1	1	1	1	1	3	0	0	4	4	2	2	0	0	4	4	2	2	1	3	4	4	2	2	3	3	2	2	1	1	1	1	1	1	1	1	1	2	3	3	1	1	0	0	2	2	2	2	4	4	4	4	1	1	1	1	0	0	4	4	1	1	1	1	1	1	1	1	2	2	2	2	1	4	4	4	4	4	2	2	1	3	4	4	0	0	3	3	1	1	1	1	4	4	1	1	2	2	4	4	3	3	4	4	3	3
M077499_M783_10F	0	0	4	4	2	2	1	1	4	4	3	3	4	4	1	1	0	0	2	2	2	2	0	0	3	3	3	3	4	4	3	4	2	2	4	4	2	2	2	2	4	4	2	2	3	3	4	4	1	1	4	4	2	2	2	2	0	0	3	3	3	3	2	2	4	4	3	3	2	2	3	3	1	1	4	4	2	2	4	4	0	0	1	1	1	4	1	1	1	1	1	1	0	0	4	4	2	2	0	0	4	4	2	2	1	3	4	4	2	2	3	3	0	0	1	3	1	1	1	1	1	1	2	2	3	3	1	1	0	0	2	2	2	2	4	4	4	4	1	1	1	1	0	0	4	4	1	1	1	1	1	1	1	1	2	2	2	2	1	1	4	4	4	4	2	2	3	3	4	4	0	0	3	3	1	1	1	1	4	4	1	1	2	2	4	4	3	3	4	4	3	3
M077507_M783_11F	0	0	4	4	2	2	1	1	4	4	3	3	4	4	1	3	0	0	2	2	2	2	0	0	3	3	3	3	4	4	3	3	2	2	4	4	2	2	2	2	4	4	2	2	3	3	4	4	1	1	4	4	2	2	2	2	0	0	3	3	3	3	2	2	4	4	3	3	2	2	3	3	1	1	0	0	2	2	4	4	3	3	1	1	1	1	0	0	1	1	1	3	0	0	4	4	2	2	0	0	4	4	2	2	1	3	4	4	2	2	3	3	2	2	1	1	1	1	1	1	1	1	2	2	3	3	1	1	0	0	2	2	2	2	4	4	4	4	1	1	1	1	0	0	4	4	1	1	1	1	1	1	1	1	2	2	2	2	1	1	4	4	4	4	2	2	3	3	4	4	0	0	3	3	1	1	1	1	4	4	1	1	2	2	4	4	3	3	4	4	3	3
M077515_M783_12F	0	0	4	4	2	2	1	1	4	4	3	3	4	4	1	3	0	0	2	2	2	2	0	0	3	3	3	3	4	4	4	4	2	2	4	4	2	2	2	2	4	4	2	2	3	3	4	4	1	1	2	4	2	2	2	2	0	0	3	3	3	3	0	0	4	4	3	3	2	2	3	3	1	1	2	4	2	2	4	4	0	0	1	1	1	4	0	0	1	1	1	3	0	0	4	4	2	2	0	0	4	4	0	0	3	3	4	4	2	2	3	3	0	0	1	1	1	1	1	1	1	1	2	2	3	3	1	1	0	0	2	2	2	2	4	4	4	4	1	1	1	1	0	0	4	4	1	1	1	1	1	1	1	1	2	2	2	2	1	1	4	4	4	4	2	2	3	3	4	4	0	0	3	3	1	1	1	1	4	4	1	1	2	2	4	4	3	3	4	4	3	3
M077428_M783_1G	0	0	2	4	2	2	1	2	0	0	3	3	2	4	1	3	0	0	2	2	4	2	0	0	3	3	1	3	3	4	3	3	1	1	1	4	1	2	4	4	1	4	2	4	3	4	4	2	1	2	2	2	2	2	2	3	0	0	3	3	3	3	1	2	4	4	3	3	1	2	3	3	1	1	4	4	2	2	3	4	1	3	1	3	1	1	1	3	1	3	3	3	0	0	3	4	2	4	0	0	4	4	2	2	3	3	1	4	2	2	3	3	1	2	3	3	1	1	1	2	1	1	1	2	1	3	1	3	0	0	2	4	2	2	3	4	4	2	1	1	1	3	0	0	2	4	1	3	1	4	1	3	1	3	2	2	2	2	1	4	2	4	4	2	2	3	3	3	1	4	0	0	2	3	1	3	1	1	2	4	1	3	2	2	4	2	3	3	4	2	3	4
M077436_M783_2G	0	0	2	4	2	2	1	2	3	4	3	3	2	4	1	3	0	0	2	2	4	2	0	0	3	3	1	3	3	4	3	4	1	2	1	4	1	2	2	2	1	4	2	4	3	4	4	2	1	2	2	4	2	2	3	3	0	0	3	3	3	3	1	2	4	4	3	3	1	2	3	3	1	1	2	4	2	2	3	4	1	3	3	3	1	1	1	3	1	3	3	3	0	0	3	4	2	2	0	0	4	4	2	2	3	3	1	4	2	2	3	3	1	1	1	3	1	1	1	2	1	1	1	2	1	3	1	3	0	0	0	0	2	2	3	4	0	0	1	1	1	3	0	0	2	4	1	3	1	4	1	3	1	3	2	2	2	2	1	1	2	4	4	2	2	3	3	3	1	4	0	0	2	3	1	3	1	1	2	4	1	1	2	2	4	2	3	3	4	2	3	3
M077444_M783_3G	0	0	4	4	2	2	1	1	4	4	3	3	4	4	1	3	0	0	4	2	2	2	0	0	3	3	3	3	4	4	3	3	2	2	1	4	2	2	2	2	4	4	2	2	3	3	4	4	1	2	2	2	2	2	2	2	0	0	3	3	3	3	2	2	4	4	3	3	2	2	1	3	1	1	2	4	2	2	4	4	1	1	1	3	1	1	1	1	1	1	1	3	0	0	4	4	2	2	0	0	4	4	2	2	3	3	4	4	2	2	3	3	2	2	1	1	1	1	1	1	1	1	2	2	3	3	1	1	0	0	2	2	2	2	4	4	4	4	1	1	1	1	0	0	4	4	1	1	1	1	1	1	1	1	2	2	2	2	1	1	4	4	4	4	2	2	3	3	4	4	0	0	3	3	1	1	1	1	4	4	1	1	2	2	4	4	3	3	4	4	3	3
M077452_M783_4G	0	0	4	4	2	2	1	1	4	4	3	3	4	4	1	3	0	0	2	2	2	2	0	0	3	3	3	3	4	4	3	3	2	2	4	4	2	2	2	2	4	4	2	2	3	3	4	4	1	1	2	4	2	2	2	3	0	0	3	4	3	3	2	2	4	4	3	3	2	2	3	3	1	1	4	4	2	2	4	4	1	1	1	1	1	1	1	1	1	1	1	3	0	0	4	4	2	2	0	0	1	4	2	2	3	3	4	4	2	2	3	3	2	2	1	1	1	1	1	1	1	1	2	2	3	3	1	1	0	0	2	2	2	2	4	4	4	4	1	1	1	1	0	0	4	4	1	1	1	1	1	1	1	1	2	2	2	2	1	4	4	4	4	4	2	2	1	3	4	4	0	0	3	3	1	1	1	1	4	4	1	1	2	2	4	4	3	3	4	4	3	3
M077460_M783_5G	0	0	4	4	2	2	1	1	4	4	3	3	4	4	3	3	0	0	4	2	2	2	0	0	3	3	3	3	4	4	3	3	2	2	4	4	2	2	2	2	4	4	2	2	3	3	4	4	1	1	2	2	2	2	2	3	0	0	3	4	3	3	2	2	4	4	3	3	2	2	3	3	1	1	2	2	2	2	4	4	1	1	3	3	1	1	1	1	1	1	3	3	0	0	4	4	2	2	0	0	4	4	2	2	1	3	4	4	2	2	3	3	2	2	1	3	1	1	1	1	1	1	2	2	3	3	1	1	0	0	2	2	2	2	4	4	4	4	1	1	1	1	0	0	4	4	1	1	1	1	1	1	1	1	2	2	2	2	1	4	4	4	4	4	2	2	1	3	4	4	0	0	3	3	1	1	1	1	4	4	1	1	2	2	4	4	3	3	4	4	3	3
M077468_M783_6G	0	0	4	4	2	2	1	1	4	4	3	4	4	4	1	1	0	0	2	2	2	2	0	0	3	3	3	3	4	4	3	4	2	2	4	4	2	2	2	2	4	4	2	2	3	3	4	4	1	1	4	4	2	2	2	2	0	0	3	3	3	3	2	2	4	4	3	3	2	2	3	3	1	1	2	4	2	2	4	4	1	1	1	1	1	4	0	0	1	1	1	1	0	0	4	4	2	2	0	0	4	4	2	2	1	3	4	4	2	2	3	3	2	2	1	3	1	1	1	1	1	1	1	2	3	3	1	1	0	0	2	2	2	2	4	4	0	0	1	1	1	1	0	0	4	4	1	1	1	1	1	1	1	1	2	2	2	2	1	4	4	4	4	4	2	2	1	3	4	4	0	0	3	3	1	1	1	1	4	4	1	1	2	2	4	4	3	3	4	2	3	3
M077476_M783_7G	0	0	4	4	2	2	1	1	4	4	3	3	4	4	1	3	0	0	2	2	2	2	0	0	3	3	3	3	4	4	3	4	2	2	4	4	2	2	2	2	4	4	2	2	3	3	4	4	1	1	4	4	2	2	2	2	0	0	3	3	3	3	2	2	4	4	3	3	2	2	3	3	1	1	4	4	2	2	4	4	0	0	1	1	1	1	1	1	1	1	3	3	0	0	4	4	2	2	0	0	4	4	2	2	1	3	4	4	0	0	3	3	2	2	1	1	1	1	1	1	1	1	2	2	3	3	1	1	0	0	2	2	2	2	4	4	4	4	1	1	1	1	0	0	4	4	1	1	1	1	1	1	1	1	2	2	2	2	1	1	4	4	4	4	2	2	3	3	4	4	0	0	3	3	1	1	1	1	4	4	1	1	2	2	4	4	3	3	4	4	3	3
M077484_M783_8G	0	0	4	4	2	2	1	2	3	4	3	3	2	4	1	1	0	0	2	2	4	2	0	0	3	3	1	3	3	4	3	3	1	2	1	1	1	2	4	2	1	4	2	4	3	4	4	2	1	1	2	4	2	2	3	3	0	0	3	3	3	3	1	2	4	4	3	3	1	2	3	3	1	2	0	0	1	2	3	4	3	3	1	3	1	1	1	3	1	3	3	3	0	0	3	4	2	4	0	0	4	4	2	2	3	3	1	4	2	2	3	3	1	2	3	3	3	3	1	2	1	2	1	1	1	3	1	3	0	0	4	4	2	2	3	4	4	2	1	1	1	3	0	0	2	4	1	3	1	4	1	3	1	3	2	4	1	1	1	1	2	4	4	4	2	3	3	3	1	4	0	0	2	3	1	3	1	1	2	4	1	3	2	2	4	2	3	3	4	2	3	3
M077492_M783_9G	0	0	2	4	2	2	1	1	3	4	3	4	4	4	1	1	0	0	2	2	4	2	0	0	0	0	1	3	3	4	3	4	2	2	1	4	1	2	2	2	1	4	2	4	3	4	4	4	1	1	2	4	2	2	2	3	0	0	3	3	3	2	1	2	4	4	0	0	1	2	3	3	1	1	4	4	2	2	3	4	3	3	1	3	1	1	3	3	1	3	3	3	0	0	3	4	2	4	0	0	4	4	2	2	1	3	1	4	2	2	1	3	0	0	1	3	1	1	1	2	1	2	1	2	1	3	1	1	0	0	2	4	2	2	3	4	4	2	1	1	1	3	0	0	2	4	1	3	1	4	1	3	1	3	2	2	2	2	1	1	2	4	4	2	2	3	1	3	1	4	0	0	3	3	1	3	1	3	4	4	1	3	2	2	4	2	3	3	4	2	3	3
M077500_M783_10G	0	0	4	4	2	2	1	1	4	4	3	3	4	4	1	3	0	0	2	2	2	2	0	0	3	3	3	3	4	4	4	4	2	2	4	4	2	2	2	2	4	4	2	2	3	3	4	4	1	1	4	4	2	2	2	2	0	0	3	3	3	3	2	2	4	4	3	3	2	2	1	3	1	1	2	2	2	2	4	4	3	3	1	1	1	1	1	1	1	1	1	3	0	0	4	4	2	2	0	0	1	4	2	3	1	1	4	4	2	2	3	3	2	2	1	1	1	1	1	1	1	1	1	1	3	3	1	1	0	0	2	2	2	2	4	4	4	4	1	1	1	1	0	0	4	4	1	1	1	1	1	1	1	1	2	2	2	2	1	1	4	4	4	4	2	2	3	3	4	4	0	0	3	3	1	1	1	1	4	4	1	1	2	2	4	4	3	3	4	4	3	3
M077508_M783_11G	0	0	4	4	2	2	1	1	4	4	3	3	4	4	1	3	0	0	2	2	2	2	0	0	3	3	3	3	4	4	0	0	2	2	4	4	0	0	4	4	4	4	2	2	3	3	4	4	1	1	4	4	2	2	2	2	0	0	3	3	3	3	2	2	4	4	3	3	2	2	3	3	1	1	4	4	2	2	4	4	1	1	1	1	1	1	1	1	1	1	1	3	0	0	4	4	2	2	0	0	4	4	2	2	3	3	4	4	2	2	3	3	2	2	1	3	1	1	1	1	1	1	1	2	3	3	1	1	0	0	2	2	2	2	4	4	4	4	1	1	1	1	0	0	4	4	1	1	1	1	1	3	1	1	2	2	1	2	1	4	4	4	4	4	2	2	1	3	4	4	0	0	3	3	1	1	1	1	4	4	1	1	2	2	4	4	3	3	4	4	3	3
M077429_M783_1H	0	0	4	4	2	2	1	1	4	4	3	3	4	4	1	3	0	0	2	2	2	2	0	0	3	3	3	3	4	4	3	3	2	2	0	0	2	2	2	2	4	4	2	2	3	3	4	4	1	1	4	4	2	2	2	3	0	0	3	4	3	3	2	2	4	4	3	3	2	2	1	3	1	1	4	4	2	2	4	4	1	1	1	1	1	1	1	1	1	1	1	1	0	0	4	4	2	2	0	0	4	4	2	2	3	3	4	4	4	2	3	3	2	2	1	1	1	1	1	1	1	1	2	2	3	3	1	1	0	0	2	2	2	2	4	4	4	4	1	1	1	1	0	0	4	4	1	1	1	1	1	1	1	1	2	2	2	2	1	4	4	4	4	4	2	2	3	3	4	4	0	0	3	3	1	1	1	1	4	4	1	1	2	2	4	4	3	3	4	4	3	3
M077437_M783_2H	0	0	4	4	2	2	1	1	4	4	3	3	4	4	1	3	0	0	2	2	2	2	0	0	3	3	3	3	4	4	3	3	2	2	1	4	2	2	4	2	4	4	2	2	3	3	4	4	1	1	4	4	2	2	2	2	0	0	3	4	3	3	2	2	4	4	3	3	2	2	3	3	1	1	4	4	2	2	4	4	1	1	1	3	1	1	1	1	1	1	3	3	0	0	4	4	2	2	0	0	4	4	2	2	3	3	4	4	2	2	3	3	2	2	1	1	1	1	1	1	1	1	2	2	3	3	1	1	0	0	2	2	2	2	4	4	4	4	1	1	1	1	0	0	4	4	1	1	1	1	1	1	1	1	2	2	2	2	4	4	4	4	4	4	2	2	3	3	4	4	0	0	3	3	1	1	1	1	4	4	1	1	2	2	4	4	3	3	4	4	3	3
M077445_M783_3H	0	0	4	4	2	2	1	1	4	4	3	3	4	4	1	3	0	0	4	2	2	2	0	0	3	3	3	3	4	4	3	3	2	2	1	4	2	2	2	2	4	4	2	2	3	3	4	4	1	1	4	4	2	2	2	3	0	0	3	3	3	3	2	2	4	4	3	3	2	2	0	0	1	1	4	4	2	2	4	4	1	1	1	1	1	1	1	1	1	1	1	1	0	0	4	4	2	2	0	0	4	4	2	2	3	3	4	4	4	2	3	3	2	2	1	1	1	1	1	1	1	1	2	2	3	3	1	1	0	0	2	2	2	2	4	4	4	4	1	1	1	1	0	0	4	4	1	1	1	1	1	1	1	1	2	2	2	2	1	4	4	4	4	4	2	2	3	3	4	4	0	0	3	3	1	1	1	1	4	4	1	1	2	2	4	4	3	3	4	4	3	3
M077453_M783_4H	0	0	4	4	2	2	1	1	4	4	3	3	4	4	1	1	0	0	2	2	2	2	0	0	3	3	3	3	4	4	3	3	2	2	4	4	2	2	2	2	4	4	2	2	3	3	4	4	1	1	2	4	2	2	2	2	0	0	3	4	3	3	2	2	4	4	3	3	2	2	1	3	1	1	4	4	2	2	4	4	1	1	1	1	1	1	1	1	1	1	1	1	0	0	4	4	2	2	0	0	4	4	2	2	3	3	4	4	2	2	3	3	2	2	1	1	1	1	1	1	1	1	2	2	3	3	1	1	0	0	2	2	2	2	4	4	4	4	1	1	1	1	0	0	4	4	1	1	1	1	1	1	1	1	2	2	2	2	1	4	4	4	4	4	2	2	3	3	4	4	0	0	3	3	1	1	1	1	4	4	1	1	2	2	4	4	3	3	4	4	3	3
M077461_M783_5H	0	0	4	4	2	2	1	1	4	4	3	3	4	4	1	1	0	0	2	2	2	2	0	0	3	3	3	3	4	4	3	4	2	2	1	1	2	2	2	2	4	4	2	2	3	3	4	4	1	2	2	2	2	2	2	2	0	0	3	3	3	3	2	2	4	4	3	3	2	2	3	3	1	1	4	4	2	2	3	4	1	1	1	1	1	1	1	1	1	1	1	3	0	0	4	4	2	2	0	0	4	4	2	2	1	3	4	4	2	2	3	3	2	2	3	3	1	3	1	1	1	1	2	2	3	3	1	1	0	0	2	2	2	2	4	4	0	0	1	1	1	1	0	0	4	4	1	1	1	1	1	1	1	1	2	2	2	2	1	4	4	4	4	4	2	2	3	3	4	4	0	0	3	3	1	1	1	1	4	4	1	1	2	2	4	4	3	3	4	4	3	3
M077469_M783_6H	0	0	4	4	2	2	1	1	4	4	3	3	4	4	1	3	0	0	2	2	2	2	0	0	3	3	3	3	4	4	3	3	2	2	0	0	2	2	2	2	4	4	2	2	3	3	4	4	1	1	2	4	2	2	2	2	0	0	3	3	3	3	2	2	4	4	3	3	2	2	3	3	1	1	2	4	2	2	4	4	1	1	1	1	1	1	1	1	1	1	1	3	0	0	4	4	2	2	0	0	4	4	2	2	1	3	4	4	2	2	3	3	2	2	1	1	1	3	1	1	1	1	1	2	3	3	1	1	0	0	2	2	2	2	4	4	4	4	1	1	1	1	0	0	4	4	1	1	1	1	1	1	1	1	2	2	1	2	1	1	4	4	4	4	2	2	1	3	4	4	0	0	3	3	1	1	1	1	4	4	1	1	2	2	4	4	3	3	4	4	3	3
M077477_M783_7H	0	0	2	4	2	2	1	2	0	0	3	4	2	4	1	1	0	0	2	2	4	2	0	0	0	0	0	0	3	4	3	4	1	2	1	4	1	2	2	2	1	4	2	4	3	4	4	2	1	1	2	4	2	2	2	3	0	0	3	3	3	2	1	2	4	4	3	3	1	2	3	3	1	2	4	4	1	1	4	4	0	0	1	3	1	1	0	0	1	3	3	3	0	0	3	4	2	2	0	0	4	4	2	2	3	3	1	4	2	2	1	3	2	2	1	3	1	1	0	0	1	2	1	2	1	3	1	3	0	0	2	4	2	2	3	4	4	4	1	1	1	3	0	0	2	4	0	0	1	4	1	3	1	3	2	4	2	2	1	1	2	4	4	2	2	3	3	3	1	4	0	0	2	3	1	3	1	1	0	0	1	3	2	2	4	2	3	3	4	2	3	4
M077485_M783_8H	0	0	4	4	2	2	1	1	4	4	3	3	4	4	1	1	0	0	2	2	2	2	0	0	3	3	3	3	4	4	3	4	2	2	1	4	2	2	4	2	4	4	2	2	3	3	4	4	1	1	2	4	2	2	2	3	0	0	3	3	3	3	2	2	4	4	3	3	2	2	1	3	1	1	4	4	2	2	4	4	1	3	1	1	1	1	1	1	1	1	3	3	0	0	4	4	2	2	0	0	4	4	2	2	1	3	4	4	2	2	3	3	2	2	3	3	1	3	1	1	1	1	1	2	3	3	1	1	0	0	2	2	2	2	4	4	4	2	1	1	1	1	0	0	4	4	1	1	1	1	1	1	1	1	2	2	2	2	1	1	4	4	4	4	2	2	3	3	4	4	0	0	3	3	1	1	1	1	4	4	1	1	2	2	4	4	3	3	4	4	3	3
M077493_M783_9H	0	0	4	4	2	2	1	1	4	4	3	3	4	4	1	1	0	0	2	2	2	2	0	0	3	3	3	3	4	4	3	4	2	2	4	4	2	2	2	2	4	4	2	2	3	3	4	4	1	1	4	4	2	2	2	2	0	0	3	3	3	3	2	2	4	4	3	3	2	2	3	3	1	1	0	0	2	2	4	4	3	3	1	1	1	1	1	1	1	1	1	3	0	0	4	4	2	2	0	0	4	4	2	2	1	3	4	4	2	2	3	3	2	2	1	3	1	1	1	1	1	1	1	2	3	3	1	1	0	0	2	2	2	2	4	4	4	4	1	1	1	1	0	0	4	4	1	1	1	1	1	1	1	1	2	2	2	2	1	1	4	4	4	4	2	2	3	3	4	4	0	0	3	3	1	1	1	1	4	4	1	1	2	2	4	4	3	3	4	4	3	3
M077501_M783_10H	0	0	2	4	2	2	1	1	3	3	3	3	2	4	1	3	0	0	2	2	4	2	0	0	0	0	1	3	3	4	3	3	2	2	1	4	1	2	2	2	1	4	2	4	3	4	4	2	1	1	2	4	2	2	3	3	0	0	3	3	3	2	1	2	4	4	3	3	1	2	3	3	1	2	4	4	1	2	4	4	1	3	1	3	1	4	3	3	1	3	3	3	0	0	3	4	2	4	0	0	4	4	2	2	3	3	1	4	2	2	1	1	0	0	3	3	1	1	1	2	1	2	1	2	1	3	1	3	0	0	2	4	2	2	3	4	4	2	1	1	1	3	0	0	2	4	3	3	1	4	1	3	1	3	2	4	2	2	1	1	2	4	4	2	2	3	3	3	1	4	0	0	2	3	1	3	1	1	2	4	1	1	2	2	4	2	3	3	4	2	3	4
M077509_M783_11H	0	0	4	4	2	2	1	1	4	4	3	3	4	4	1	1	0	0	2	2	2	2	0	0	3	3	3	3	4	4	4	4	2	2	4	4	2	2	4	2	4	4	2	2	3	3	4	4	1	1	4	4	2	2	2	2	0	0	3	3	3	3	0	0	4	4	3	3	2	2	3	3	1	1	2	4	2	2	4	4	1	1	1	1	1	1	1	1	1	1	1	3	0	0	4	4	2	2	0	0	4	4	2	2	3	3	4	4	2	2	3	3	0	0	1	3	1	1	1	1	1	1	2	2	3	3	1	1	0	0	2	2	2	2	4	4	4	4	1	1	1	1	0	0	4	4	1	1	1	1	1	1	1	1	2	2	2	2	1	4	4	4	4	4	2	2	3	3	4	4	0	0	3	3	1	1	1	1	4	4	1	1	2	2	4	4	3	3	4	4	3	3
