Sample_ID	OmyY1	OmyY1	R18251	R18251	R23044	R23044	R30220	R30220	R34286	R34286	R38993	R38993	SH114448	SH114448	R000200	R000200	R033859	R033859	R09768	R09768	R12730	R12730	R24463	R24463	R00586	R00586	R19198	R19198	R23330	R23330	R30355	R30355	R34385	R34385	R39365	R39365	SH121006	SH121006	R018277	R018277	R03418	R03418	R10226	R10226	R13191	R13191	R24493	R24493	R12738	R12738	R19633	R19633	R23813	R23813	R30423	R30423	R34662	R34662	R40094	R40094	SH127236	SH127236	R02551	R02551	R03924	R03924	R10530	R10530	R16543	R16543	R26255	R26255	R13730	R13730	R19731	R19731	R24068	R24068	R30589	R30589	R35324	R35324	R40152	R40152	OMS00116	OMS00116	R02676	R02676	R04143	R04143	R11238	R11238	R19868	R19868	R27050	R27050	R14225	R14225	R21285	R21285	R24273	R24273	R30678	R30678	R37205	R37205	R40252	R40252	OMS00143	OMS00143	R02783	R02783	R04203	R04203	R11353	R11353	R19948	R19948	R30551	R30551	R14383	R14383	R21330	R21330	R24370	R24370	R33010	R33010	R37229	R37229	R40319	R40319	OMS00144	OMS00144	R02785	R02785	R04760	R04760	R11790	R11790	R20353	R20353	R32124	R32124	R14511	R14511	R21561	R21561	R28680	R28680	R33411	R33411	R37560	R37560	R40342	R40342	OMS00159	OMS00159	R03042	R03042	R04944	R04944	R12528	R12528	R21023	R21023	R32692	R32692	R14589	R14589	R22570	R22570	R30015	R30015	R33562	R33562	R38346	R38346	R40580	R40580	OMS00169	OMS00169	R03306	R03306	R08985	R08985	R12611	R12611	R22488	R22488	R36639	R36639
M079549_M806_1A	0	0	4	4	2	2	1	1	4	4	3	3	4	4	3	3	0	0	2	2	2	2	0	0	3	3	3	3	4	4	4	4	2	2	4	4	2	2	0	0	4	4	2	2	3	3	4	4	1	1	4	4	2	2	2	2	0	0	3	4	3	3	2	2	4	4	3	3	2	2	3	3	1	1	4	4	2	2	4	4	1	1	3	3	1	1	1	1	1	1	3	3	1	1	4	4	2	2	2	2	4	4	2	2	3	3	4	4	2	2	3	3	2	2	1	1	1	1	1	1	1	1	2	2	3	3	1	1	0	0	2	2	2	2	4	4	4	4	1	1	1	3	0	0	4	4	1	3	1	1	1	1	1	1	2	2	2	2	1	1	4	4	4	2	2	2	3	3	4	4	0	0	3	3	1	1	1	1	4	4	1	1	2	2	4	4	3	3	4	4	3	3
M079557_M806_2A	0	0	4	4	2	2	1	1	4	4	3	3	4	4	3	3	0	0	2	2	2	2	0	0	3	3	3	3	4	4	4	4	2	2	1	4	2	2	2	2	4	4	2	2	3	3	4	4	2	2	4	4	2	2	2	2	0	0	4	4	3	3	2	2	4	4	3	3	2	2	3	3	1	1	4	4	2	2	4	4	1	1	1	3	1	4	1	1	1	1	3	3	1	1	4	4	2	2	2	2	4	4	2	2	1	1	4	4	2	2	3	3	2	2	1	3	1	1	1	1	1	1	1	2	3	3	1	1	0	0	2	2	2	2	4	4	4	4	1	1	1	3	0	0	4	4	1	3	1	1	1	1	1	1	2	2	2	2	1	4	4	4	4	2	2	2	3	3	4	4	0	0	3	3	1	1	1	1	4	4	1	1	1	2	4	4	3	3	4	4	3	3
M079565_M806_3A	0	0	4	4	2	2	1	1	4	4	3	3	4	4	3	3	0	0	2	2	2	2	0	0	3	3	3	3	4	4	3	4	2	2	4	4	2	2	2	2	4	4	2	2	3	3	4	4	1	1	4	4	2	2	2	2	0	0	3	4	3	3	2	2	4	4	3	3	2	2	3	3	1	1	4	4	2	2	4	4	1	1	3	3	1	1	1	1	1	1	3	3	1	1	4	4	2	2	2	2	4	4	2	2	3	3	4	4	2	2	3	3	2	2	1	1	1	1	1	1	1	1	1	2	3	3	1	1	0	0	2	2	2	2	4	4	4	4	1	1	1	3	0	0	4	4	1	3	1	1	1	1	1	1	2	2	2	2	1	1	4	4	4	2	2	2	3	3	4	4	0	0	3	3	1	1	1	1	4	4	1	1	1	2	4	4	3	3	4	4	3	3
M079573_M806_4A	0	0	4	4	2	2	1	1	4	4	3	3	4	4	3	3	0	0	2	2	2	2	0	0	3	3	3	3	4	4	3	3	2	2	1	4	2	2	2	2	4	4	2	2	3	3	4	4	1	1	4	4	2	2	2	2	0	0	3	3	3	3	2	2	4	4	3	3	2	2	3	3	1	1	4	4	2	2	4	4	1	1	1	3	1	1	1	1	1	1	3	3	1	1	4	4	2	2	2	2	4	4	2	2	1	3	4	4	4	2	3	3	2	2	1	1	1	1	1	1	1	1	1	2	3	3	1	1	0	0	2	2	2	2	4	4	4	4	1	1	1	3	0	0	4	4	1	3	1	1	1	1	1	1	2	2	2	2	1	4	4	4	4	2	2	2	1	3	4	4	0	0	3	3	1	1	1	1	4	4	1	1	1	2	4	4	3	3	4	4	3	3
M079581_M806_5A	0	0	4	4	2	2	1	1	4	4	3	3	4	4	3	3	0	0	2	2	2	2	0	0	3	3	3	3	4	4	3	4	2	2	4	4	2	2	2	2	4	4	2	2	3	3	4	4	1	1	2	4	2	2	2	2	0	0	3	3	3	3	2	2	4	4	3	3	2	2	3	3	1	1	2	4	2	2	4	4	1	1	1	3	1	1	1	1	1	1	3	3	1	1	4	4	2	2	2	2	4	4	2	2	1	3	4	4	4	2	3	3	2	2	1	1	1	1	1	1	1	1	2	2	3	3	1	1	0	0	2	2	2	2	4	4	4	4	1	1	1	3	0	0	4	4	1	3	1	1	1	1	1	1	2	2	2	2	1	1	4	4	4	2	2	2	1	3	4	4	0	0	3	3	1	1	1	1	4	4	1	1	2	2	4	4	3	3	4	4	3	3
M079589_M806_6A	0	0	4	4	2	2	1	1	4	4	3	3	4	4	3	3	0	0	2	2	2	2	0	0	3	3	3	3	4	4	3	4	2	2	4	4	2	2	2	2	4	4	2	2	3	3	4	4	1	1	4	4	2	2	2	2	0	0	3	4	3	3	2	2	4	4	3	3	2	2	3	3	1	1	4	4	2	2	4	4	1	1	1	3	1	4	1	1	1	1	3	3	1	1	4	4	2	2	2	2	4	4	2	2	1	1	4	4	4	2	3	3	2	2	1	3	3	3	1	1	1	1	1	2	3	3	1	1	0	0	2	2	2	2	4	4	4	4	1	1	1	3	0	0	4	4	1	3	1	1	1	1	1	1	2	2	2	2	1	4	4	4	4	2	2	2	3	3	4	4	0	0	3	3	1	1	1	1	4	4	1	1	1	2	4	4	3	3	4	4	3	3
M079597_M806_7A	0	0	4	4	2	2	1	1	4	4	3	3	4	4	3	3	0	0	2	2	2	2	0	0	3	3	3	3	4	4	3	3	2	2	1	4	2	2	2	2	4	4	2	2	3	3	4	4	1	1	4	4	2	2	2	3	0	0	3	4	3	3	2	2	4	4	3	3	2	2	3	3	1	1	2	4	2	2	4	4	1	1	1	3	1	1	1	1	1	1	1	3	1	1	4	4	2	2	2	2	4	4	2	2	3	3	4	4	4	2	3	3	2	2	3	3	1	3	1	1	1	1	1	1	3	3	1	1	0	0	2	2	2	2	4	4	4	4	1	1	1	3	0	0	4	4	1	3	1	1	1	1	1	1	2	2	2	2	1	4	4	4	4	2	2	2	1	3	4	4	0	0	3	3	1	1	1	1	4	4	1	1	2	2	4	4	3	3	4	4	3	3
M079605_M806_8A	0	0	4	4	2	2	1	1	4	4	3	3	4	4	1	1	0	0	4	2	2	2	0	0	3	3	3	3	4	4	4	4	2	2	4	4	2	2	0	0	4	4	2	2	3	3	4	4	1	1	2	4	2	2	2	2	0	0	3	3	3	3	2	2	4	4	3	3	2	2	3	3	1	1	4	4	2	2	4	4	1	1	3	3	1	1	1	1	1	1	3	3	1	1	4	4	2	2	2	2	4	4	2	2	1	3	4	4	4	2	3	3	2	2	1	3	1	1	1	1	1	1	2	2	3	3	1	1	0	0	2	2	2	2	4	4	4	4	1	1	1	3	0	0	4	4	1	3	1	1	1	1	1	1	2	2	2	2	4	4	4	4	4	2	2	2	1	3	4	4	0	0	3	3	1	1	1	1	4	4	1	1	2	2	4	4	3	3	4	4	3	3
M079613_M806_9A	0	0	4	4	2	2	1	1	4	4	3	3	4	4	3	3	0	0	2	2	2	2	0	0	3	3	3	3	4	4	3	3	2	2	4	4	2	2	2	2	4	4	2	2	3	3	4	4	1	1	4	4	2	2	2	2	0	0	3	4	3	3	2	2	4	4	3	3	2	2	3	3	1	1	2	4	2	2	4	4	1	1	1	3	1	1	1	1	1	1	1	3	1	1	4	4	2	2	2	2	4	4	2	2	1	1	4	4	2	2	3	3	2	2	1	3	1	1	1	1	1	1	2	2	3	3	1	1	0	0	2	2	2	2	4	4	4	4	1	1	1	3	0	0	4	4	1	3	1	1	1	1	1	1	2	2	2	2	1	4	4	4	4	2	2	2	3	3	4	4	0	0	3	3	1	1	1	1	4	4	1	1	2	2	4	4	3	3	4	4	3	3
M079621_M806_10A	0	0	4	4	2	2	1	1	4	4	3	3	4	4	1	3	0	0	2	2	2	2	0	0	3	3	3	3	4	4	3	4	2	2	4	4	2	2	2	2	4	4	2	2	3	3	4	4	1	1	4	4	2	2	2	2	0	0	3	4	3	3	2	2	4	4	3	3	2	2	3	3	1	1	2	4	2	2	4	4	1	1	1	3	1	1	1	1	1	1	3	3	1	1	4	4	2	2	2	2	4	4	2	2	3	3	4	4	2	2	3	3	2	2	1	3	1	1	1	1	1	1	2	2	3	3	1	1	0	0	2	2	2	2	4	4	4	4	1	1	1	3	0	0	4	4	1	3	1	1	1	1	1	1	2	2	2	2	1	4	4	4	4	2	2	2	3	3	4	4	0	0	3	3	1	1	1	1	4	4	1	1	2	2	4	4	3	3	4	4	3	3
M079629_M806_11A	0	0	4	4	2	2	1	1	4	4	3	3	4	4	1	3	0	0	4	2	2	2	0	0	3	3	3	3	4	4	3	4	2	2	4	4	2	2	2	2	4	4	2	2	3	3	4	4	1	1	4	4	2	2	2	2	0	0	3	4	3	3	2	2	4	4	1	3	2	2	3	3	1	1	2	4	2	2	4	4	1	1	1	3	1	1	1	1	1	1	3	3	1	1	4	4	2	2	2	2	4	4	2	2	1	3	4	4	4	4	3	3	2	2	3	3	1	1	1	1	1	1	2	2	3	3	1	1	0	0	2	2	2	2	4	4	4	4	1	1	1	3	0	0	4	4	1	3	1	1	1	1	1	1	2	2	2	2	1	4	4	4	4	2	2	2	1	3	4	4	0	0	3	3	1	1	1	1	4	4	1	1	2	2	4	4	3	3	4	4	3	3
M079637_M806_12A	0	0	0	0	0	0	0	0	0	0	0	0	0	0	0	0	0	0	0	0	0	0	0	0	0	0	0	0	0	0	0	0	0	0	0	0	0	0	0	0	0	0	0	0	0	0	0	0	0	0	0	0	0	0	0	0	0	0	0	0	0	0	0	0	0	0	0	0	0	0	0	0	0	0	0	0	0	0	0	0	0	0	0	0	0	0	0	0	0	0	0	0	0	0	0	0	0	0	0	0	0	0	0	0	0	0	0	0	0	0	0	0	0	0	0	0	0	0	0	0	0	0	0	0	0	0	0	0	0	0	0	0	0	0	0	0	0	0	0	0	0	0	0	0	0	0	0	0	0	0	0	0	0	0	0	0	0	0	0	0	0	0	0	0	0	0	0	0	0	0	0	0	0	0	0	0	0	0	0	0	0	0	0	0	0	0	0	0	0	0	0	0
M079550_M806_1B	0	0	4	4	2	2	1	1	4	4	3	3	4	4	3	3	0	0	4	2	2	2	0	0	3	3	3	3	4	4	3	4	2	2	4	4	2	2	2	2	4	4	2	2	3	3	4	4	1	1	2	4	2	2	2	2	0	0	3	4	3	3	2	2	4	4	3	3	2	2	3	3	1	1	4	4	2	2	4	4	1	1	3	3	1	1	1	1	1	1	3	3	1	1	4	4	2	2	2	2	4	4	2	2	1	3	4	4	2	2	3	3	2	2	1	1	1	1	1	1	1	1	1	1	3	3	1	1	0	0	2	2	2	2	4	4	4	4	1	1	1	3	0	0	4	4	1	3	1	1	1	1	1	1	2	2	2	2	1	4	4	4	4	2	2	2	1	1	4	4	0	0	3	3	1	1	1	1	4	4	1	1	2	2	4	4	3	3	4	4	3	3
M079558_M806_2B	0	0	4	4	2	2	1	1	4	4	3	3	4	4	3	3	0	0	2	2	2	2	0	0	3	3	3	3	4	4	4	4	2	2	4	4	2	2	2	2	4	4	2	2	3	3	4	4	1	2	4	4	2	2	2	3	0	0	3	4	3	3	2	2	4	4	3	3	2	2	3	3	1	1	4	4	2	2	4	4	1	1	1	3	1	1	1	1	1	1	3	3	1	1	4	4	2	2	2	2	4	4	2	2	1	1	4	4	2	2	3	3	2	2	3	3	1	1	1	1	1	1	1	2	3	3	1	1	0	0	2	2	2	2	4	4	4	4	1	1	1	3	0	0	4	4	1	3	1	1	1	1	1	1	2	2	2	2	1	1	4	4	4	2	2	2	3	3	4	4	0	0	3	3	1	1	1	1	4	4	1	1	2	2	4	4	3	3	4	4	3	3
M079566_M806_3B	0	0	4	4	2	2	1	1	4	4	3	3	4	4	3	3	0	0	4	2	2	2	0	0	3	3	3	3	4	4	3	4	2	2	4	4	2	2	0	0	4	4	2	2	3	3	4	4	1	2	2	4	2	2	2	2	0	0	3	4	3	3	2	2	4	4	3	3	2	2	3	3	1	1	4	4	2	2	4	4	1	1	3	3	1	1	1	1	1	1	3	3	1	1	4	4	2	2	2	2	4	4	2	2	1	3	4	4	4	2	3	3	2	2	1	1	1	1	1	1	1	1	1	2	3	3	1	1	0	0	2	2	2	2	4	4	4	4	1	1	1	3	0	0	4	4	1	3	1	1	1	1	1	1	2	2	2	2	4	4	4	4	4	2	2	2	3	3	4	4	0	0	3	3	1	1	1	1	4	4	1	1	2	2	4	4	3	3	4	4	3	3
M079574_M806_4B	0	0	4	4	2	2	1	1	4	4	3	3	4	4	3	3	0	0	2	2	2	2	0	0	3	3	3	3	4	4	3	4	2	2	4	4	2	2	2	2	4	4	2	2	3	3	4	4	1	1	4	4	2	2	2	2	0	0	4	4	3	3	2	2	4	4	3	3	2	2	1	3	1	1	4	4	2	2	4	4	1	1	1	3	1	1	1	1	1	1	3	3	1	1	4	4	2	2	2	2	4	4	2	2	1	3	4	4	2	2	3	3	2	2	1	1	1	1	1	1	1	1	2	2	3	3	1	1	0	0	2	2	2	2	4	4	4	4	1	1	1	3	0	0	4	4	1	3	1	1	1	1	1	1	2	2	2	2	1	4	4	4	4	2	2	2	3	3	4	4	0	0	3	3	1	1	1	1	4	4	1	1	2	2	4	4	3	3	4	4	3	3
M079582_M806_5B	0	0	4	4	2	2	1	1	4	4	3	4	4	4	3	3	0	0	2	2	2	2	0	0	3	3	3	3	4	4	4	4	2	2	4	4	2	2	2	2	4	4	2	2	3	3	4	4	1	1	4	4	2	2	2	2	0	0	3	4	3	3	2	2	4	4	3	3	2	2	3	3	1	1	4	4	2	2	4	4	1	1	1	3	1	1	1	1	1	1	3	3	1	1	4	4	2	2	2	2	4	4	2	2	1	3	4	4	2	2	3	3	2	2	1	1	1	1	1	1	1	1	2	2	3	3	1	1	0	0	2	2	2	2	4	4	4	4	1	1	1	3	0	0	4	4	1	3	1	1	1	1	1	1	2	2	2	2	1	4	4	4	4	2	2	2	1	3	4	4	0	0	3	3	1	1	1	1	4	4	1	1	1	2	4	4	3	3	4	4	3	3
M079590_M806_6B	0	0	4	4	2	2	1	1	4	4	3	3	4	4	3	3	0	0	2	2	2	2	0	0	3	3	3	3	4	4	3	4	2	2	4	4	2	2	2	2	4	4	2	2	3	3	4	4	1	1	4	4	2	2	2	3	0	0	4	4	3	3	2	2	4	4	3	3	2	2	3	3	1	1	4	4	2	2	4	4	1	1	1	1	1	1	1	1	1	1	3	3	1	1	4	4	2	2	2	2	4	4	2	2	1	1	4	4	2	2	3	3	2	2	1	3	1	1	1	1	1	1	2	2	3	3	1	1	0	0	2	2	2	2	4	4	4	4	1	1	1	3	0	0	4	4	1	3	1	1	1	1	1	1	2	2	2	2	1	1	4	4	4	2	2	2	1	3	4	4	0	0	3	3	1	1	1	1	4	4	1	1	2	2	4	4	3	3	4	4	3	3
M079598_M806_7B	0	0	4	4	2	2	1	1	4	4	3	3	4	4	3	3	0	0	4	2	2	2	0	0	3	3	3	3	4	4	3	3	2	2	4	4	2	2	2	2	4	4	2	2	3	3	4	4	1	1	4	4	2	2	2	3	0	0	3	4	3	3	2	2	4	4	1	3	2	2	3	3	1	1	2	4	2	2	4	4	1	1	1	3	1	4	1	1	1	1	3	3	1	1	4	4	2	2	2	2	4	4	2	2	1	3	4	4	2	2	3	3	2	2	1	3	3	3	1	1	1	1	1	1	3	3	1	1	0	0	2	2	2	2	4	4	4	4	1	1	1	3	0	0	4	4	1	3	1	1	1	1	1	1	2	2	2	2	1	4	4	4	4	2	2	2	3	3	4	4	0	0	3	3	1	1	1	1	4	4	1	1	2	2	4	4	3	3	4	4	3	3
M079606_M806_8B	0	0	4	4	2	2	1	1	4	4	3	3	4	4	3	3	0	0	2	2	2	2	0	0	3	3	3	3	4	4	3	3	2	2	4	4	2	2	2	2	4	4	2	2	3	3	4	4	1	1	2	4	2	2	2	3	0	0	3	4	3	3	2	2	4	4	3	3	2	2	3	3	1	1	2	4	2	2	4	4	1	1	1	3	1	1	1	1	1	1	1	3	1	1	4	4	2	2	2	2	4	4	2	2	1	3	4	4	2	2	3	3	2	2	1	3	1	1	1	1	1	1	2	2	3	3	1	1	0	0	2	2	2	2	4	4	4	4	1	1	1	3	0	0	4	4	1	3	1	1	1	1	1	1	2	2	2	2	1	1	4	4	4	2	2	2	3	3	4	4	0	0	3	3	1	1	1	1	4	4	1	1	2	2	4	4	3	3	4	4	3	3
M079614_M806_9B	0	0	4	4	2	2	1	1	4	4	3	3	4	4	3	3	0	0	4	2	2	2	0	0	3	3	3	3	4	4	4	4	2	2	4	4	2	2	0	0	4	4	2	2	3	3	4	4	1	1	2	4	2	2	2	2	0	0	3	4	3	3	2	2	4	4	3	3	2	2	1	3	1	1	2	2	2	2	4	4	1	1	1	1	1	1	1	1	1	1	1	3	1	1	4	4	2	2	2	2	4	4	2	2	1	3	4	4	2	2	3	3	2	2	1	3	1	1	1	1	1	1	1	2	3	3	1	1	0	0	2	2	2	2	4	4	4	4	1	1	1	3	0	0	4	4	1	3	1	1	1	1	1	1	2	2	2	2	4	4	4	4	4	2	2	2	3	3	4	4	0	0	3	3	1	1	1	1	4	4	1	1	1	2	4	4	3	3	4	4	3	3
M079622_M806_10B	0	0	4	4	2	2	1	1	4	4	3	3	4	4	3	3	0	0	2	2	2	2	0	0	3	3	3	3	4	4	3	4	2	2	4	4	2	2	2	2	4	4	2	2	3	3	4	4	1	1	4	4	2	2	2	2	0	0	4	4	3	3	2	2	4	4	3	3	2	2	3	3	1	1	2	4	2	2	4	4	1	1	1	3	4	4	1	1	1	1	3	3	1	1	4	4	2	2	2	2	4	4	2	2	1	3	4	4	2	2	3	3	2	2	3	3	1	3	1	1	1	1	1	2	3	3	1	1	0	0	2	2	2	2	4	4	4	4	1	1	1	3	0	0	4	4	1	3	1	1	1	1	1	1	2	2	2	2	4	4	4	4	4	2	2	2	1	1	4	4	0	0	3	3	1	1	1	1	4	4	1	1	2	2	4	4	3	3	4	4	3	3
M079630_M806_11B	0	0	0	0	0	0	0	0	0	0	0	0	0	0	0	0	0	0	0	0	0	0	0	0	0	0	0	0	0	0	0	0	0	0	0	0	0	0	0	0	0	0	0	0	0	0	0	0	0	0	0	0	0	0	0	0	0	0	0	0	0	0	0	0	0	0	0	0	0	0	0	0	0	0	0	0	0	0	0	0	0	0	0	0	0	0	0	0	0	0	0	0	0	0	0	0	0	0	0	0	0	0	0	0	0	0	0	0	0	0	0	0	0	0	0	0	0	0	0	0	0	0	0	0	0	0	0	0	0	0	0	0	0	0	0	0	0	0	0	0	0	0	0	0	0	0	0	0	0	0	0	0	0	0	0	0	0	0	0	0	0	0	0	0	0	0	0	0	0	0	0	0	0	0	0	0	1	1	0	0	0	0	0	0	0	0	3	3	0	0	0	0
M079638_M806_12B	0	0	4	4	2	2	1	1	4	4	3	3	4	4	1	3	0	0	2	2	2	2	0	0	3	3	3	3	4	4	3	3	2	2	4	4	2	2	2	2	4	4	2	2	3	3	4	4	1	1	2	4	2	2	2	2	0	0	3	3	3	3	2	2	4	4	3	3	2	2	3	3	1	1	2	2	2	2	3	4	1	1	1	3	1	1	1	1	1	1	3	3	1	1	4	4	2	2	2	2	4	4	2	2	1	3	4	4	2	2	3	3	2	2	1	3	1	1	1	1	1	1	2	2	3	3	1	1	0	0	2	2	2	2	4	4	4	4	1	1	1	3	0	0	4	4	1	3	1	1	1	1	1	1	2	2	2	2	1	1	4	4	4	2	2	2	1	3	4	4	0	0	3	3	1	1	1	1	4	4	1	1	2	2	4	4	3	3	4	4	3	3
M079551_M806_1C	0	0	4	4	2	2	1	1	4	4	3	3	4	4	3	3	0	0	2	2	2	2	0	0	3	3	3	3	4	4	3	3	2	2	1	1	2	2	0	0	4	4	2	2	3	3	4	4	1	1	4	4	2	2	2	2	0	0	4	4	3	3	2	2	4	4	3	3	2	2	3	3	1	1	4	4	2	2	4	4	1	1	1	3	1	1	1	1	1	1	3	3	1	1	4	4	2	2	2	2	4	4	2	2	3	3	4	4	2	2	3	3	2	2	1	1	1	1	1	1	1	1	1	2	3	3	1	1	0	0	2	2	2	2	4	4	4	4	1	1	1	3	0	0	4	4	1	3	1	1	1	1	1	1	2	2	2	2	4	4	4	4	4	2	2	2	1	3	4	4	0	0	3	3	1	1	1	1	4	4	1	1	2	2	4	4	3	3	4	4	3	3
M079559_M806_2C	0	0	4	4	2	2	1	1	4	4	3	3	4	4	3	3	0	0	4	2	2	2	0	0	3	3	3	3	4	4	3	4	2	2	4	4	2	2	2	2	4	4	2	2	3	3	4	4	1	1	4	4	2	2	2	2	0	0	4	4	3	3	2	2	4	4	3	3	2	2	3	3	1	1	4	4	2	2	4	4	1	1	1	3	1	1	1	1	1	1	3	3	1	1	4	4	2	2	2	2	4	4	2	2	1	1	4	4	2	2	3	3	2	2	1	1	1	1	1	1	1	1	2	2	3	3	1	1	0	0	2	2	2	2	4	4	4	4	1	1	1	3	0	0	4	4	1	3	1	1	1	1	1	1	2	2	2	2	1	4	4	4	4	2	2	2	3	3	4	4	0	0	3	3	1	1	1	1	4	4	1	1	1	2	4	4	3	3	4	4	3	3
M079567_M806_3C	0	0	4	4	2	2	1	1	4	4	3	3	4	4	3	3	0	0	2	2	2	2	0	0	3	3	3	3	4	4	4	4	2	2	4	4	2	2	2	2	4	4	2	2	3	3	4	4	1	1	4	4	2	2	2	2	0	0	3	4	3	3	2	2	4	4	3	3	2	2	3	3	1	1	4	4	2	2	4	4	1	1	3	3	1	1	1	1	1	1	3	3	1	1	4	4	2	2	2	2	4	4	2	2	3	3	4	4	2	2	3	3	2	2	1	1	1	1	1	1	1	1	2	2	3	3	1	1	0	0	2	2	2	2	4	4	4	4	1	1	1	3	0	0	4	4	1	3	1	1	1	1	1	1	2	2	2	2	1	4	4	4	4	2	2	2	3	3	4	4	0	0	3	3	1	1	1	1	4	4	1	1	2	2	4	4	3	3	4	4	3	3
M079575_M806_4C	0	0	4	4	2	2	1	1	4	4	3	3	4	4	1	3	0	0	2	2	2	2	0	0	3	3	3	3	4	4	4	4	2	2	4	4	2	2	0	0	4	4	2	2	3	3	4	4	1	1	2	4	2	2	2	2	0	0	3	3	3	3	2	2	4	4	3	3	2	2	1	3	1	1	2	4	2	2	4	4	1	1	1	1	1	1	1	1	1	1	3	3	1	1	4	4	2	2	2	2	4	4	2	2	1	1	4	4	2	2	3	3	2	2	1	1	1	3	1	1	1	1	2	2	3	3	1	1	0	0	2	2	2	2	4	4	4	4	1	1	1	3	0	0	4	4	1	3	1	1	1	1	1	1	2	2	2	2	1	1	4	4	4	2	2	2	1	3	4	4	0	0	3	3	1	1	1	1	4	4	1	1	2	2	4	4	3	3	4	4	3	3
M079583_M806_5C	0	0	4	4	2	2	1	1	4	4	3	3	4	4	3	3	0	0	2	2	2	2	0	0	3	3	3	3	4	4	3	4	2	2	4	4	2	2	2	2	4	4	2	2	3	3	4	4	1	1	4	4	2	2	2	2	0	0	4	4	3	3	2	2	4	4	3	3	2	2	3	3	1	1	2	4	2	2	4	4	1	1	1	3	1	1	1	1	1	1	3	3	1	1	4	4	2	2	2	2	4	4	2	2	1	1	4	4	2	2	3	3	2	2	3	3	1	1	1	1	1	1	1	2	3	3	1	1	0	0	2	2	2	2	4	4	4	4	1	1	1	3	0	0	4	4	1	3	1	1	1	1	1	1	2	2	2	2	1	4	4	4	4	2	2	2	3	3	4	4	0	0	3	3	1	1	1	1	4	4	1	1	2	2	4	4	3	3	4	4	3	3
M079591_M806_6C	0	0	4	4	2	2	1	1	4	4	3	3	4	4	3	3	0	0	2	2	2	2	0	0	3	3	3	3	4	4	4	4	2	2	4	4	2	2	2	2	4	4	2	2	3	3	4	4	1	1	4	4	2	2	2	2	0	0	3	4	3	3	2	2	4	4	3	3	2	2	3	3	1	1	4	4	2	2	4	4	1	1	1	1	1	1	1	1	1	1	3	3	1	1	4	4	2	2	2	2	4	4	2	2	1	1	4	4	2	2	3	3	2	2	3	3	1	3	1	1	1	1	2	2	3	3	1	1	0	0	2	2	2	2	4	4	4	4	1	1	1	3	0	0	4	4	1	3	1	1	1	1	1	1	2	2	2	2	1	1	4	4	4	2	2	2	3	3	4	4	0	0	3	3	1	1	1	1	4	4	1	1	2	2	4	4	3	3	4	4	3	3
M079599_M806_7C	0	0	4	4	2	2	1	1	4	4	3	3	4	4	3	3	0	0	4	2	2	2	0	0	3	3	3	3	4	4	3	3	2	2	4	4	2	2	0	0	4	4	2	2	3	3	4	4	1	1	2	4	2	2	2	2	0	0	3	3	3	3	2	2	4	4	3	3	2	2	3	3	1	1	2	4	2	2	4	4	1	1	1	3	4	4	1	1	1	1	3	3	1	1	4	4	2	2	2	2	4	4	2	2	1	3	4	4	2	2	3	3	2	2	1	3	1	1	1	1	1	1	1	2	3	3	1	1	0	0	2	2	2	2	4	4	4	4	1	1	1	3	0	0	4	4	1	3	1	1	1	1	1	1	2	2	2	2	1	4	4	4	4	2	2	2	1	3	4	4	0	0	3	3	1	1	1	1	4	4	1	1	2	2	4	4	3	3	4	4	3	3
M079607_M806_8C	0	0	4	4	2	2	1	1	4	4	3	3	4	4	3	3	0	0	2	2	2	2	0	0	3	3	3	3	4	4	4	4	2	2	4	4	2	2	2	2	4	4	2	2	3	3	4	4	1	1	4	4	2	2	2	2	0	0	3	3	3	3	2	2	4	4	3	3	2	2	3	3	1	1	2	4	2	2	4	4	1	1	1	3	1	4	1	1	1	1	3	3	1	1	4	4	2	2	2	2	4	4	2	2	1	3	4	4	2	2	3	3	2	2	1	3	1	1	1	1	1	1	1	1	3	3	1	1	0	0	2	2	2	2	4	4	4	4	1	1	1	3	0	0	4	4	1	3	1	1	1	1	1	1	2	2	2	2	1	4	4	4	4	2	2	2	3	3	4	4	0	0	3	3	1	1	1	1	4	4	1	1	2	2	4	4	3	3	4	4	3	3
M079615_M806_9C	0	0	4	4	2	2	1	1	4	4	3	3	4	4	1	3	0	0	2	2	2	2	0	0	3	3	3	3	4	4	4	4	2	2	4	4	2	2	0	0	4	4	2	2	3	3	4	4	1	1	4	4	2	2	2	2	0	0	3	4	3	3	2	2	4	4	3	3	2	2	3	3	1	1	4	4	2	2	4	4	1	1	1	3	1	1	1	1	1	1	3	3	1	1	4	4	2	2	2	2	4	4	2	2	3	3	4	4	2	2	3	3	2	2	1	3	1	1	1	1	1	1	2	2	3	3	1	1	0	0	2	2	2	2	4	4	4	4	1	1	1	3	0	0	4	4	1	3	1	1	1	1	1	1	2	2	2	2	1	4	4	4	4	2	2	2	1	3	4	4	0	0	3	3	1	1	1	1	4	4	1	1	2	2	4	4	3	3	4	4	3	3
M079623_M806_10C	0	0	4	4	2	2	1	1	4	4	3	3	4	4	3	3	0	0	2	2	2	2	0	0	3	3	3	3	4	4	4	4	2	2	4	4	2	2	0	0	4	4	2	2	3	3	4	4	1	1	4	4	2	2	2	2	0	0	3	4	3	3	2	2	4	4	1	3	2	2	3	3	1	1	2	4	2	2	4	4	1	1	1	3	1	4	1	1	1	1	3	3	1	1	4	4	2	2	2	2	4	4	2	2	1	3	4	4	2	2	3	3	2	2	1	1	1	1	1	1	1	1	1	2	3	3	1	1	0	0	2	2	2	2	4	4	4	4	1	1	1	3	0	0	4	4	1	3	1	1	1	1	1	1	2	2	2	2	1	4	4	4	4	2	2	2	1	1	4	4	0	0	3	3	1	1	1	1	4	4	1	1	2	2	4	4	3	3	4	4	3	3
M079631_M806_11C	0	0	4	4	2	2	1	1	4	4	3	3	4	4	3	3	0	0	4	2	2	2	0	0	3	3	3	3	4	4	3	4	2	2	4	4	2	2	2	2	4	4	2	2	3	3	4	4	1	1	4	4	2	2	2	3	0	0	3	4	3	3	2	2	4	4	3	3	2	2	3	3	1	1	2	4	2	2	4	4	1	1	1	1	1	1	1	1	1	1	3	3	1	1	4	4	2	2	2	2	4	4	2	2	3	3	4	4	2	2	3	3	2	2	3	3	1	3	1	1	1	1	1	2	3	3	1	1	0	0	2	2	2	2	4	4	4	4	1	1	1	3	0	0	4	4	1	3	1	1	1	1	1	1	2	2	2	2	1	1	4	4	4	2	2	2	1	3	4	4	0	0	3	3	1	1	1	1	4	4	1	1	1	2	4	4	3	3	4	4	3	3
M079639_M806_12C	0	0	4	4	2	2	1	1	4	4	3	3	4	4	1	3	0	0	2	2	2	2	0	0	3	3	3	3	4	4	3	3	2	2	4	4	2	2	2	2	4	4	2	2	3	3	4	4	1	2	4	4	2	2	2	2	0	0	3	3	3	3	2	2	4	4	3	3	2	2	3	3	1	1	2	4	2	2	4	4	1	1	1	3	1	1	1	1	1	1	3	3	1	1	4	4	2	2	2	2	4	4	2	2	1	3	4	4	2	2	3	3	2	2	3	3	1	1	1	1	1	1	1	2	3	3	1	1	0	0	2	2	2	2	4	4	4	4	1	1	1	3	0	0	4	4	1	3	1	1	1	1	1	1	2	2	2	2	1	1	4	4	4	2	2	2	3	3	4	4	0	0	3	3	1	1	1	1	4	4	1	1	2	2	4	4	3	3	4	4	3	3
M079552_M806_1D	0	0	4	4	2	2	1	1	4	4	3	3	4	4	3	3	0	0	2	2	2	2	0	0	3	3	3	3	4	4	4	4	2	2	4	4	2	2	2	2	4	4	2	2	3	3	4	4	1	2	4	4	2	2	2	2	0	0	3	4	3	3	2	2	4	4	3	3	2	2	3	3	1	1	4	4	2	2	4	4	1	1	1	3	1	1	1	1	1	1	3	3	1	1	4	4	2	2	2	2	4	4	2	2	1	3	4	4	2	2	3	3	2	2	1	3	1	1	1	1	1	1	2	2	3	3	1	1	0	0	2	2	2	2	4	4	4	4	1	1	1	3	0	0	4	4	1	3	1	1	1	1	1	1	2	2	2	2	1	4	4	4	4	2	2	2	3	3	4	4	0	0	3	3	1	1	1	1	4	4	1	1	2	2	4	4	3	3	4	4	3	3
M079560_M806_2D	0	0	4	4	2	2	1	1	4	4	3	3	4	4	1	3	0	0	2	2	2	2	0	0	3	3	3	3	4	4	3	4	2	2	4	4	2	2	2	2	4	4	2	2	3	3	4	4	1	1	4	4	2	2	2	2	0	0	3	4	3	3	2	2	4	4	3	3	2	2	3	3	1	1	4	4	2	2	4	4	1	1	1	3	1	1	1	1	1	1	3	3	1	1	4	4	2	2	2	2	4	4	2	2	1	3	4	4	4	4	3	3	2	2	1	3	1	1	1	1	1	1	1	2	3	3	1	1	0	0	2	2	2	2	4	4	4	4	1	1	1	3	0	0	4	4	1	3	1	1	1	1	1	1	2	2	2	2	4	4	4	4	4	2	2	2	1	1	4	4	0	0	3	3	1	1	1	1	4	4	1	1	1	2	4	4	3	3	4	4	3	3
M079568_M806_3D	0	0	4	4	2	2	1	1	4	4	3	3	4	4	3	3	0	0	2	2	2	2	0	0	3	3	3	3	4	4	3	4	2	2	4	4	2	2	2	2	4	4	2	2	3	3	4	4	1	1	4	4	2	2	2	2	0	0	3	3	3	3	2	2	4	4	3	3	2	2	3	3	1	1	2	4	2	2	4	4	1	1	1	3	1	1	1	1	1	1	3	3	1	1	4	4	2	2	2	2	4	4	2	2	1	3	4	4	2	2	3	3	2	2	1	1	1	1	1	1	1	1	2	2	3	3	1	1	0	0	2	2	2	2	4	4	4	4	1	1	1	3	0	0	4	4	1	3	1	1	1	1	1	1	2	2	2	2	1	1	4	4	4	2	2	2	1	3	4	4	0	0	3	3	1	1	1	1	4	4	1	1	2	2	4	4	3	3	4	4	3	3
M079576_M806_4D	0	0	4	4	2	2	1	1	4	4	3	3	4	4	1	3	0	0	2	2	2	2	0	0	3	3	3	3	4	4	3	3	2	2	4	4	2	2	2	2	4	4	2	2	3	3	4	4	1	1	4	4	2	2	2	2	0	0	3	4	3	3	2	2	4	4	1	3	2	2	1	3	1	1	2	4	2	2	4	4	1	1	1	3	1	1	1	1	1	1	3	3	1	1	4	4	2	2	2	2	4	4	2	2	1	1	4	4	4	2	3	3	2	2	1	3	1	1	1	1	1	1	2	2	3	3	1	1	0	0	2	2	2	2	4	4	4	4	1	1	1	3	0	0	4	4	1	3	1	1	1	1	1	1	2	2	2	2	4	4	4	4	4	2	2	2	3	3	4	4	0	0	3	3	1	1	1	1	4	4	1	1	2	2	4	4	3	3	4	4	3	3
M079584_M806_5D	0	0	4	4	2	2	1	1	4	4	3	3	4	4	3	3	0	0	4	2	2	2	0	0	3	3	3	3	4	4	3	3	2	2	1	4	2	2	2	2	4	4	2	2	3	3	4	4	1	1	4	4	2	2	2	2	0	0	4	4	3	3	2	2	4	4	3	3	2	2	3	3	1	1	4	4	2	2	4	4	1	1	3	3	1	1	1	1	1	1	3	3	1	1	4	4	2	2	2	2	4	4	2	2	1	1	4	4	4	2	3	3	2	2	1	3	1	1	1	1	1	1	1	1	3	3	1	1	0	0	2	2	2	2	4	4	4	4	1	1	1	3	0	0	4	4	1	3	1	1	1	1	1	1	2	2	2	2	1	1	4	4	4	2	2	2	1	3	4	4	0	0	3	3	1	1	1	1	4	4	1	1	2	2	4	4	3	3	4	4	3	3
M079592_M806_6D	0	0	4	4	2	2	1	1	4	4	3	3	4	4	3	3	0	0	2	2	2	2	0	0	3	3	3	3	4	4	3	3	2	2	4	4	2	2	2	2	4	4	2	2	3	3	4	4	1	1	4	4	2	2	2	2	0	0	4	4	3	3	2	2	4	4	1	3	2	2	3	3	1	1	2	4	2	2	4	4	1	1	1	1	1	1	1	1	1	1	3	3	1	1	4	4	2	2	2	2	4	4	2	2	3	3	4	4	2	2	3	3	2	2	1	1	1	3	1	1	1	1	1	2	3	3	1	1	0	0	2	2	2	2	4	4	4	4	1	1	1	3	0	0	4	4	1	3	1	1	1	1	1	1	2	2	2	2	1	1	4	4	4	2	2	2	3	3	4	4	0	0	3	3	1	1	1	1	4	4	1	1	2	2	4	4	3	3	4	4	3	3
M079600_M806_7D	0	0	4	4	2	2	1	1	4	4	3	3	4	4	3	3	0	0	2	2	2	2	0	0	3	3	3	3	4	4	3	3	2	2	4	4	2	2	2	2	4	4	2	2	3	3	4	4	1	1	4	4	2	2	2	2	0	0	3	4	3	3	2	2	4	4	3	3	2	2	3	3	1	1	4	4	2	2	4	4	1	1	1	3	1	4	1	1	1	1	3	3	1	1	4	4	2	2	2	2	4	4	2	2	1	3	4	4	2	2	3	3	2	2	1	3	1	3	1	1	1	1	1	1	3	3	1	1	0	0	2	2	2	2	4	4	4	4	1	1	1	3	0	0	4	4	1	3	1	1	1	1	1	1	2	2	2	2	1	4	4	4	4	2	2	2	3	3	4	4	0	0	3	3	1	1	1	1	4	4	1	1	1	1	4	4	3	3	4	4	3	3
M079608_M806_8D	0	0	4	4	2	2	1	1	4	4	3	3	4	4	3	3	0	0	4	2	2	2	0	0	3	3	3	3	4	4	3	3	2	2	4	4	2	2	2	2	4	4	2	2	3	3	4	4	1	1	2	2	2	2	2	2	0	0	3	4	3	3	2	2	4	4	3	3	2	2	3	3	1	1	4	4	2	2	4	4	1	1	1	3	1	1	1	1	1	1	1	3	1	1	4	4	2	2	2	2	4	4	2	2	3	3	4	4	2	2	3	3	2	2	1	1	1	1	1	1	1	1	1	2	3	3	1	1	0	0	2	2	2	2	4	4	4	4	1	1	1	3	0	0	4	4	1	3	1	1	1	1	1	1	2	2	2	2	1	4	4	4	4	2	2	2	1	3	4	4	0	0	3	3	1	1	1	1	4	4	1	1	2	2	4	4	3	3	4	4	3	3
M079616_M806_9D	0	0	4	4	2	2	1	1	4	4	3	3	4	4	1	3	0	0	2	2	2	2	0	0	3	3	3	3	4	4	3	4	2	2	1	4	2	2	2	2	4	4	2	2	3	3	4	4	1	1	4	4	2	2	2	3	0	0	3	4	3	3	2	2	4	4	3	3	2	2	3	3	1	1	4	4	2	2	4	4	1	1	1	3	1	4	1	1	1	1	1	3	1	1	4	4	2	2	2	2	4	4	2	2	1	3	4	4	2	2	3	3	2	2	1	3	1	3	1	1	1	1	2	2	3	3	1	1	0	0	2	2	2	2	4	4	4	4	1	1	1	3	0	0	4	4	1	3	1	1	1	1	1	1	2	2	2	2	1	4	4	4	4	2	2	2	3	3	4	4	0	0	3	3	1	1	1	1	4	4	1	1	2	2	4	4	3	3	4	4	3	3
M079624_M806_10D	0	0	4	4	2	2	1	1	4	4	3	3	4	4	3	3	0	0	2	2	2	2	0	0	3	3	3	3	4	4	3	3	2	2	4	4	2	2	2	2	4	4	2	2	3	3	4	4	1	1	4	4	2	2	2	2	0	0	3	3	3	3	2	2	4	4	3	3	2	2	3	3	1	1	2	4	2	2	4	4	1	1	1	3	1	1	1	1	1	1	3	3	1	1	4	4	2	2	2	2	4	4	2	2	1	3	4	4	2	2	3	3	2	2	1	1	1	1	1	1	1	1	1	1	3	3	1	1	0	0	2	2	2	2	4	4	4	4	1	1	1	3	0	0	4	4	1	3	1	1	1	1	1	1	2	2	2	2	1	4	4	4	4	2	2	2	1	1	4	4	0	0	3	3	1	1	1	1	4	4	1	1	2	2	4	4	3	3	4	4	3	3
M079632_M806_11D	0	0	4	4	2	2	1	1	4	4	3	3	4	4	1	3	0	0	2	2	2	2	0	0	3	3	3	3	4	4	3	3	2	2	4	4	2	2	2	2	4	4	2	2	3	3	4	4	1	1	4	4	2	2	2	2	0	0	3	3	3	3	2	2	4	4	3	3	2	2	3	3	1	1	4	4	2	2	4	4	1	1	1	1	1	1	1	1	1	1	3	3	1	1	4	4	2	2	2	2	4	4	2	2	1	3	4	4	2	2	3	3	2	2	3	3	1	1	1	1	1	1	1	2	3	3	1	1	0	0	2	2	2	2	4	4	4	4	1	1	1	3	0	0	4	4	1	3	1	1	1	1	1	1	2	2	2	2	1	4	4	4	4	2	2	2	3	3	4	4	0	0	3	3	1	1	1	1	4	4	1	1	2	2	4	4	3	3	4	4	3	3
M079640_M806_12D	0	0	4	4	2	2	1	1	4	4	3	3	4	4	1	3	0	0	2	2	2	2	0	0	3	3	3	3	4	4	3	3	2	2	4	4	2	2	2	2	4	4	2	2	3	3	4	4	1	1	4	4	2	2	2	2	0	0	3	3	3	3	2	2	4	4	3	3	2	2	3	3	1	1	2	4	2	2	4	4	1	1	1	1	1	1	1	1	1	1	3	3	1	1	4	4	2	2	2	2	4	4	2	2	3	3	4	4	2	2	3	3	2	2	1	3	1	3	1	1	1	1	1	1	3	3	1	1	0	0	2	2	2	2	4	4	4	4	1	1	1	3	0	0	4	4	1	3	1	1	1	1	1	1	2	2	2	2	1	1	4	4	4	2	2	2	3	3	4	4	0	0	3	3	1	1	1	1	4	4	1	1	2	2	4	4	3	3	4	4	3	3
M079553_M806_1E	0	0	4	4	2	2	1	1	4	4	3	3	4	4	3	3	0	0	2	2	2	2	0	0	3	3	3	3	4	4	3	4	2	2	4	4	2	2	2	2	4	4	2	2	3	3	4	4	1	2	4	4	2	2	2	2	0	0	4	4	3	3	2	2	4	4	3	3	2	2	3	3	1	1	4	4	2	2	4	4	1	1	1	3	1	1	1	1	1	1	3	3	1	1	4	4	2	2	2	2	4	4	2	2	3	3	4	4	2	2	3	3	2	2	1	3	1	1	1	1	1	1	1	2	3	3	1	1	0	0	2	2	2	2	4	4	4	4	1	1	1	3	0	0	4	4	1	3	1	1	1	1	1	1	2	2	2	2	1	4	4	4	4	2	2	2	3	3	4	4	0	0	3	3	1	1	1	1	4	4	1	1	2	2	4	4	3	3	4	4	3	3
M079561_M806_2E	0	0	4	4	2	2	1	1	4	4	3	3	4	4	3	3	0	0	2	2	2	2	0	0	3	3	3	3	4	4	3	4	2	2	4	4	2	2	2	2	4	4	2	2	3	3	4	4	1	1	4	4	2	2	2	2	0	0	4	4	3	3	2	2	4	4	1	3	2	2	1	3	1	1	2	4	2	2	4	4	1	1	1	3	1	1	1	1	1	1	3	3	1	1	4	4	2	2	2	2	4	4	2	2	1	1	4	4	2	2	3	3	2	2	1	1	1	1	1	1	1	1	2	2	3	3	1	1	0	0	2	2	2	2	4	4	4	4	1	1	1	3	0	0	4	4	1	3	1	1	1	1	1	1	2	2	2	2	1	4	4	4	4	2	2	2	3	3	4	4	0	0	3	3	1	1	1	1	4	4	1	1	2	2	4	4	3	3	4	4	3	3
M079569_M806_3E	0	0	4	4	2	2	1	1	4	4	3	3	4	4	1	3	0	0	2	2	2	2	0	0	3	3	3	3	4	4	3	4	2	2	4	4	2	2	2	2	4	4	2	2	3	3	4	4	1	2	4	4	2	2	2	2	0	0	3	4	3	3	2	2	4	4	1	3	2	2	3	3	1	1	4	4	2	2	4	4	1	1	1	1	1	1	1	1	1	1	3	3	1	1	4	4	2	2	2	2	4	4	2	2	1	1	4	4	2	2	3	3	2	2	1	1	1	1	1	1	1	1	2	2	3	3	1	1	0	0	2	2	2	2	4	4	4	4	1	1	1	3	0	0	4	4	1	3	1	1	1	1	1	1	2	2	2	2	1	1	4	4	4	2	2	2	3	3	4	4	0	0	3	3	1	1	1	1	4	4	1	1	2	2	4	4	3	3	4	4	3	3
M079577_M806_4E	0	0	4	4	2	2	1	1	4	4	3	3	4	4	3	3	0	0	2	2	2	2	0	0	3	3	3	3	4	4	3	4	2	2	4	4	2	2	2	2	4	4	2	2	3	3	4	4	1	1	4	4	2	2	2	2	0	0	4	4	3	3	2	2	4	4	3	3	2	2	1	3	1	1	2	4	2	2	4	4	1	1	1	1	1	4	1	1	1	1	3	3	1	1	4	4	2	2	2	2	4	4	2	2	1	3	4	4	4	2	3	3	2	2	1	1	1	1	1	1	1	1	1	2	3	3	1	1	0	0	2	2	2	2	4	4	4	4	1	1	1	3	0	0	4	4	1	3	1	1	1	1	1	1	2	2	1	2	4	4	4	4	4	2	2	2	1	3	4	4	0	0	3	3	1	1	1	1	4	4	1	1	1	2	4	4	3	3	4	4	3	3
M079585_M806_5E	0	0	4	4	2	2	1	1	4	4	3	3	4	4	3	3	0	0	2	2	2	2	0	0	3	3	3	3	4	4	3	4	2	2	1	4	2	2	0	0	4	4	2	2	3	3	4	4	1	1	4	4	2	2	2	3	0	0	4	4	3	3	2	2	4	4	3	3	2	2	3	3	1	1	4	4	2	2	4	4	1	1	1	1	1	1	1	1	1	1	3	3	1	1	4	4	2	2	2	2	4	4	2	2	1	1	4	4	2	2	3	3	2	2	1	3	1	1	1	1	1	1	2	2	3	3	1	1	0	0	2	2	2	2	4	4	4	4	1	1	1	3	0	0	4	4	1	3	1	1	1	1	1	1	2	2	2	2	1	4	4	4	4	2	2	2	1	3	4	4	0	0	3	3	1	1	1	1	4	4	1	1	2	2	4	4	3	3	4	4	3	3
M079593_M806_6E	0	0	4	4	2	2	1	1	4	4	3	3	4	4	3	3	0	0	2	2	2	2	0	0	3	3	3	3	4	4	3	3	2	2	4	4	2	2	2	2	4	4	2	2	3	3	4	4	1	1	4	4	2	2	2	2	0	0	3	4	3	3	2	2	4	4	3	3	2	2	3	3	1	1	4	4	2	2	4	4	1	1	3	3	1	4	1	1	1	1	3	3	1	1	4	4	2	2	2	2	4	4	2	2	1	1	4	4	2	2	3	3	2	2	1	3	1	3	1	1	1	1	1	2	3	3	1	1	0	0	2	2	2	2	4	4	4	4	1	1	1	3	0	0	4	4	1	3	1	1	1	1	1	1	2	2	2	2	1	4	4	4	4	2	2	2	3	3	4	4	0	0	3	3	1	1	1	1	4	4	1	1	1	2	4	4	3	3	4	4	3	3
M079601_M806_7E	0	0	4	4	2	2	1	1	4	4	3	3	4	4	3	3	0	0	2	2	2	2	0	0	3	3	3	3	4	4	3	3	2	2	4	4	2	2	2	2	4	4	2	2	3	3	4	4	1	1	4	4	2	2	2	2	0	0	3	4	3	3	2	2	4	4	3	3	2	2	3	3	1	1	4	4	2	2	4	4	1	1	3	3	1	1	1	1	1	1	3	3	1	1	4	4	2	2	2	2	4	4	2	2	3	3	4	4	2	2	3	3	2	2	1	3	1	1	1	1	1	1	1	1	3	3	1	1	0	0	2	2	2	2	4	4	4	4	1	1	1	3	0	0	4	4	1	3	1	1	1	1	1	1	2	2	2	2	1	1	4	4	4	2	2	2	3	3	4	4	0	0	3	3	1	1	1	1	4	4	1	1	2	2	4	4	3	3	4	4	3	3
M079609_M806_8E	0	0	4	4	2	2	1	1	4	4	3	4	4	4	3	3	0	0	2	2	2	2	0	0	3	3	3	3	4	4	3	4	2	2	4	4	2	2	2	2	4	4	2	2	3	3	4	4	1	1	2	4	2	2	2	2	0	0	3	4	3	3	2	2	4	4	3	3	2	2	3	3	1	1	2	4	2	2	4	4	1	1	3	3	1	1	1	1	1	1	3	3	1	1	4	4	2	2	2	2	4	4	2	2	1	3	4	4	2	2	3	3	2	2	1	1	1	1	1	1	1	1	1	1	3	3	1	1	0	0	2	2	2	2	4	4	4	4	1	1	1	3	0	0	4	4	1	3	1	1	1	1	1	1	2	2	2	2	1	1	4	4	4	2	2	2	1	1	4	4	0	0	3	3	1	1	1	1	4	4	1	1	2	2	4	4	3	3	4	4	3	3
M079617_M806_9E	0	0	4	4	2	2	1	1	4	4	3	3	4	4	1	3	0	0	2	2	2	2	0	0	3	3	3	3	4	4	3	4	2	2	4	4	2	2	2	2	4	4	2	2	3	3	4	4	1	1	4	4	2	2	3	3	0	0	4	4	3	3	2	2	4	4	3	3	2	2	3	3	1	1	4	4	2	2	4	4	1	1	3	3	1	1	1	1	1	1	3	3	1	1	4	4	2	2	2	2	4	4	2	2	1	1	4	4	4	2	3	3	2	2	3	3	1	3	1	1	1	1	2	2	3	3	1	1	0	0	2	2	2	2	4	4	4	4	1	1	1	3	0	0	4	4	1	3	1	1	1	1	1	1	2	2	2	2	1	1	4	4	4	2	2	2	1	3	4	4	0	0	3	3	1	1	1	1	4	4	1	1	2	2	4	4	3	3	4	4	3	3
M079625_M806_10E	0	0	4	4	2	2	1	1	4	4	3	3	4	4	3	3	0	0	2	2	2	2	0	0	3	3	3	3	4	4	3	4	2	2	4	4	2	2	2	2	4	4	2	2	3	3	4	4	1	1	2	4	2	2	2	2	0	0	4	4	3	3	2	2	4	4	3	3	2	2	3	3	1	1	4	4	2	2	4	4	1	1	1	3	1	1	1	1	1	1	3	3	1	1	4	4	2	2	2	2	4	4	2	2	1	3	4	4	2	2	3	3	2	2	1	1	1	1	1	1	1	1	1	1	3	3	1	1	0	0	2	2	2	2	4	4	4	4	1	1	1	3	0	0	4	4	1	3	1	1	1	1	1	1	2	2	2	2	1	1	4	4	4	2	2	2	1	3	4	4	0	0	3	3	1	1	1	1	4	4	1	1	2	2	4	4	3	3	4	4	3	3
M079633_M806_11E	0	0	4	4	2	2	1	1	4	4	3	3	4	4	3	3	0	0	2	2	2	2	0	0	3	3	3	3	4	4	3	4	2	2	4	4	2	2	2	2	4	4	2	2	3	3	4	4	1	1	2	4	2	2	2	2	0	0	3	4	3	3	2	2	4	4	3	3	2	2	3	3	1	1	2	4	2	2	4	4	1	1	1	3	1	1	1	1	1	1	3	3	1	1	4	4	2	2	2	2	4	4	2	2	1	3	4	4	2	2	3	3	2	2	1	3	1	1	1	1	1	1	1	2	3	3	1	1	0	0	2	2	2	2	4	4	4	4	1	1	1	3	0	0	4	4	1	3	1	1	1	1	1	1	2	2	2	2	1	1	4	4	4	2	2	2	3	3	4	4	0	0	3	3	1	1	1	1	4	4	1	1	2	2	4	4	3	3	4	4	3	3
M079641_M806_12E	0	0	4	4	2	2	1	1	4	4	3	3	4	4	1	3	0	0	2	2	2	2	0	0	3	3	3	3	4	4	3	3	2	2	4	4	2	2	0	0	4	4	2	2	3	3	4	4	1	1	4	4	2	2	2	3	0	0	3	3	3	3	2	2	4	4	3	3	2	2	3	3	1	1	2	4	2	2	4	4	1	1	1	3	1	1	1	1	1	1	3	3	1	1	4	4	2	2	2	2	4	4	2	2	3	3	4	4	4	2	3	3	2	2	3	3	1	1	1	1	1	1	1	2	3	3	1	1	0	0	2	2	2	2	4	4	4	4	1	1	1	3	0	0	4	4	1	3	1	1	1	1	1	1	2	2	2	2	1	1	4	4	4	2	2	2	3	3	4	4	0	0	3	3	1	1	1	1	4	4	1	1	2	2	4	4	3	3	4	4	3	3
M079554_M806_1F	0	0	4	4	2	2	1	1	4	4	3	3	4	4	3	3	0	0	2	2	2	2	0	0	3	3	3	3	4	4	3	4	2	2	4	4	2	2	2	2	4	4	2	2	3	3	4	4	1	1	4	4	2	2	2	2	0	0	4	4	3	3	2	2	4	4	3	3	2	2	3	3	1	1	2	4	2	2	4	4	1	1	1	3	1	4	1	1	1	1	3	3	1	1	4	4	2	2	2	2	4	4	2	2	1	1	4	4	2	2	3	3	2	2	3	3	1	1	1	1	1	1	1	2	3	3	1	1	0	0	2	2	2	2	4	4	4	4	1	1	1	3	0	0	4	4	1	3	1	1	1	1	1	1	2	2	2	2	1	1	4	4	4	2	2	2	3	3	4	4	0	0	3	3	1	1	1	1	4	4	1	1	2	2	4	4	3	3	4	4	3	3
M079562_M806_2F	0	0	4	4	2	2	1	1	4	4	3	4	4	4	3	3	0	0	2	2	2	2	0	0	3	3	3	3	4	4	4	4	2	2	1	4	2	2	0	0	4	4	2	2	3	3	4	4	1	1	2	4	2	2	2	2	0	0	3	4	3	3	2	2	4	4	3	3	2	2	3	3	1	1	4	4	2	2	4	4	1	1	1	1	1	1	1	1	1	1	3	3	1	1	4	4	2	2	2	2	4	4	2	2	1	1	4	4	4	2	3	3	2	2	1	3	1	1	1	1	1	1	1	2	3	3	1	1	0	0	2	2	2	2	4	4	4	4	1	1	1	3	0	0	4	4	1	3	1	1	1	1	1	1	2	2	2	2	1	1	4	4	4	2	2	2	1	3	4	4	0	0	3	3	1	1	1	1	4	4	1	1	2	2	4	4	3	3	4	4	3	3
M079570_M806_3F	0	0	4	4	2	2	1	1	4	4	3	3	4	4	3	3	0	0	2	2	2	2	0	0	3	3	3	3	4	4	3	4	2	2	1	1	2	2	2	2	4	4	2	2	3	3	4	4	1	1	4	4	2	2	2	2	0	0	4	4	3	3	2	2	4	4	3	3	2	2	3	3	1	1	4	4	2	2	4	4	1	1	3	3	1	1	1	1	1	1	3	3	1	1	4	4	2	2	2	2	4	4	2	2	3	3	4	4	2	2	3	3	2	2	1	3	1	1	1	1	1	1	2	2	3	3	1	1	0	0	2	2	2	2	4	4	4	4	1	1	1	3	0	0	4	4	1	3	1	1	1	1	1	1	2	2	2	2	1	4	4	4	4	2	2	2	1	3	4	4	0	0	3	3	1	1	1	1	4	4	1	1	1	2	4	4	3	3	4	4	3	3
M079578_M806_4F	0	0	4	4	2	2	1	1	4	4	3	3	4	4	3	3	0	0	2	2	2	2	0	0	3	3	3	3	4	4	3	3	2	2	1	4	2	2	2	2	4	4	2	2	3	3	4	4	1	1	4	4	2	2	2	2	0	0	3	4	3	3	2	2	4	4	3	3	2	2	3	3	1	1	4	4	2	2	4	4	1	1	1	3	1	4	1	1	1	1	3	3	1	1	4	4	2	2	2	2	4	4	2	2	1	3	4	4	2	2	3	3	2	2	1	3	1	3	1	1	1	1	1	1	3	3	1	1	0	0	2	2	2	2	4	4	4	4	1	1	1	3	0	0	4	4	1	3	1	1	1	1	1	1	2	2	2	2	1	1	4	4	4	2	2	2	1	3	4	4	0	0	3	3	1	1	1	1	4	4	1	1	1	2	4	4	3	3	4	4	3	3
M079586_M806_5F	0	0	4	4	2	2	1	1	4	4	3	3	4	4	3	3	0	0	2	2	2	2	0	0	3	3	3	3	4	4	3	4	2	2	4	4	2	2	2	2	4	4	2	2	3	3	4	4	1	1	4	4	2	2	2	2	0	0	3	3	3	3	2	2	4	4	3	3	2	2	3	3	1	1	2	4	2	2	4	4	1	1	1	3	1	1	1	1	1	1	3	3	1	1	4	4	2	2	2	2	4	4	2	2	1	3	4	4	2	2	3	3	2	2	1	1	1	1	1	1	1	1	2	2	3	3	1	1	0	0	2	2	2	2	4	4	4	4	1	1	1	3	0	0	4	4	1	3	1	1	1	1	1	1	2	2	2	2	1	1	4	4	4	2	2	2	1	3	4	4	0	0	3	3	1	1	1	1	4	4	1	1	2	2	4	4	3	3	4	4	3	3
M079594_M806_6F	0	0	4	4	2	2	1	1	4	4	3	3	4	4	3	3	0	0	2	2	2	2	0	0	3	3	3	3	4	4	3	4	2	2	4	4	2	2	2	2	4	4	2	2	3	3	4	4	1	1	4	4	2	2	2	2	0	0	3	4	3	3	2	2	4	4	3	3	2	2	3	3	1	1	4	4	2	2	4	4	1	1	1	1	1	1	1	1	1	1	3	3	1	1	4	4	2	2	2	2	4	4	2	2	1	3	4	4	2	2	3	3	2	2	1	3	1	3	1	1	1	1	1	2	3	3	1	1	0	0	2	2	2	2	4	4	4	4	1	1	1	3	0	0	4	4	1	3	1	1	1	1	1	1	2	2	2	2	1	1	4	4	4	2	2	2	3	3	4	4	0	0	3	3	1	1	1	1	4	4	1	1	2	2	4	4	3	3	4	4	3	3
M079602_M806_7F	0	0	4	4	2	2	1	1	4	4	3	3	4	4	3	3	0	0	2	2	2	2	0	0	3	3	3	3	4	4	3	3	2	2	4	4	2	2	2	2	4	4	2	2	3	3	4	4	1	1	2	4	2	2	2	3	0	0	3	3	3	3	2	2	4	4	3	3	2	2	3	3	1	1	4	4	2	2	4	4	1	1	3	3	1	1	1	1	1	1	3	3	1	1	4	4	2	2	2	2	4	4	2	2	3	3	4	4	2	2	3	3	2	2	1	3	1	3	1	1	1	1	1	1	3	3	1	1	0	0	2	2	2	2	4	4	4	4	1	1	1	3	0	0	4	4	1	3	1	1	1	1	1	1	2	2	2	2	1	4	4	4	4	2	2	2	3	3	4	4	0	0	3	3	1	1	1	1	4	4	1	1	2	2	4	4	3	3	4	4	3	3
M079610_M806_8F	0	0	4	4	2	2	1	1	4	4	3	3	4	4	3	3	0	0	2	2	2	2	0	0	3	3	3	3	4	4	4	4	2	2	4	4	2	2	2	2	4	4	2	2	3	3	4	4	1	1	2	4	2	2	2	2	0	0	3	4	3	3	2	2	4	4	3	3	2	2	3	3	1	1	2	4	2	2	4	4	1	1	1	3	1	1	1	1	1	1	3	3	1	1	4	4	2	2	2	2	4	4	2	2	3	3	4	4	2	2	3	3	2	2	3	3	1	1	1	1	1	1	1	2	3	3	1	1	0	0	2	2	2	2	4	4	4	4	1	1	1	3	0	0	4	4	1	3	1	1	1	1	1	1	2	2	2	2	1	1	4	4	4	2	2	2	1	1	4	4	0	0	3	3	1	1	1	1	4	4	1	1	1	2	4	4	3	3	4	4	3	3
M079618_M806_9F	0	0	4	4	2	2	1	1	4	4	3	3	4	4	3	3	0	0	2	2	2	2	0	0	3	3	3	3	4	4	3	4	2	2	4	4	2	2	2	2	4	4	2	2	3	3	4	4	1	1	4	4	2	2	2	3	0	0	3	3	3	3	2	2	4	4	3	3	2	2	3	3	1	1	2	4	2	2	4	4	1	1	1	3	1	4	1	1	1	1	1	3	1	1	4	4	2	2	2	2	4	4	2	2	1	1	4	4	2	2	3	3	2	2	1	3	1	1	1	1	1	1	1	2	3	3	1	1	0	0	2	2	2	2	4	4	4	4	1	1	1	3	0	0	4	4	1	3	1	1	1	1	1	1	2	2	2	2	1	4	4	4	4	2	2	2	1	3	4	4	0	0	3	3	1	1	1	1	4	4	1	1	2	2	4	4	3	3	4	4	3	3
M079626_M806_10F	0	0	4	4	2	2	1	1	4	4	3	3	4	4	1	3	0	0	2	2	2	2	0	0	3	3	3	3	4	4	3	3	2	2	4	4	2	2	2	2	4	4	2	2	3	3	4	4	1	1	2	2	2	2	2	3	0	0	3	4	3	3	2	2	4	4	1	3	2	2	3	3	1	1	4	4	2	2	4	4	1	1	1	1	1	4	1	1	1	1	3	3	1	1	4	4	2	2	2	2	4	4	2	2	1	3	4	4	2	2	3	3	2	2	3	3	1	1	1	1	1	1	1	2	3	3	1	1	0	0	2	2	2	2	4	4	4	4	1	1	1	3	0	0	4	4	1	3	1	1	1	1	1	1	2	2	2	2	1	1	4	4	4	2	2	2	3	3	4	4	0	0	3	3	1	1	1	1	4	4	1	1	2	2	4	4	3	3	4	4	3	3
M079634_M806_11F	0	0	4	4	2	2	1	1	4	4	3	3	4	4	3	3	0	0	2	2	2	2	0	0	3	3	3	3	4	4	4	4	2	2	4	4	2	2	2	2	4	4	2	2	3	3	4	4	1	1	2	4	2	2	2	3	0	0	3	3	3	3	2	2	4	4	3	3	2	2	3	3	1	1	2	2	2	2	3	4	1	1	3	3	1	4	1	1	1	1	1	3	1	1	4	4	2	2	2	2	4	4	2	2	1	3	4	4	2	2	3	3	2	2	1	3	1	1	1	1	1	1	1	2	3	3	1	1	0	0	2	2	2	2	4	4	4	4	1	1	1	3	0	0	4	4	1	3	1	1	1	1	1	1	2	2	2	2	4	4	4	4	4	2	2	2	1	3	4	4	0	0	3	3	1	1	1	1	4	4	1	1	1	2	4	4	3	3	4	4	3	3
M079642_M806_12F	0	0	4	4	2	2	1	1	4	4	3	3	4	4	3	3	0	0	2	2	2	2	0	0	3	3	3	3	4	4	4	4	2	2	1	4	2	2	2	2	4	4	2	2	3	3	4	4	2	2	4	4	2	2	2	2	0	0	3	4	3	3	2	2	4	4	3	3	2	2	3	3	1	1	4	4	2	2	4	4	1	1	3	3	1	1	1	1	1	1	3	3	1	1	4	4	2	2	2	2	4	4	2	2	3	3	4	4	2	2	3	3	2	2	1	1	1	1	1	1	1	1	2	2	3	3	1	1	0	0	2	2	2	2	4	4	4	4	1	1	1	3	0	0	4	4	1	3	1	1	1	1	1	1	2	2	2	2	1	4	4	4	4	2	2	2	1	3	4	4	0	0	3	3	1	1	1	1	4	4	1	1	2	2	4	4	3	3	4	4	3	3
M079555_M806_1G	0	0	4	4	2	2	1	1	4	4	3	3	4	4	3	3	0	0	2	2	2	2	0	0	3	3	3	3	4	4	3	4	2	2	1	4	2	2	0	0	4	4	2	2	3	3	4	4	1	1	4	4	2	2	2	2	0	0	4	4	3	3	2	2	4	4	3	3	2	2	3	3	1	1	4	4	2	2	4	4	1	1	1	1	1	4	1	1	1	1	3	3	1	1	4	4	2	2	2	2	4	4	2	2	1	3	4	4	2	2	3	3	2	2	3	3	1	1	1	1	1	1	1	2	3	3	1	1	0	0	2	2	2	2	4	4	4	4	1	1	1	3	0	0	4	4	1	3	1	1	1	1	1	1	2	2	1	2	1	4	4	4	4	2	2	2	3	3	4	4	0	0	3	3	1	1	1	1	4	4	1	1	2	2	4	4	3	3	4	4	3	3
M079563_M806_2G	0	0	4	4	2	2	1	1	4	4	3	3	4	4	3	3	0	0	2	2	2	2	0	0	3	3	3	3	4	4	3	4	2	2	4	4	2	2	0	0	4	4	2	2	3	3	4	4	1	2	4	4	2	2	2	2	0	0	4	4	3	3	2	2	4	4	3	3	2	2	3	3	1	1	2	4	2	2	4	4	1	1	3	3	1	1	1	1	1	1	3	3	1	1	4	4	2	2	2	2	4	4	2	2	1	1	4	4	2	2	3	3	2	2	1	3	1	1	1	1	1	1	1	1	3	3	1	1	0	0	2	2	2	2	4	4	4	4	1	1	1	3	0	0	4	4	1	3	1	1	1	1	1	1	2	2	2	2	1	1	4	4	4	2	2	2	3	3	4	4	0	0	3	3	1	1	1	1	4	4	1	1	1	1	4	4	3	3	4	4	3	3
M079571_M806_3G	0	0	4	4	2	2	1	1	4	4	3	3	4	4	1	3	0	0	2	2	2	2	0	0	3	3	3	3	4	4	3	4	2	2	4	4	2	2	0	0	4	4	2	2	3	3	4	4	1	1	4	4	2	2	2	2	0	0	4	4	3	3	2	2	4	4	3	3	2	2	3	3	1	1	4	4	2	2	4	4	1	1	1	3	1	1	1	1	1	1	3	3	1	1	4	4	2	2	2	2	4	4	2	2	1	1	4	4	4	4	3	3	2	2	1	3	1	1	1	1	1	1	1	2	3	3	1	1	0	0	2	2	2	2	4	4	4	4	1	1	1	3	0	0	4	4	1	3	1	1	1	1	1	1	2	2	2	2	1	1	4	4	4	2	2	2	3	3	4	4	0	0	3	3	1	1	1	1	4	4	1	1	1	1	4	4	3	3	4	4	3	3
M079579_M806_4G	0	0	4	4	2	2	1	1	4	4	3	3	4	4	3	3	0	0	4	2	2	2	0	0	3	3	3	3	4	4	3	4	2	2	4	4	2	2	2	2	4	4	2	2	3	3	4	4	1	1	4	4	2	2	2	3	0	0	3	4	3	3	2	2	4	4	3	3	2	2	3	3	1	1	2	4	2	2	4	4	1	1	3	3	1	1	1	1	1	1	3	3	1	1	4	4	2	2	2	2	4	4	2	2	1	3	4	4	4	2	3	3	2	2	1	1	1	3	1	1	1	1	1	2	3	3	1	1	0	0	2	2	2	2	4	4	4	4	1	1	1	3	0	0	4	4	1	3	1	1	1	1	1	1	2	2	2	2	4	4	4	4	4	2	2	2	3	3	4	4	0	0	3	3	1	1	1	1	4	4	1	1	2	2	4	4	3	3	4	4	3	3
M079587_M806_5G	0	0	4	4	2	2	1	1	4	4	3	3	4	4	3	3	0	0	2	2	2	2	0	0	3	3	3	3	4	4	4	4	2	2	4	4	2	2	2	2	4	4	2	2	3	3	4	4	1	1	4	4	2	2	2	2	0	0	3	4	3	3	2	2	4	4	3	3	2	2	3	3	1	1	4	4	2	2	4	4	1	1	1	3	1	1	1	1	1	1	3	3	1	1	4	4	2	2	2	2	4	4	2	2	1	3	4	4	2	2	3	3	2	2	1	3	1	1	1	1	1	1	2	2	3	3	1	1	0	0	2	2	2	2	4	4	4	4	1	1	1	3	0	0	4	4	1	3	1	1	1	1	1	1	2	2	2	2	1	4	4	4	4	2	2	2	1	3	4	4	0	0	3	3	1	1	1	1	4	4	1	1	2	2	4	4	3	3	4	4	3	3
M079595_M806_6G	0	0	4	4	2	2	1	1	4	4	3	4	4	4	3	3	0	0	2	2	2	2	0	0	3	3	3	3	4	4	4	4	2	2	4	4	2	2	0	0	4	4	2	2	3	3	4	4	1	1	4	4	2	2	2	2	0	0	4	4	3	3	2	2	4	4	3	3	2	2	1	3	1	1	2	4	2	2	4	4	1	1	1	1	1	4	1	1	1	1	3	3	1	1	4	4	2	2	2	2	4	4	2	2	1	1	4	4	4	2	3	3	2	2	1	3	1	1	1	1	1	1	2	2	3	3	1	1	0	0	2	2	2	2	4	4	4	4	1	1	1	3	0	0	4	4	1	3	1	1	1	1	1	1	2	2	1	2	1	4	4	4	4	2	2	2	1	3	4	4	0	0	3	3	1	1	1	1	4	4	1	1	1	2	4	4	3	3	4	4	3	3
M079603_M806_7G	0	0	0	0	0	0	0	0	0	0	0	0	4	4	0	0	0	0	0	0	0	0	0	0	0	0	0	0	0	0	0	0	0	0	0	0	0	0	0	0	0	0	0	0	0	0	0	0	0	0	0	0	0	0	0	0	0	0	0	0	0	0	0	0	0	0	0	0	0	0	0	0	0	0	0	0	0	0	0	0	0	0	0	0	0	0	0	0	0	0	0	0	0	0	0	0	0	0	0	0	0	0	0	0	0	0	0	0	0	0	0	0	0	0	0	0	0	0	0	0	0	0	0	0	0	0	1	1	0	0	0	0	0	0	0	0	0	0	0	0	0	0	0	0	0	0	0	0	0	0	0	0	0	0	0	0	0	0	0	0	0	0	0	0	0	0	0	0	0	0	0	0	3	3	0	0	1	1	4	4	0	0	0	0	0	0	3	3	0	0	0	0
M079611_M806_8G	0	0	4	4	2	2	1	1	4	4	3	3	4	4	1	3	0	0	2	2	2	2	0	0	3	3	3	3	4	4	3	4	2	2	4	4	2	2	2	2	4	4	2	2	3	3	4	4	1	1	2	4	2	2	2	2	0	0	3	3	3	3	2	2	4	4	3	3	2	2	3	3	1	1	2	2	2	2	4	4	1	1	1	3	1	4	1	1	1	1	3	3	1	1	4	4	2	2	2	2	4	4	2	2	1	1	4	4	2	2	3	3	2	2	1	3	1	1	1	1	1	1	2	2	3	3	1	1	0	0	2	2	2	2	4	4	4	4	1	1	1	3	0	0	4	4	1	3	1	1	1	1	1	1	2	2	2	2	1	4	4	4	4	2	2	2	3	3	4	4	0	0	3	3	1	1	1	1	4	4	1	1	2	2	4	4	3	3	4	4	3	3
M079619_M806_9G	0	0	4	4	2	2	1	1	4	4	3	3	4	4	3	3	0	0	2	2	2	2	0	0	3	3	3	3	4	4	4	4	2	2	4	4	2	2	0	0	4	4	2	2	3	3	4	4	1	1	2	4	2	2	2	2	0	0	3	3	3	3	2	2	4	4	3	3	2	2	3	3	1	1	4	4	2	2	4	4	1	1	1	3	1	1	1	1	1	1	1	3	1	1	4	4	2	2	2	2	4	4	2	2	1	3	4	4	2	2	3	3	2	2	1	1	1	1	1	1	1	1	1	2	3	3	1	1	0	0	2	2	2	2	4	4	4	4	1	1	1	3	0	0	4	4	1	3	1	1	1	1	1	1	2	2	2	2	1	1	4	4	4	2	2	2	3	3	4	4	0	0	3	3	1	1	1	1	4	4	1	1	2	2	4	4	3	3	4	4	3	3
M079627_M806_10G	0	0	4	4	2	2	1	1	4	4	3	3	4	4	1	3	0	0	4	2	2	2	0	0	3	3	3	3	4	4	3	4	2	2	4	4	2	2	0	0	4	4	2	2	3	3	4	4	1	1	4	4	2	2	2	2	0	0	3	4	3	3	2	2	4	4	3	3	2	2	3	3	1	1	4	4	2	2	4	4	1	1	1	3	1	1	1	1	1	1	3	3	1	1	4	4	2	2	2	2	4	4	2	2	1	3	4	4	4	4	3	3	2	2	3	3	1	1	1	1	1	1	2	2	3	3	1	1	0	0	2	2	2	2	4	4	4	4	1	1	1	3	0	0	4	4	1	3	1	1	1	1	1	1	2	2	2	2	1	4	4	4	4	2	2	2	1	3	4	4	0	0	3	3	1	1	1	1	4	4	1	1	2	2	4	4	3	3	4	4	3	3
M079635_M806_11G	0	0	4	4	2	2	1	1	4	4	3	3	4	4	1	3	0	0	2	2	2	2	0	0	3	3	3	3	4	4	3	4	2	2	4	4	2	2	2	2	4	4	2	2	3	3	4	4	1	1	4	4	2	2	2	2	0	0	3	3	3	3	2	2	4	4	3	3	2	2	1	3	1	1	4	4	2	2	4	4	1	1	1	3	1	4	1	1	1	1	1	3	1	1	4	4	2	2	2	2	4	4	2	2	1	3	4	4	2	2	3	3	2	2	3	3	1	1	1	1	1	1	1	1	3	3	1	1	0	0	2	2	2	2	4	4	4	4	1	1	1	3	0	0	4	4	1	3	1	1	1	1	1	1	2	2	2	2	1	4	4	4	4	2	2	2	3	3	4	4	0	0	3	3	1	1	1	1	4	4	1	1	2	2	4	4	3	3	4	4	3	3
M079556_M806_1H	0	0	0	0	0	0	0	0	0	0	0	0	0	0	0	0	0	0	0	0	0	0	0	0	0	0	0	0	0	0	0	0	0	0	0	0	0	0	0	0	0	0	0	0	0	0	0	0	0	0	0	0	0	0	0	0	0	0	0	0	0	0	0	0	0	0	0	0	0	0	0	0	0	0	0	0	0	0	0	0	0	0	0	0	0	0	0	0	0	0	0	0	0	0	0	0	0	0	0	0	0	0	0	0	0	0	0	0	0	0	0	0	0	0	0	0	0	0	0	0	0	0	0	0	0	0	0	0	0	0	0	0	0	0	0	0	0	0	0	0	0	0	0	0	0	0	0	0	0	0	0	0	0	0	0	0	0	0	0	0	0	0	0	0	0	0	0	0	0	0	0	0	0	0	0	0	0	0	0	0	0	0	0	0	0	0	0	0	0	0	0	0
M079564_M806_2H	0	0	4	4	2	2	1	1	4	4	3	3	4	4	1	3	0	0	2	2	2	2	0	0	3	3	3	3	4	4	4	4	2	2	4	4	2	2	2	2	4	4	2	2	3	3	4	4	1	1	4	4	2	2	2	2	0	0	4	4	3	3	2	2	4	4	3	3	2	2	3	3	1	1	4	4	2	2	4	4	1	1	1	1	1	4	1	1	1	1	3	3	1	1	4	4	2	2	2	2	4	4	2	2	3	3	4	4	2	2	3	3	2	2	1	1	1	1	1	1	1	1	1	2	3	3	1	1	0	0	2	2	2	2	4	4	4	4	1	1	1	3	0	0	4	4	1	3	1	1	1	1	1	1	2	2	2	2	1	1	4	4	4	2	2	2	3	3	4	4	0	0	3	3	1	1	1	1	4	4	1	1	2	2	4	4	3	3	4	4	3	3
M079572_M806_3H	0	0	4	4	2	2	1	1	4	4	3	3	4	4	1	3	0	0	2	2	2	2	0	0	3	3	3	3	4	4	3	4	2	2	4	4	2	2	2	2	4	4	2	2	3	3	4	4	1	1	4	4	2	2	2	2	0	0	4	4	3	3	2	2	4	4	1	3	2	2	3	3	1	1	4	4	2	2	4	4	1	1	1	3	1	1	1	1	1	1	3	3	1	1	4	4	2	2	2	2	4	4	2	2	1	1	4	4	2	2	3	3	2	2	1	1	1	1	1	1	1	1	2	2	3	3	1	1	0	0	2	2	2	2	4	4	4	4	1	1	1	3	0	0	4	4	1	3	1	1	1	1	1	1	2	2	2	2	1	4	4	4	4	2	2	2	3	3	4	4	0	0	3	3	1	1	1	1	4	4	1	1	2	2	4	4	3	3	4	4	3	3
M079580_M806_4H	0	0	4	4	2	2	1	1	4	4	3	3	4	4	3	3	0	0	2	2	2	2	0	0	3	3	3	3	4	4	4	4	2	2	4	4	2	2	2	2	4	4	2	2	3	3	4	4	1	1	4	4	2	2	2	2	0	0	3	4	3	3	2	2	4	4	1	3	2	2	3	3	1	1	4	4	2	2	4	4	1	1	3	3	1	4	1	1	1	1	3	3	1	1	4	4	2	2	2	2	4	4	2	2	3	3	4	4	2	2	3	3	2	2	1	1	1	1	1	1	1	1	2	2	3	3	1	1	0	0	2	2	2	2	4	4	4	4	1	1	1	3	0	0	4	4	1	3	1	1	1	1	1	1	2	2	1	2	1	1	4	4	4	2	2	2	3	3	4	4	0	0	3	3	1	1	1	1	4	4	1	1	2	2	4	4	3	3	4	4	3	3
M079588_M806_5H	0	0	4	4	2	2	1	1	4	4	3	4	4	4	3	3	0	0	2	2	2	2	0	0	3	3	3	3	4	4	3	4	2	2	4	4	2	2	2	2	4	4	2	2	3	3	4	4	1	1	4	4	2	2	2	2	0	0	3	3	3	3	2	2	4	4	3	3	2	2	3	3	1	1	4	4	2	2	4	4	1	1	3	3	1	1	1	1	1	1	3	3	1	1	4	4	2	2	2	2	4	4	2	2	1	3	4	4	4	2	3	3	2	2	1	3	1	1	1	1	1	1	2	2	3	3	1	1	0	0	2	2	2	2	4	4	4	4	1	1	1	3	0	0	4	4	1	3	1	1	1	1	1	1	2	2	2	2	1	4	4	4	4	2	2	2	3	3	4	4	0	0	3	3	1	1	1	1	4	4	1	1	2	2	4	4	3	3	4	4	3	3
M079596_M806_6H	0	0	4	4	2	2	1	1	4	4	3	3	4	4	3	3	0	0	2	2	2	2	0	0	3	3	3	3	4	4	4	4	2	2	4	4	2	2	2	2	4	4	2	2	3	3	4	4	2	2	2	4	2	2	2	2	0	0	3	4	3	3	2	2	4	4	3	3	2	2	3	3	1	1	4	4	2	2	4	4	1	1	1	1	1	1	1	1	1	1	3	3	1	1	4	4	2	2	2	2	4	4	2	2	1	1	4	4	2	2	3	3	2	2	3	3	1	1	1	1	1	1	2	2	3	3	1	1	0	0	2	2	2	2	4	4	4	4	1	1	1	3	0	0	4	4	1	3	1	1	1	1	1	1	2	2	2	2	1	1	4	4	4	2	2	2	3	3	4	4	0	0	3	3	1	1	1	1	4	4	1	1	2	2	4	4	3	3	4	4	3	3
M079604_M806_7H	0	0	4	4	2	2	1	1	4	4	3	3	4	4	3	3	0	0	2	2	2	2	0	0	3	3	3	3	4	4	3	3	2	2	1	4	2	2	2	2	4	4	2	2	3	3	4	4	1	1	2	4	2	2	2	3	0	0	3	4	3	3	2	2	4	4	3	3	2	2	3	3	1	1	2	4	2	2	4	4	1	1	1	1	1	1	1	1	1	1	3	3	1	1	4	4	2	2	2	2	4	4	2	2	3	3	4	4	4	2	3	3	2	2	1	3	1	3	1	1	1	1	1	1	3	3	1	1	0	0	2	2	2	2	4	4	4	4	1	1	1	3	0	0	4	4	1	3	1	1	1	1	1	1	2	2	2	2	1	4	4	4	4	2	2	2	3	3	4	4	0	0	3	3	1	1	1	1	4	4	1	1	2	2	4	4	3	3	4	4	3	3
M079612_M806_8H	0	0	4	4	2	2	1	1	4	4	3	3	4	4	3	3	0	0	2	2	2	2	0	0	3	3	3	3	4	4	3	4	2	2	1	4	2	2	2	2	4	4	2	2	3	3	4	4	1	1	4	4	2	2	2	2	0	0	4	4	3	3	2	2	4	4	3	3	2	2	3	3	1	1	4	4	2	2	4	4	1	1	1	3	1	1	1	1	1	1	1	3	1	1	4	4	2	2	2	2	4	4	2	2	1	3	4	4	2	2	3	3	2	2	1	1	1	1	1	1	1	1	1	2	3	3	1	1	0	0	2	2	2	2	4	4	4	4	1	1	1	3	0	0	4	4	1	3	1	1	1	1	1	1	2	2	2	2	1	4	4	4	4	2	2	2	3	3	4	4	0	0	3	3	1	1	1	1	4	4	1	1	2	2	4	4	3	3	4	4	3	3
M079620_M806_9H	0	0	4	4	2	2	1	1	4	4	3	3	4	4	3	3	0	0	2	2	2	2	0	0	3	3	3	3	4	4	3	4	2	2	4	4	2	2	2	2	4	4	2	2	3	3	4	4	1	1	4	4	2	2	3	3	0	0	3	3	3	3	2	2	4	4	3	3	2	2	3	3	1	1	2	4	2	2	4	4	1	1	1	1	1	1	1	1	1	1	3	3	1	1	4	4	2	2	2	2	4	4	2	2	3	3	4	4	2	2	3	3	2	2	1	3	1	1	1	1	1	1	1	2	3	3	1	1	0	0	2	2	2	2	4	4	4	4	1	1	1	3	0	0	4	4	1	3	1	1	1	1	1	1	2	2	2	2	4	4	4	4	4	2	2	2	3	3	4	4	0	0	3	3	1	1	1	1	4	4	1	1	2	2	4	4	3	3	4	4	3	3
M079628_M806_10H	0	0	4	4	2	2	1	1	4	4	3	3	4	4	1	3	0	0	2	2	2	2	0	0	3	3	3	3	4	4	3	3	2	2	4	4	2	2	0	0	4	4	2	2	3	3	4	4	1	1	4	4	2	2	2	2	0	0	3	4	3	3	2	2	4	4	3	3	2	2	1	3	1	1	2	4	2	2	4	4	1	1	1	1	1	1	1	1	1	1	3	3	1	1	4	4	2	2	2	2	4	4	2	2	1	3	4	4	4	2	3	3	2	2	1	3	1	1	1	1	1	1	1	1	3	3	1	1	0	0	2	2	2	2	4	4	4	4	1	1	1	3	0	0	4	4	1	3	1	1	1	1	1	1	2	2	2	2	1	4	4	4	4	2	2	2	3	3	4	4	0	0	3	3	1	1	1	1	4	4	1	1	2	2	4	4	3	3	4	4	3	3
M079636_M806_11H	0	0	4	4	2	2	1	1	4	4	3	3	4	4	3	3	0	0	2	2	2	2	0	0	3	3	3	3	4	4	3	4	2	2	4	4	2	2	2	2	4	4	2	2	3	3	4	4	1	1	2	4	2	2	2	2	0	0	4	4	3	3	2	2	4	4	3	3	2	2	3	3	1	1	2	4	2	2	4	4	1	1	1	3	1	1	1	1	1	1	3	3	1	1	4	4	2	2	2	2	4	4	2	2	1	1	4	4	2	2	3	3	2	2	1	3	1	3	1	1	1	1	2	2	3	3	1	1	0	0	2	2	2	2	4	4	4	4	1	1	1	3	0	0	4	4	1	3	1	1	1	1	1	1	2	2	2	2	1	1	4	4	4	2	2	2	1	1	4	4	0	0	3	3	1	1	1	1	4	4	1	1	2	2	4	4	3	3	4	4	3	3
