Sample_ID	OmyY1	OmyY1	R18251	R18251	R23044	R23044	R30220	R30220	R34286	R34286	R38993	R38993	SH114448	SH114448	R000200	R000200	R033859	R033859	R09768	R09768	R12730	R12730	R24463	R24463	R00586	R00586	R19198	R19198	R23330	R23330	R30355	R30355	R34385	R34385	R39365	R39365	SH121006	SH121006	R018277	R018277	R03418	R03418	R10226	R10226	R13191	R13191	R24493	R24493	R12738	R12738	R19633	R19633	R23813	R23813	R30423	R30423	R34662	R34662	R40094	R40094	SH127236	SH127236	R02551	R02551	R03924	R03924	R10530	R10530	R16543	R16543	R26255	R26255	R13730	R13730	R19731	R19731	R24068	R24068	R30589	R30589	R35324	R35324	R40152	R40152	OMS00116	OMS00116	R02676	R02676	R04143	R04143	R11238	R11238	R19868	R19868	R27050	R27050	R14225	R14225	R21285	R21285	R24273	R24273	R30678	R30678	R37205	R37205	R40252	R40252	OMS00143	OMS00143	R02783	R02783	R04203	R04203	R11353	R11353	R19948	R19948	R30551	R30551	R14383	R14383	R21330	R21330	R24370	R24370	R33010	R33010	R37229	R37229	R40319	R40319	OMS00144	OMS00144	R02785	R02785	R04760	R04760	R11790	R11790	R20353	R20353	R32124	R32124	R14511	R14511	R21561	R21561	R28680	R28680	R33411	R33411	R37560	R37560	R40342	R40342	OMS00159	OMS00159	R03042	R03042	R04944	R04944	R12528	R12528	R21023	R21023	R32692	R32692	R14589	R14589	R22570	R22570	R30015	R30015	R33562	R33562	R38346	R38346	R40580	R40580	OMS00169	OMS00169	R03306	R03306	R08985	R08985	R12611	R12611	R22488	R22488	R36639	R36639
M033284_M332_2A	0	0	2	4	2	4	1	2	4	4	3	4	0	0	3	3	0	0	2	2	4	2	0	0	1	3	1	3	3	4	3	3	1	2	1	4	0	0	2	2	1	4	2	4	3	4	4	2	1	1	2	2	2	2	2	3	0	0	3	3	3	2	1	2	4	4	3	3	1	2	1	3	1	2	4	4	1	2	3	4	0	0	1	3	1	1	1	3	1	3	3	3	1	2	0	0	2	4	2	4	1	4	2	2	1	3	1	4	2	2	1	3	1	2	3	3	1	3	1	2	1	2	1	1	1	3	1	3	0	0	0	0	2	2	3	4	4	2	1	1	1	3	0	0	2	4	1	3	1	4	1	3	1	3	2	4	2	2	1	4	2	4	4	2	2	3	3	3	1	4	0	0	2	3	1	3	1	1	2	4	1	1	2	2	4	2	3	3	4	2	0	0
M033292_M332_3A	0	0	4	4	2	2	1	1	4	4	3	3	4	4	1	1	0	0	2	2	2	2	0	0	3	3	3	3	3	3	3	3	2	2	1	1	0	0	2	2	4	4	2	2	3	3	4	4	1	1	4	4	2	2	2	2	0	0	3	3	3	3	2	2	4	4	3	3	2	2	3	3	1	1	4	4	2	2	4	4	0	0	1	3	1	1	1	1	1	1	3	3	1	1	4	4	2	2	2	4	4	4	2	2	1	1	4	4	2	2	3	3	2	2	1	1	1	1	1	1	1	1	2	2	3	3	1	1	0	0	2	2	2	2	0	0	4	4	1	1	1	1	0	0	4	4	3	3	1	1	3	3	0	0	2	2	1	2	4	4	4	4	4	4	2	2	3	3	4	4	0	0	3	3	1	1	1	1	4	4	1	1	1	1	4	4	3	3	4	4	3	3
M033300_M332_4A	0	0	4	4	2	2	1	2	4	4	3	3	4	4	1	1	0	0	2	2	2	2	0	0	3	3	3	3	3	4	3	3	2	2	1	1	0	0	2	2	4	4	2	2	3	3	4	4	1	1	2	4	2	2	2	2	0	0	3	3	3	3	2	2	4	4	3	3	2	2	3	3	1	1	4	4	2	2	3	4	0	0	1	1	1	1	0	0	1	1	1	3	1	1	4	4	2	2	2	4	4	4	2	3	1	3	4	4	0	0	3	3	2	2	1	1	1	3	1	1	1	1	1	2	3	3	1	1	0	0	2	2	2	2	4	4	4	4	1	1	1	1	0	0	4	4	1	3	1	1	3	3	1	1	2	2	2	2	4	4	4	4	4	4	2	2	3	3	4	4	0	0	3	3	1	1	1	1	4	4	1	1	1	2	4	4	3	3	4	4	3	3
M033308_M332_5A	0	0	4	4	2	2	1	1	4	4	3	3	4	4	1	1	0	0	2	2	0	0	0	0	3	3	3	3	3	4	3	4	2	2	1	1	0	0	2	2	4	4	2	2	3	3	4	4	1	1	2	4	2	2	2	3	0	0	3	3	3	3	2	2	4	4	3	3	2	2	3	3	1	1	4	4	2	2	3	4	0	0	1	1	1	1	1	1	1	1	1	3	1	1	4	4	2	2	4	4	4	4	2	2	1	3	4	4	2	2	3	3	2	2	1	1	1	3	1	1	1	1	1	2	3	3	1	1	0	0	2	2	2	2	0	0	4	4	1	1	1	1	0	0	4	4	1	3	1	1	3	3	0	0	2	2	2	2	4	4	4	4	4	4	2	2	3	3	4	4	0	0	3	3	1	1	1	1	4	4	1	1	1	2	4	4	3	3	4	4	3	3
M033316_M332_6A	0	0	4	4	2	2	1	1	4	4	3	3	4	4	1	1	0	0	2	2	2	2	0	0	3	3	3	3	3	4	3	4	2	2	1	4	0	0	2	2	4	4	2	2	3	3	4	4	1	1	4	4	2	2	2	2	0	0	3	3	3	3	2	2	4	4	3	3	2	2	3	3	1	1	4	4	2	2	4	4	0	0	1	1	1	1	1	1	1	1	3	3	1	1	4	4	2	2	2	4	0	0	2	3	1	3	4	4	2	2	3	3	2	2	1	1	3	3	1	1	1	1	1	2	3	3	1	1	0	0	2	2	2	2	3	4	4	4	1	1	1	1	0	0	4	4	3	3	1	1	3	3	1	1	2	2	2	2	4	4	4	4	4	4	2	2	3	3	4	4	0	0	3	3	1	1	1	1	4	4	1	1	1	1	4	4	3	3	4	4	3	3
M033332_M332_8A	0	0	2	4	2	2	1	1	4	4	3	4	2	4	3	3	0	0	2	2	4	4	0	0	1	3	1	3	3	4	3	3	1	2	1	1	0	0	2	2	1	4	2	4	3	4	4	2	1	1	2	4	2	2	3	3	0	0	3	3	2	2	1	2	4	4	1	3	1	2	1	3	1	2	4	4	1	2	3	4	0	0	1	3	1	1	1	3	1	3	1	3	1	2	3	4	2	4	2	4	4	4	2	3	3	3	0	0	4	2	1	3	1	2	1	3	1	1	1	2	1	2	1	1	1	3	1	3	0	0	2	4	2	2	3	4	4	2	1	3	1	3	0	0	2	4	1	3	1	4	1	3	3	3	2	4	2	2	1	1	2	4	4	2	2	3	3	3	1	4	0	0	2	3	1	3	1	3	2	4	1	1	2	2	4	2	1	1	4	2	3	4
M033340_M332_9A	0	0	2	2	2	2	2	2	3	4	3	4	2	2	3	3	0	0	2	2	4	4	0	0	1	1	1	1	3	3	3	3	1	1	1	1	0	0	2	2	1	1	4	4	4	4	2	2	1	1	2	2	2	4	3	3	0	0	3	3	2	2	1	1	4	4	3	3	1	1	3	3	2	2	4	4	1	1	4	4	0	0	3	3	1	1	3	3	3	3	3	3	2	2	3	3	2	2	4	4	4	4	0	0	3	3	1	1	2	2	1	1	1	1	3	3	1	1	2	2	2	2	1	1	1	1	3	3	0	0	4	4	2	2	3	4	2	2	1	3	3	3	0	0	2	2	3	3	4	4	3	3	3	3	4	4	2	2	1	1	2	2	2	2	3	3	3	3	1	1	0	0	2	2	3	3	3	3	2	4	1	3	2	2	2	2	1	1	2	2	4	4
M033348_M332_10A	0	0	2	2	2	4	0	0	3	3	3	4	2	2	3	3	0	0	2	2	4	4	0	0	1	1	1	1	3	3	3	3	1	1	1	1	0	0	2	2	1	1	4	4	4	4	2	2	1	1	2	2	2	4	3	3	0	0	3	3	2	2	1	1	4	4	3	3	1	1	3	3	2	2	4	4	1	2	4	4	0	0	3	3	4	4	3	3	3	3	3	3	2	2	3	3	4	4	4	4	4	4	2	2	3	3	1	1	4	2	1	1	1	1	3	3	3	3	2	2	2	2	1	1	1	1	3	3	0	0	4	4	2	2	3	3	2	2	1	3	3	3	0	0	2	2	3	3	4	4	3	3	3	3	4	4	2	2	1	1	2	2	2	2	3	3	3	3	1	1	0	0	2	2	3	3	1	3	2	2	1	1	1	2	2	2	1	1	0	0	4	4
M033356_M332_11A	0	0	2	4	2	2	1	2	3	4	3	4	2	4	3	3	0	0	2	2	4	4	0	0	1	3	1	3	3	4	3	3	1	2	1	1	0	0	2	2	1	4	2	4	3	4	4	2	1	1	2	4	2	2	2	3	0	0	3	3	3	2	1	2	4	4	3	3	1	2	3	3	1	2	4	4	1	2	4	4	0	0	1	3	1	4	1	3	1	3	1	3	1	2	3	4	2	4	2	4	4	4	0	0	3	3	1	4	4	2	1	1	1	1	1	3	3	3	1	2	1	2	1	1	1	3	1	3	0	0	2	4	2	2	3	4	4	2	1	1	1	3	0	0	2	4	1	3	1	4	1	3	1	3	2	4	2	2	1	1	2	4	4	2	2	3	3	3	1	4	0	0	2	3	1	3	1	1	2	4	1	1	2	2	4	2	3	3	4	2	3	4
M033364_M332_12A	0	0	2	2	2	4	0	0	3	4	3	4	2	2	3	3	0	0	2	2	4	4	0	0	1	1	1	1	3	3	3	3	1	1	1	1	0	0	2	2	1	1	4	4	4	4	2	2	1	1	2	2	2	2	3	3	0	0	3	3	2	2	1	1	4	4	3	3	1	1	3	3	2	2	4	4	1	2	3	4	0	0	3	3	1	1	3	3	3	3	3	3	2	2	3	3	2	4	4	4	0	0	2	2	3	3	1	1	4	4	1	1	1	1	3	3	1	3	0	0	2	2	1	1	1	1	3	3	0	0	4	4	2	2	3	4	2	2	1	3	3	3	0	0	2	2	3	3	4	4	3	3	3	3	4	4	2	2	1	1	2	2	2	2	3	3	3	3	1	1	0	0	2	2	3	3	1	3	2	2	1	1	1	1	2	2	1	1	2	2	3	4
M033277_M332_1B	0	0	2	4	2	2	1	2	3	4	3	4	2	4	3	3	0	0	2	2	4	2	0	0	1	3	1	3	3	4	3	3	1	2	1	4	0	0	2	2	1	4	2	4	3	4	4	2	1	1	2	4	2	2	2	3	0	0	3	3	3	2	1	2	4	4	3	3	1	2	3	3	1	2	2	4	1	2	3	3	0	0	0	0	1	4	1	3	1	3	3	3	1	2	3	4	2	2	2	4	4	4	2	2	3	3	1	4	4	2	1	3	1	2	3	3	1	1	1	2	1	2	1	2	1	3	1	3	0	0	0	0	2	2	3	4	0	0	1	1	1	3	0	0	2	4	1	3	1	4	1	3	1	3	2	4	2	2	1	4	2	4	4	2	2	3	3	3	1	4	0	0	2	3	1	3	1	1	2	4	1	1	1	2	4	2	3	3	4	2	0	0
M033285_M332_2B	0	0	2	2	2	4	2	2	3	3	3	3	2	2	3	3	0	0	2	2	4	4	0	0	1	1	1	1	3	3	3	3	1	1	1	1	0	0	2	2	1	1	4	4	4	4	2	2	1	1	2	2	2	2	3	3	0	0	3	3	2	2	1	1	4	4	3	3	1	1	3	3	2	2	4	4	1	1	4	4	0	0	3	3	1	4	3	3	0	0	3	3	2	2	3	3	4	4	4	4	1	4	0	0	3	3	1	1	2	2	1	1	1	2	3	3	1	3	2	2	2	2	1	1	1	1	3	3	0	0	4	4	2	2	0	0	2	2	1	1	3	3	0	0	2	2	3	3	4	4	3	3	3	3	4	4	2	2	1	1	2	2	2	2	2	3	3	3	1	1	0	0	2	2	3	3	1	1	2	2	1	1	2	2	2	2	1	1	2	2	4	4
M033293_M332_3B	0	0	4	4	2	2	1	1	4	4	3	3	4	4	1	1	0	0	2	2	2	2	0	0	3	3	3	3	3	4	3	4	2	2	1	4	0	0	2	2	4	4	2	2	3	3	4	4	1	1	4	4	2	2	2	3	0	0	3	3	3	3	2	2	4	2	3	3	2	2	3	3	1	1	4	4	2	2	3	4	0	0	1	3	1	1	1	1	1	1	3	3	1	1	4	4	2	2	2	4	0	0	2	2	1	3	4	4	2	2	3	3	2	2	1	1	1	3	1	1	1	1	1	2	3	3	1	1	0	0	2	2	2	2	4	4	4	4	1	1	1	1	0	0	4	4	3	3	1	1	3	3	0	0	2	2	2	2	4	4	4	4	4	4	2	2	3	3	4	4	0	0	3	3	1	1	1	1	4	4	1	1	1	2	4	4	3	3	4	4	3	3
M033301_M332_4B	0	0	4	4	2	4	1	2	4	4	3	3	4	4	1	3	0	0	2	2	4	4	0	0	3	3	1	3	3	4	3	4	2	2	1	1	0	0	2	2	1	4	2	4	3	4	4	4	1	1	2	2	2	2	2	3	0	0	3	3	3	3	1	2	4	4	3	3	1	2	3	3	1	1	4	4	2	2	4	4	0	0	1	3	1	1	1	3	1	3	3	3	1	2	3	4	2	2	4	4	4	4	0	0	3	3	1	4	2	2	3	3	2	2	1	3	3	3	1	2	1	1	1	1	1	3	1	1	0	0	2	4	2	2	3	4	4	2	1	1	1	3	0	0	2	2	3	3	1	4	3	3	3	3	2	2	1	2	1	4	2	4	0	0	2	2	3	3	1	4	0	0	3	3	1	3	1	1	4	4	1	3	1	2	4	2	3	3	4	2	3	3
M033309_M332_5B	0	0	4	4	2	2	1	1	4	4	3	3	4	4	1	1	0	0	2	2	2	2	0	0	3	3	3	3	3	3	3	3	2	2	1	1	0	0	2	2	4	4	2	2	3	3	4	4	1	1	4	4	2	2	2	2	0	0	3	3	3	3	2	2	4	4	3	3	2	2	3	3	1	1	4	4	2	2	3	3	0	0	1	3	1	1	1	1	1	1	3	3	1	1	4	4	2	2	2	4	4	4	0	0	1	1	4	4	2	2	3	3	2	2	1	1	3	3	1	1	1	1	2	2	3	3	1	1	0	0	2	2	2	2	4	4	4	4	1	1	1	1	0	0	4	4	3	3	1	1	3	3	0	0	2	2	2	2	4	4	4	4	4	4	2	2	3	3	4	4	0	0	3	3	1	1	1	1	4	4	1	1	1	1	4	4	3	3	4	4	3	3
M033317_M332_6B	0	0	4	4	2	2	1	1	4	4	3	3	4	4	1	1	0	0	2	2	2	2	0	0	3	3	3	3	3	4	3	3	2	2	1	1	0	0	2	2	4	4	2	2	3	3	4	4	1	1	4	4	2	2	2	2	0	0	3	3	3	3	2	2	4	4	3	3	2	2	0	0	1	1	4	4	2	2	4	4	0	0	1	1	1	1	1	1	1	1	3	3	1	1	0	0	2	2	2	4	4	4	2	3	1	3	4	4	0	0	3	3	2	2	1	1	3	3	1	1	1	1	1	2	3	3	1	1	0	0	2	2	2	2	4	4	4	4	1	1	1	1	0	0	4	4	3	3	1	1	3	3	0	0	2	2	1	2	4	4	4	4	4	4	2	2	3	3	4	4	0	0	3	3	1	1	1	1	4	4	1	1	2	2	4	4	3	3	4	4	3	3
M033325_M332_7B	0	0	4	4	2	4	1	2	3	4	3	3	2	4	1	1	0	0	2	2	4	2	0	0	3	3	1	3	3	3	3	3	1	2	1	1	0	0	2	2	1	4	2	4	3	4	4	4	1	1	2	4	2	2	2	3	0	0	3	3	3	3	1	2	4	4	3	3	1	2	3	3	1	1	4	4	2	2	3	4	0	0	0	0	1	1	1	3	1	3	3	3	1	2	3	4	2	4	4	4	4	4	2	2	1	3	0	0	2	2	1	3	1	2	1	3	1	3	1	2	1	2	1	2	1	3	1	3	0	0	2	4	2	2	3	4	4	2	1	1	1	3	0	0	2	4	3	3	1	4	3	3	3	3	2	2	2	2	1	4	2	4	0	0	2	3	3	3	1	4	0	0	2	3	1	3	1	1	4	4	1	3	1	1	4	2	3	3	4	2	0	0
M033333_M332_8B	0	0	2	4	2	4	1	1	3	4	0	0	2	4	1	3	0	0	2	2	4	2	0	0	1	3	1	3	3	4	3	3	1	2	1	1	0	0	2	2	1	4	2	4	3	4	4	2	1	2	2	4	2	2	3	3	0	0	3	3	2	2	1	2	4	4	3	3	1	2	3	3	1	2	4	4	1	2	3	4	0	0	1	3	4	4	1	3	1	3	1	3	1	2	3	4	2	4	2	4	1	1	2	3	3	3	0	0	2	2	1	3	1	2	1	3	1	3	1	2	1	2	1	1	1	3	1	3	0	0	0	0	2	2	3	4	4	4	1	1	1	3	0	0	2	4	1	3	1	4	1	3	1	3	2	4	2	2	1	1	2	4	4	2	2	2	3	3	1	4	0	0	2	3	1	3	1	1	2	4	1	1	1	1	4	2	1	1	4	2	0	0
M033341_M332_9B	0	0	2	4	2	2	1	2	4	4	3	4	2	4	3	3	0	0	2	2	4	4	0	0	1	3	1	3	3	4	3	3	1	2	1	1	0	0	2	2	1	4	2	4	3	4	4	2	1	1	2	4	2	2	2	3	0	0	3	3	2	2	1	2	4	4	3	3	1	2	1	3	1	2	2	4	1	2	3	4	0	0	1	3	1	4	1	3	1	3	1	3	1	2	3	4	2	4	2	4	4	4	2	3	3	3	1	4	2	2	1	1	1	2	1	3	1	1	1	2	1	2	1	2	1	3	1	3	0	0	0	0	2	2	3	4	4	4	1	1	1	3	0	0	2	4	1	3	1	4	1	3	3	3	2	4	2	2	1	4	2	4	4	2	2	3	3	3	1	4	0	0	2	3	1	3	1	1	2	4	1	3	2	2	4	2	3	3	4	2	0	0
M033349_M332_10B	0	0	2	4	2	2	1	1	3	4	3	4	2	4	3	3	0	0	2	2	4	2	0	0	1	3	1	3	3	4	3	3	1	2	1	1	0	0	2	2	1	4	2	4	3	4	4	2	1	1	2	4	2	4	2	3	0	0	3	3	2	2	1	2	4	4	3	3	1	2	1	3	1	2	4	4	1	2	4	4	0	0	3	3	1	1	1	3	1	3	1	3	1	2	3	4	2	4	2	4	4	4	2	3	3	3	0	0	0	0	1	1	1	1	1	3	1	1	1	2	1	2	1	2	1	3	1	3	0	0	2	4	2	2	3	4	4	2	1	3	1	3	0	0	2	4	1	3	1	4	3	3	3	3	2	4	2	2	1	1	2	4	4	2	2	3	3	3	1	4	0	0	2	3	1	3	1	3	2	4	1	1	2	2	4	2	3	3	4	2	3	4
M033357_M332_11B	0	0	2	2	2	4	2	2	3	4	4	4	2	2	3	3	0	0	2	2	4	4	0	0	1	1	1	1	3	3	3	3	1	1	1	1	0	0	2	2	1	1	4	4	4	4	2	2	1	1	2	2	2	4	3	3	0	0	3	3	2	2	1	1	4	4	3	3	1	1	3	3	2	2	4	4	1	2	4	4	0	0	0	0	1	1	3	3	3	3	3	3	2	2	3	3	4	4	4	4	1	4	2	2	3	3	1	1	2	2	1	3	1	1	3	3	3	3	2	2	2	2	1	1	1	1	3	3	0	0	4	4	2	2	3	3	2	2	1	3	3	3	0	0	2	2	3	3	4	4	3	3	3	3	4	4	1	2	1	1	2	2	2	2	3	3	3	3	1	1	0	0	2	2	3	3	1	3	2	4	1	1	1	2	2	2	1	1	2	2	4	4
M033365_M332_12B	0	0	2	4	2	2	1	1	3	4	4	4	2	4	3	3	0	0	2	2	4	4	0	0	1	3	1	3	3	4	3	3	1	2	1	1	0	0	2	2	1	4	2	4	3	4	4	2	1	1	2	4	2	2	3	3	0	0	3	3	2	2	1	2	4	4	3	3	1	2	1	3	1	2	4	4	1	2	4	4	0	0	1	3	4	4	1	3	1	3	1	3	1	2	3	4	2	4	4	4	4	4	2	3	3	3	0	0	0	0	1	3	1	2	1	3	1	1	1	2	1	2	1	1	1	3	1	3	0	0	0	0	4	2	3	4	4	2	1	3	1	3	0	0	2	4	1	3	1	4	1	3	3	3	2	4	2	2	1	1	2	4	4	2	2	3	3	3	1	4	0	0	2	3	1	3	1	3	2	4	1	1	1	2	4	2	1	1	4	2	3	3
M033278_M332_1C	0	0	2	2	2	2	2	2	3	3	4	4	2	2	3	3	0	0	2	2	4	4	0	0	1	1	1	1	3	3	3	3	1	1	1	1	0	0	2	2	1	1	4	4	4	4	2	2	1	1	2	2	2	2	3	3	0	0	3	3	2	2	1	1	4	4	3	3	1	1	3	3	2	2	4	4	1	2	3	4	0	0	3	3	1	1	3	3	3	3	3	3	2	2	3	3	4	4	4	4	1	4	2	2	3	3	1	1	2	2	1	1	1	1	3	3	1	3	2	2	2	2	1	1	1	1	3	3	0	0	4	4	2	2	3	3	2	2	1	1	3	3	0	0	2	2	3	3	4	4	3	3	3	3	4	4	2	2	1	1	2	2	2	2	3	3	3	3	1	1	0	0	2	2	3	3	1	3	2	2	1	3	2	2	2	2	1	1	2	2	4	4
M033286_M332_2C	0	0	2	2	2	2	2	2	3	3	3	3	2	2	3	3	0	0	2	2	4	4	0	0	1	1	1	1	3	3	3	3	1	1	1	1	0	0	2	2	1	1	4	4	4	4	2	2	1	2	2	2	2	2	3	3	0	0	3	3	2	2	1	1	4	2	3	3	1	1	3	3	1	2	4	4	2	2	4	4	0	0	3	3	1	1	3	3	3	3	3	3	2	2	3	3	2	4	4	4	4	4	0	0	3	3	1	1	2	2	1	1	1	1	3	3	3	3	2	2	2	2	1	1	1	1	3	3	0	0	4	4	2	2	0	0	2	2	1	3	3	3	0	0	2	2	3	3	4	4	3	3	3	3	2	2	2	2	1	1	2	2	2	2	0	0	3	3	1	1	0	0	2	2	3	3	1	1	2	2	3	3	1	2	2	2	1	1	2	2	4	4
M033294_M332_3C	0	0	4	4	2	2	1	1	4	4	3	3	4	4	1	1	0	0	2	2	2	2	0	0	3	3	3	3	3	4	3	3	2	2	4	4	0	0	2	2	4	4	2	2	3	3	4	4	1	1	4	4	2	2	2	3	0	0	3	3	3	3	2	2	4	4	3	3	2	2	0	0	1	1	4	4	2	2	3	4	0	0	1	1	1	1	1	1	1	1	1	3	1	1	4	4	2	2	2	2	4	4	2	3	1	3	4	4	0	0	3	3	2	2	1	1	3	3	1	1	1	1	2	2	3	3	1	1	0	0	2	2	2	2	4	4	4	4	1	1	1	1	0	0	4	4	1	3	1	1	3	3	1	1	2	2	1	2	4	4	4	4	4	4	2	2	3	3	4	4	0	0	3	3	1	1	1	1	4	4	1	1	2	2	4	4	3	3	4	4	3	3
M033302_M332_4C	0	0	4	4	2	2	1	1	4	4	3	3	4	4	1	1	0	0	2	2	2	2	0	0	3	3	3	3	3	4	3	3	2	2	1	1	0	0	2	2	4	4	2	2	3	3	4	4	1	1	2	4	2	2	2	3	0	0	3	3	3	3	2	2	4	4	3	3	2	2	3	3	1	1	2	4	2	2	3	4	0	0	1	1	1	1	0	0	1	1	1	3	1	1	4	4	2	2	4	4	4	4	2	3	1	3	4	4	2	2	3	3	2	2	1	1	3	3	1	1	1	1	1	1	3	3	1	1	0	0	2	2	2	2	3	4	4	4	1	1	1	1	0	0	4	4	1	3	1	1	1	3	1	1	2	2	2	2	1	4	4	4	4	4	2	2	3	3	4	4	0	0	3	3	1	1	1	1	4	4	1	1	1	2	4	4	3	3	4	4	3	3
M033310_M332_5C	0	0	4	4	2	2	1	1	4	4	3	3	4	4	1	1	0	0	2	2	2	2	0	0	3	3	3	3	3	3	3	3	2	2	1	1	0	0	2	2	4	4	2	2	3	3	4	4	1	1	2	4	2	2	2	3	0	0	3	3	3	3	2	2	4	4	0	0	2	2	3	3	1	1	4	4	2	2	3	4	0	0	1	3	1	1	1	1	1	1	1	3	1	1	4	4	2	2	2	2	4	4	2	3	1	1	4	4	0	0	3	3	2	2	1	1	1	3	1	1	1	1	2	2	3	3	1	1	0	0	2	2	2	2	4	4	4	4	1	1	1	1	0	0	4	4	1	3	1	1	3	3	1	1	2	2	2	2	4	4	4	4	4	4	2	2	3	3	4	4	0	0	3	3	1	1	1	1	4	4	1	1	1	2	4	4	3	3	4	4	3	3
M033318_M332_6C	0	0	4	4	2	2	1	1	4	4	3	3	4	4	1	1	0	0	2	2	2	2	0	0	3	3	3	3	3	4	3	3	2	2	1	1	0	0	2	2	4	4	2	2	3	3	4	4	1	1	4	4	2	2	2	2	0	0	3	3	3	3	2	2	4	4	3	3	2	2	3	3	1	1	4	4	2	2	4	4	0	0	1	3	1	1	1	1	1	1	3	3	1	1	0	0	2	2	2	4	0	0	2	2	1	3	4	4	0	0	3	3	2	2	1	1	1	3	1	1	1	1	1	2	3	3	1	1	0	0	2	2	2	2	4	4	4	4	1	1	1	1	0	0	4	4	3	3	1	1	3	3	0	0	2	2	1	2	4	4	4	4	4	4	2	2	3	3	4	4	0	0	3	3	1	1	1	1	4	4	1	1	1	1	4	4	3	3	4	4	3	3
M033326_M332_7C	0	0	4	4	2	2	1	1	4	4	3	3	4	4	1	1	0	0	2	2	2	2	0	0	3	3	3	3	3	3	3	3	2	2	1	1	0	0	2	2	4	4	2	2	3	3	4	4	1	1	4	4	2	2	2	2	0	0	3	3	3	3	2	2	4	4	3	3	2	2	3	3	1	1	4	4	2	2	3	4	0	0	1	1	1	1	1	1	1	1	3	3	1	1	0	0	2	2	2	4	0	0	2	3	1	1	4	4	2	2	0	0	2	2	1	1	1	3	1	1	1	1	2	2	3	3	1	1	0	0	2	2	2	2	4	4	4	4	1	1	1	1	0	0	4	4	3	3	1	1	3	3	1	1	2	2	2	2	4	4	4	4	4	4	2	2	3	3	4	4	0	0	3	3	1	1	1	1	4	4	1	1	1	1	4	4	3	3	4	4	3	3
M033334_M332_8C	0	0	4	4	2	2	1	1	4	4	4	4	4	4	1	3	0	0	2	2	2	2	0	0	3	3	3	3	4	4	3	4	2	2	1	1	0	0	2	2	4	4	2	2	3	3	4	4	1	1	4	4	2	2	2	3	0	0	3	3	3	3	2	2	4	4	3	3	2	2	1	3	1	1	2	4	2	2	3	4	0	0	1	1	1	4	1	1	1	1	1	1	1	1	4	4	2	2	2	2	4	4	0	0	3	3	4	4	4	2	3	3	2	2	1	1	1	3	1	1	1	1	1	1	3	3	1	1	0	0	2	2	2	2	3	4	4	4	1	1	1	1	0	0	4	4	1	1	1	1	1	1	0	0	2	2	2	2	1	4	4	4	4	4	2	2	3	3	4	4	0	0	3	3	1	1	1	1	4	4	1	1	1	2	4	4	1	1	4	4	3	3
M033342_M332_9C	0	0	2	2	2	2	0	0	0	0	0	0	2	2	3	3	0	0	2	2	4	4	0	0	1	1	1	1	3	3	3	3	1	1	1	1	0	0	0	0	1	1	4	4	4	4	2	2	1	1	2	2	2	4	3	3	0	0	3	3	2	2	1	1	4	4	3	3	1	1	3	3	2	2	4	4	1	1	3	4	0	0	1	3	1	1	3	3	3	3	3	3	2	2	3	3	2	4	4	4	1	4	2	2	3	3	1	1	0	0	1	1	1	1	3	3	1	3	1	2	2	2	1	1	1	1	3	3	0	0	4	4	2	2	3	4	2	2	1	1	3	3	0	0	2	2	3	3	4	4	3	3	3	3	4	4	2	2	1	1	2	2	2	2	0	0	3	3	1	1	0	0	2	2	3	3	1	3	2	2	1	1	2	2	2	2	1	1	2	2	4	4
M033350_M332_10C	0	0	4	4	2	2	1	1	4	4	3	3	4	4	3	3	0	0	2	2	2	2	0	0	3	3	3	3	4	4	3	3	2	2	1	1	0	0	2	2	4	4	2	2	3	3	4	4	1	1	4	4	2	2	3	3	0	0	3	3	3	2	2	2	4	4	3	3	2	2	0	0	1	1	2	4	2	2	3	4	0	0	1	3	4	4	1	1	1	1	1	1	1	1	0	0	2	2	2	2	1	4	2	3	3	3	4	4	2	2	3	3	2	2	1	1	1	3	1	1	1	1	1	2	3	3	1	1	0	0	2	2	2	2	4	4	4	4	1	1	1	1	0	0	4	4	1	1	1	1	1	1	1	1	2	2	2	2	1	4	4	4	4	4	2	2	3	3	4	4	0	0	3	3	1	1	1	1	4	4	1	1	1	1	4	4	1	1	4	4	3	3
M033358_M332_11C	0	0	2	2	2	4	2	2	3	4	3	3	2	2	3	3	0	0	2	2	4	4	0	0	1	1	1	1	3	3	3	3	1	1	1	1	0	0	2	2	1	1	4	4	4	4	2	2	1	2	2	2	2	2	3	3	0	0	3	3	2	2	1	1	4	4	3	3	1	1	3	3	1	2	4	4	1	2	3	4	0	0	3	3	4	4	3	3	3	3	3	3	2	2	3	3	4	4	4	4	4	4	0	0	3	3	1	1	0	0	1	1	1	1	3	3	1	3	2	2	2	2	1	1	1	1	3	3	0	0	4	4	2	2	3	4	2	2	1	3	3	3	0	0	2	2	3	3	4	4	3	3	3	3	2	4	2	2	1	1	2	2	2	2	3	3	3	3	1	1	0	0	2	2	3	3	1	3	2	2	1	1	2	2	2	2	1	1	2	2	4	4
M033366_M332_12C	0	0	4	4	2	2	1	1	4	4	3	4	4	4	3	3	0	0	2	2	2	2	0	0	3	3	3	3	4	4	3	4	2	2	1	1	0	0	2	2	4	4	2	2	3	3	4	4	1	1	2	4	2	2	2	3	0	0	3	3	2	2	2	2	4	4	3	3	2	2	0	0	1	1	2	2	2	2	4	4	0	0	1	3	1	1	1	1	1	1	1	3	1	1	0	0	2	2	2	2	4	4	3	3	3	3	4	4	0	0	3	3	2	2	1	1	1	3	1	1	1	1	1	1	3	3	1	1	0	0	2	2	2	2	0	0	4	4	1	1	1	1	0	0	4	4	1	1	1	1	1	1	1	1	2	2	2	2	1	1	4	4	4	4	0	0	3	3	4	4	0	0	3	3	1	1	1	1	4	4	1	1	2	2	4	4	3	3	4	4	3	3
M033279_M332_1D	0	0	2	2	2	2	0	0	3	3	4	4	2	2	3	3	0	0	2	2	4	4	0	0	1	1	1	1	3	3	3	3	1	1	1	1	0	0	2	2	1	1	4	4	4	4	2	2	1	1	2	2	2	4	3	3	0	0	3	3	2	2	1	1	4	4	3	3	1	1	3	3	2	2	4	4	1	1	3	4	0	0	3	3	4	4	3	3	3	3	3	3	2	2	3	3	2	4	4	4	1	4	2	2	3	3	1	1	2	2	1	1	1	1	3	3	3	3	2	2	2	2	1	1	1	1	3	3	0	0	4	4	2	2	3	4	2	2	3	3	3	3	0	0	2	2	3	3	4	4	3	3	3	3	4	4	2	2	1	1	2	2	2	2	0	0	3	3	1	1	0	0	2	2	3	3	1	1	2	2	1	1	1	1	2	2	1	1	2	2	4	4
M033287_M332_2D	0	0	4	4	2	2	1	1	4	4	3	3	4	4	1	1	0	0	2	2	2	2	0	0	3	3	3	3	3	3	3	3	2	2	1	1	0	0	2	2	4	4	2	2	3	3	4	4	1	1	2	2	2	2	3	3	0	0	3	3	3	3	2	2	4	4	3	3	2	2	3	3	1	1	2	4	2	2	4	4	0	0	1	3	1	1	1	1	1	1	1	1	1	1	4	4	2	2	2	4	4	4	2	2	1	1	4	4	2	2	3	3	2	2	1	1	3	3	1	1	1	1	2	2	3	3	1	1	0	0	2	2	2	2	4	4	4	4	1	1	1	1	0	0	4	4	1	1	1	1	3	3	0	0	2	2	2	2	4	4	4	4	4	4	2	2	3	3	4	4	0	0	3	3	1	1	1	1	4	4	1	1	2	2	4	4	3	3	4	4	3	3
M033295_M332_3D	0	0	4	4	2	2	1	1	3	4	0	0	4	4	1	1	0	0	2	2	2	2	0	0	3	3	3	3	3	4	3	3	2	2	1	1	0	0	2	2	4	4	2	2	3	3	4	4	1	1	2	4	2	2	2	2	0	0	3	3	3	3	1	2	4	4	3	3	2	2	3	3	1	1	2	4	2	2	3	4	0	0	1	1	1	4	0	0	1	1	1	3	1	1	4	4	2	2	0	0	4	4	2	3	1	1	0	0	0	0	3	3	2	2	1	1	1	3	1	1	1	1	1	2	3	3	1	1	0	0	2	2	2	2	4	4	0	0	1	1	1	1	0	0	4	4	0	0	1	1	1	3	1	1	2	2	2	2	4	4	4	4	4	4	2	2	3	3	4	4	0	0	3	3	1	1	1	1	4	4	1	1	1	1	4	4	3	3	4	4	3	3
M033303_M332_4D	0	0	4	4	2	2	1	1	4	4	3	3	4	4	1	1	0	0	2	2	2	2	0	0	3	3	3	3	3	4	3	3	2	2	1	4	0	0	2	2	4	4	2	2	3	3	4	4	1	1	2	4	2	2	2	3	0	0	3	3	3	3	2	2	4	4	3	3	2	2	3	3	1	1	4	4	2	2	3	4	0	0	3	3	1	1	1	1	1	1	1	3	1	1	4	4	2	2	2	4	4	4	2	2	1	3	4	4	2	2	3	3	2	2	1	1	3	3	1	1	1	1	2	2	3	3	1	1	0	0	2	2	2	2	4	4	4	4	1	1	1	1	0	0	4	4	1	3	1	1	3	3	1	1	2	2	2	2	4	4	4	4	4	4	2	2	3	3	4	4	0	0	3	3	1	1	1	1	4	4	1	1	1	2	4	4	3	3	4	4	3	3
M033311_M332_5D	0	0	4	4	2	2	1	1	4	4	3	3	4	4	1	1	0	0	2	2	2	2	0	0	3	3	3	3	3	4	3	4	2	2	1	1	0	0	2	2	4	4	2	2	3	3	4	4	1	1	4	4	2	2	2	2	0	0	3	3	3	3	2	2	4	4	3	3	2	2	3	3	1	1	2	4	2	2	4	4	0	0	1	3	1	1	1	1	1	1	3	3	1	1	4	4	2	2	4	4	4	4	2	3	1	3	4	4	2	2	3	3	2	2	1	1	3	3	1	1	1	1	1	2	3	3	1	1	0	0	2	2	2	2	4	4	0	0	1	1	1	1	0	0	4	4	3	3	1	1	3	3	1	1	2	2	2	2	4	4	4	4	4	4	2	2	3	3	4	4	0	0	3	3	1	1	1	1	4	4	1	1	1	1	4	4	3	3	4	4	3	3
M033319_M332_6D	0	0	4	4	2	2	1	1	4	4	3	3	4	4	1	1	0	0	2	2	2	2	0	0	3	3	3	3	3	4	3	4	2	2	1	1	0	0	2	2	4	4	2	2	3	3	4	4	1	1	4	4	2	2	2	2	0	0	3	3	3	3	2	2	4	4	3	3	2	2	0	0	1	1	4	4	2	2	3	4	0	0	1	1	1	1	1	1	1	1	1	3	1	1	4	4	2	2	2	4	4	4	2	2	1	3	4	4	4	2	3	3	2	2	1	1	3	3	1	1	1	1	1	2	3	3	1	1	0	0	2	2	2	2	4	4	4	4	1	1	1	1	0	0	4	4	1	3	1	1	3	3	1	1	2	2	2	2	4	4	4	4	4	4	2	2	3	3	4	4	0	0	3	3	1	1	1	1	4	4	1	1	1	1	4	4	3	3	4	4	3	3
M033327_M332_7D	0	0	4	4	2	2	1	1	4	4	3	3	4	4	1	1	0	0	2	2	2	2	0	0	3	3	3	3	3	3	3	3	2	2	1	1	0	0	2	2	4	4	2	2	3	3	4	4	1	1	4	4	2	2	2	2	0	0	3	3	3	3	2	2	4	4	3	3	2	2	0	0	1	1	4	4	2	2	3	4	0	0	1	1	1	1	1	1	1	1	3	3	1	1	4	4	2	2	2	4	4	4	2	3	1	1	4	4	2	2	3	3	2	2	1	1	1	3	1	1	1	1	2	2	3	3	1	1	0	0	2	2	2	2	4	4	4	4	1	1	1	1	0	0	4	4	3	3	1	1	3	3	1	1	2	2	2	2	4	4	4	4	4	4	2	2	3	3	4	4	0	0	3	3	1	1	1	1	4	4	1	1	1	1	4	4	3	3	4	4	3	3
M033335_M332_8D	0	0	0	0	4	4	2	2	0	0	0	0	0	0	0	0	0	0	0	0	4	4	0	0	1	1	0	0	0	0	3	3	0	0	0	0	0	0	0	0	4	4	0	0	0	0	2	2	0	0	0	0	4	4	0	0	0	0	0	0	0	0	1	1	0	0	0	0	0	0	0	0	0	0	0	0	0	0	0	0	0	0	0	0	0	0	0	0	0	0	0	0	2	2	0	0	0	0	0	0	1	1	0	0	0	0	0	0	4	2	0	0	0	0	0	0	0	0	2	2	0	0	0	0	0	0	0	0	0	0	2	2	0	0	4	4	2	2	0	0	3	3	0	0	0	0	0	0	1	4	0	0	0	0	0	0	2	2	0	0	0	0	0	0	0	0	0	0	1	1	0	0	2	3	3	3	0	0	0	0	0	0	0	0	0	0	0	0	0	0	0	0
M033343_M332_9D	0	0	2	4	2	2	1	1	3	4	4	4	2	4	3	3	0	0	2	2	4	2	0	0	1	3	1	3	3	4	3	3	1	2	1	1	0	0	2	2	1	4	2	4	3	4	4	2	1	1	2	4	2	2	3	3	0	0	3	3	3	2	1	2	4	4	3	3	1	2	3	3	1	2	4	4	1	2	4	4	0	0	3	3	1	4	1	3	1	3	3	3	1	2	3	4	2	4	2	4	4	4	2	2	3	3	1	4	2	2	1	3	1	2	1	3	3	3	1	2	1	2	1	2	1	3	1	3	0	0	2	4	4	2	3	4	4	2	1	1	1	3	0	0	2	4	1	3	1	4	1	3	1	3	2	4	1	2	1	1	2	4	4	2	2	3	3	3	1	4	0	0	2	3	1	3	1	3	2	4	1	1	2	2	4	2	3	3	4	2	3	3
M033351_M332_10D	0	0	2	2	2	2	2	2	3	3	3	4	2	2	3	3	0	0	2	2	4	4	0	0	1	1	1	1	3	3	3	3	1	1	1	1	0	0	2	2	1	1	4	4	4	4	2	2	1	1	2	2	2	4	3	3	0	0	3	3	2	2	1	1	4	4	3	3	1	1	3	3	2	2	4	4	1	1	3	4	0	0	0	0	1	4	3	3	3	3	3	3	2	2	3	3	4	4	4	4	4	4	2	2	3	3	1	1	0	0	1	1	1	1	3	3	1	1	2	2	2	2	1	1	1	1	3	3	0	0	4	4	2	2	3	3	2	2	1	3	3	3	0	0	2	2	3	3	4	4	3	3	3	3	4	4	2	2	1	1	2	2	2	2	3	3	3	3	1	1	0	0	2	2	3	3	1	3	2	2	3	3	1	1	2	2	1	1	4	2	4	4
M033359_M332_11D	0	0	2	2	2	2	2	2	3	3	3	3	2	2	3	3	0	0	2	2	4	4	0	0	1	1	1	1	3	3	3	3	1	2	1	1	0	0	2	2	1	1	4	4	4	4	2	2	1	1	2	2	2	2	3	3	0	0	3	3	2	2	1	1	4	4	3	3	1	1	3	3	2	2	4	4	1	1	4	4	0	0	3	3	1	4	3	3	3	3	3	3	2	2	3	3	2	2	4	4	4	4	2	2	3	3	1	1	4	2	1	1	1	1	3	3	1	1	2	2	2	2	1	1	1	1	3	3	0	0	4	4	2	2	3	3	2	2	1	1	3	3	0	0	2	2	3	3	4	4	3	3	3	3	4	4	2	2	1	1	2	2	2	2	3	3	3	3	1	1	0	0	2	2	3	3	1	3	2	4	1	3	1	2	2	2	1	1	2	2	4	4
M033367_M332_12D	0	0	2	4	2	2	1	1	4	4	3	4	2	4	3	3	0	0	2	2	4	2	0	0	1	3	1	3	3	4	3	3	1	2	1	1	0	0	2	2	1	4	2	4	3	4	4	2	1	1	2	4	2	2	3	3	0	0	3	3	2	2	1	2	4	4	3	3	1	2	3	3	1	2	4	4	1	2	4	4	0	0	1	3	1	4	1	3	1	3	1	3	1	2	3	4	2	2	2	4	1	4	2	3	3	3	1	4	2	2	1	1	1	2	1	3	1	1	1	2	1	2	1	2	1	3	1	3	0	0	0	0	2	2	3	4	4	2	1	1	1	3	0	0	2	4	1	3	1	4	3	3	3	3	2	4	2	2	1	1	2	4	4	2	2	3	3	3	1	4	0	0	2	3	1	3	1	3	4	4	1	1	1	2	4	2	3	3	4	2	0	0
M033280_M332_1E	0	0	2	4	2	2	1	1	4	4	3	4	2	4	3	3	0	0	2	2	4	2	0	0	1	3	1	3	3	4	3	3	1	2	1	1	0	0	2	2	1	4	2	4	3	4	4	2	1	2	2	4	2	2	3	3	0	0	3	3	3	2	1	2	4	4	3	3	1	2	1	3	1	2	2	4	1	1	3	3	0	0	1	3	1	4	1	3	1	3	1	3	1	2	3	4	2	4	2	4	1	4	2	2	3	3	1	4	2	2	1	3	1	2	3	3	1	3	1	2	1	2	1	1	1	3	1	3	0	0	2	4	2	2	3	4	4	4	1	1	1	3	0	0	2	4	1	3	1	4	1	3	1	3	2	4	2	2	1	4	2	4	4	2	2	3	3	3	1	4	0	0	2	3	1	3	1	1	2	4	1	3	2	2	4	2	3	3	4	2	3	3
M033288_M332_2E	0	0	4	4	2	2	1	1	4	4	3	3	4	4	1	1	0	0	2	2	2	2	0	0	3	3	3	3	3	4	3	4	2	2	1	1	0	0	2	2	4	4	2	2	3	3	4	4	1	1	2	4	2	2	2	3	0	0	3	3	3	3	2	2	4	4	3	3	2	2	3	3	1	1	4	4	2	2	4	4	0	0	1	3	1	1	1	1	1	1	1	3	1	1	4	4	2	2	2	4	4	4	2	2	1	3	4	4	4	2	3	3	2	2	1	1	1	3	1	1	1	1	1	2	3	3	1	1	0	0	2	2	2	2	0	0	4	4	1	1	1	1	0	0	4	4	1	3	1	1	1	3	1	1	2	2	2	2	1	4	4	4	4	4	2	2	3	3	4	4	0	0	3	3	1	1	1	1	4	4	1	1	1	1	4	4	3	3	4	4	3	3
M033296_M332_3E	0	0	4	4	2	2	1	1	4	4	3	3	4	4	1	1	0	0	2	2	2	2	0	0	3	3	3	3	4	4	3	3	2	2	1	4	0	0	2	2	4	4	2	2	3	3	4	4	1	1	2	4	2	2	2	2	0	0	3	3	3	3	2	2	4	4	3	3	2	2	0	0	1	1	4	4	2	2	3	3	0	0	1	3	1	1	1	1	1	1	1	3	1	1	4	4	2	2	2	4	4	4	2	3	3	3	4	4	0	0	3	3	2	2	1	1	1	3	1	1	1	1	1	2	3	3	1	1	0	0	2	2	2	2	4	4	4	4	1	1	1	1	0	0	4	4	1	1	1	1	3	3	1	1	2	2	2	2	4	4	4	4	4	4	2	2	3	3	4	4	0	0	3	3	1	1	1	1	4	4	1	1	1	2	4	4	3	3	4	4	3	3
M033304_M332_4E	0	0	4	4	2	2	1	1	4	4	3	4	4	4	1	1	0	0	2	2	2	2	0	0	3	3	3	3	3	4	3	4	2	2	1	4	0	0	2	2	4	4	2	2	3	3	4	4	1	1	4	4	2	2	2	2	0	0	3	3	3	3	2	2	4	4	3	3	2	2	0	0	1	1	4	4	2	2	4	4	0	0	1	3	1	1	1	1	1	1	1	3	1	1	4	4	2	2	2	2	4	4	2	3	1	3	4	4	2	2	3	3	2	2	1	1	1	3	1	1	1	1	1	2	3	3	1	1	0	0	2	2	2	2	4	4	4	2	1	1	1	1	0	0	4	4	1	3	1	1	3	3	0	0	2	2	1	2	4	4	4	4	4	4	2	2	3	3	4	4	0	0	3	3	1	1	1	1	4	4	1	1	1	1	4	4	3	3	4	4	3	3
M033312_M332_5E	0	0	4	4	2	2	1	1	0	0	0	0	4	4	1	1	0	0	2	2	2	2	0	0	3	3	3	3	3	3	3	4	2	2	1	4	0	0	2	2	4	4	2	2	3	3	4	4	1	1	2	4	2	2	2	2	0	0	3	3	3	3	2	2	4	4	3	3	2	2	0	0	1	1	4	4	2	2	4	4	0	0	1	3	1	1	1	1	1	1	3	3	1	1	4	4	2	2	2	4	4	4	2	3	1	1	4	4	2	2	3	3	2	2	1	1	3	3	1	1	1	1	2	2	3	3	1	1	0	0	2	2	2	2	0	0	0	0	1	1	1	1	0	0	4	4	3	3	1	1	3	3	1	1	2	2	2	2	4	4	4	4	4	4	2	2	3	3	4	4	0	0	3	3	1	1	1	1	4	4	1	1	1	1	4	4	3	3	4	4	3	3
M033320_M332_6E	0	0	4	4	2	2	1	2	4	4	3	3	4	4	1	1	0	0	2	2	2	2	0	0	3	3	3	3	3	4	3	3	2	2	1	1	0	0	2	2	4	4	2	2	3	3	4	4	1	1	4	4	2	2	2	2	0	0	3	3	3	3	2	2	4	4	3	3	2	2	3	3	1	1	2	4	2	2	3	4	0	0	1	3	1	1	1	1	1	1	3	3	1	1	4	4	2	2	4	4	4	4	2	3	1	3	4	4	4	2	3	3	2	2	1	1	1	3	1	1	1	1	1	2	3	3	1	1	0	0	2	2	2	2	4	4	4	4	1	1	1	1	0	0	4	4	3	3	1	1	3	3	1	1	2	2	2	2	4	4	4	4	4	4	2	2	3	3	4	4	0	0	3	3	1	1	1	1	4	4	1	1	1	1	4	4	3	3	4	4	3	3
M033328_M332_7E	0	0	4	4	2	2	1	1	4	4	3	3	4	4	1	1	0	0	2	2	2	2	0	0	3	3	3	3	3	4	3	4	2	2	1	1	0	0	2	2	4	4	2	2	3	3	4	4	1	1	4	4	2	2	2	3	0	0	3	3	3	3	2	2	4	4	3	3	2	2	3	3	1	1	2	4	2	2	4	4	0	0	1	1	1	1	1	1	1	1	3	3	1	1	4	4	2	2	2	4	4	4	2	3	1	3	4	4	2	2	3	3	2	2	1	1	1	3	1	1	1	1	1	2	3	3	1	1	0	0	2	2	2	2	4	4	4	2	1	1	1	1	0	0	4	4	3	3	1	1	3	3	1	1	2	2	2	2	4	4	4	4	4	4	2	2	3	3	4	4	0	0	3	3	1	1	1	1	4	4	1	1	1	1	4	4	3	3	4	4	3	3
M033336_M332_8E	0	0	2	2	2	2	0	0	3	3	3	3	2	2	3	3	0	0	2	2	4	4	0	0	1	1	1	1	3	3	3	3	1	1	1	1	0	0	2	2	1	1	4	4	4	4	2	2	1	1	2	2	2	2	3	3	0	0	3	3	2	2	1	1	4	4	3	3	1	1	3	3	2	2	4	4	1	2	4	4	0	0	3	3	1	4	3	3	3	3	3	3	2	2	3	3	4	4	4	4	4	4	2	2	3	3	1	1	0	0	1	1	1	1	3	3	1	3	2	2	2	2	1	1	1	1	3	3	0	0	4	4	2	2	0	0	2	2	1	1	3	3	0	0	2	2	3	3	4	4	3	3	3	3	4	4	2	2	1	1	2	2	2	2	3	3	3	3	1	1	0	0	2	2	3	3	1	1	2	2	1	1	2	2	2	2	1	1	2	2	4	4
M033344_M332_9E	0	0	2	2	2	2	2	2	0	0	3	4	2	2	3	3	0	0	2	2	4	4	0	0	1	1	1	1	3	3	3	3	1	1	1	1	0	0	2	2	1	1	4	4	4	4	2	2	1	1	2	2	2	2	3	3	0	0	3	3	2	2	1	1	4	4	3	3	1	1	3	3	2	2	4	4	1	1	3	4	0	0	3	3	1	4	3	3	3	3	3	3	2	2	3	3	2	4	4	4	4	4	2	2	3	3	1	1	2	2	1	1	1	1	3	3	1	3	2	2	2	2	1	1	1	1	3	3	0	0	4	4	2	2	3	4	2	2	1	1	3	3	0	0	2	2	3	3	4	4	3	3	3	3	4	4	2	2	1	1	2	2	2	2	3	3	3	3	1	1	0	0	2	2	3	3	3	3	2	2	1	1	2	2	2	2	1	1	2	2	4	4
M033352_M332_10E	0	0	2	2	2	2	2	2	3	3	3	4	2	2	3	3	0	0	2	2	4	4	0	0	1	1	1	1	3	3	3	3	1	1	1	1	0	0	2	2	1	1	4	4	4	4	2	2	1	1	2	2	2	2	3	3	0	0	3	3	2	2	1	1	4	4	3	3	1	1	3	3	2	2	4	4	1	1	3	4	0	0	3	3	1	4	3	3	3	3	3	3	2	2	3	3	2	4	4	4	4	4	2	2	3	3	1	1	2	2	1	1	1	1	3	3	1	1	2	2	2	2	1	1	1	1	3	3	0	0	4	4	2	2	3	3	2	2	1	3	3	3	0	0	2	2	3	3	4	4	0	0	3	3	4	4	2	2	1	1	2	2	2	2	3	3	3	3	1	1	0	0	2	2	3	3	3	3	2	4	1	3	2	2	2	2	1	1	2	2	3	4
M033360_M332_11E	0	0	2	2	2	2	0	0	3	3	3	3	2	2	3	3	0	0	2	2	4	4	0	0	1	1	1	1	3	3	3	3	1	1	1	1	0	0	2	2	1	1	4	4	4	4	2	2	1	1	2	2	2	2	3	3	0	0	3	3	2	2	1	1	4	4	3	3	1	1	3	3	2	2	4	4	1	1	3	4	0	0	3	3	1	1	3	3	3	3	3	3	2	2	3	3	2	4	4	4	4	4	2	2	3	3	1	1	4	2	1	1	1	1	3	3	1	1	2	2	2	2	1	1	1	1	3	3	0	0	4	4	2	2	3	3	2	2	1	1	3	3	0	0	2	2	3	3	4	4	3	3	3	3	4	4	2	2	1	1	2	2	2	2	3	3	3	3	1	1	0	0	2	2	3	3	3	3	2	2	1	3	1	1	2	2	1	1	2	2	4	4
M033368_M332_12E	0	0	2	4	2	2	1	2	4	4	3	4	2	4	3	3	0	0	2	2	4	4	0	0	1	3	1	3	3	4	3	3	1	2	1	1	0	0	2	2	1	4	2	4	3	4	4	2	1	1	2	4	2	2	3	3	0	0	3	3	2	2	1	2	4	4	3	3	1	2	0	0	1	2	4	4	1	2	4	4	0	0	1	3	4	4	1	3	1	3	1	3	1	2	3	4	2	2	2	4	1	4	2	3	3	3	0	0	2	2	1	3	1	2	1	3	1	1	1	2	1	2	1	1	1	3	1	3	0	0	0	0	2	2	3	4	4	2	1	1	1	3	0	0	2	4	1	3	1	4	1	3	3	3	2	4	2	2	1	1	2	4	4	2	2	3	3	3	1	4	0	0	2	3	1	3	1	1	2	4	1	3	1	2	4	2	1	1	4	2	3	4
M033281_M332_1F	0	0	2	4	2	2	1	2	3	3	3	3	2	4	3	3	0	0	2	2	4	4	0	0	1	3	1	3	3	4	3	3	1	2	1	1	0	0	2	2	1	4	2	4	3	4	4	2	1	1	2	4	2	2	3	3	0	0	3	4	3	2	1	2	4	4	3	3	1	2	3	3	1	2	4	4	2	2	3	3	0	0	1	3	1	1	1	3	1	3	1	3	1	2	3	4	2	4	2	4	4	4	2	2	3	3	1	4	2	2	1	3	1	2	1	3	1	1	1	2	1	2	1	1	1	3	1	3	0	0	0	0	2	2	3	4	4	2	1	1	1	3	0	0	2	4	1	3	1	4	1	3	3	3	2	2	2	2	1	1	2	4	4	2	2	3	3	3	1	4	0	0	2	3	1	3	1	3	2	4	1	1	1	2	4	2	3	3	4	2	3	3
M033289_M332_2F	0	0	4	4	2	2	1	1	4	4	3	3	4	4	1	3	0	0	2	2	2	2	0	0	3	3	3	3	3	3	3	3	2	2	1	1	0	0	2	2	4	4	2	2	3	3	4	4	1	1	4	4	2	2	2	2	0	0	3	3	3	3	2	2	4	4	3	3	2	2	0	0	1	1	4	4	2	2	4	4	0	0	1	1	1	1	1	1	1	1	3	3	1	1	4	4	2	2	2	2	4	4	2	3	1	1	4	4	2	2	3	3	2	2	1	1	3	3	1	1	1	1	2	2	3	3	1	1	0	0	2	2	2	2	0	0	4	4	1	1	1	1	0	0	4	4	3	3	1	1	3	3	1	1	2	2	1	2	4	4	4	4	4	4	2	2	3	3	4	4	0	0	3	3	1	1	1	1	4	4	1	1	1	2	4	4	3	3	4	4	3	3
M033297_M332_3F	0	0	4	4	2	2	1	1	4	4	3	3	4	4	1	1	0	0	2	2	2	2	0	0	3	3	3	3	3	4	3	4	2	2	1	1	0	0	2	2	4	4	2	2	3	3	4	4	1	1	4	4	2	2	2	2	0	0	3	3	3	3	2	2	4	4	3	3	2	2	3	3	1	1	4	4	2	2	3	4	0	0	1	1	1	1	1	1	1	1	3	3	1	1	4	4	2	2	2	4	0	0	2	3	1	3	4	4	2	2	3	3	2	2	1	1	3	3	1	1	1	1	1	2	3	3	1	1	0	0	2	2	2	2	3	4	4	4	1	1	1	1	0	0	4	4	3	3	1	1	3	3	1	1	2	2	0	0	4	4	4	4	4	4	2	2	3	3	4	4	0	0	3	3	1	1	1	1	4	4	1	1	1	1	4	4	3	3	4	4	3	3
M033305_M332_4F	0	0	4	4	2	2	1	1	4	4	0	0	4	4	1	1	0	0	2	2	2	2	0	0	3	3	3	3	4	4	4	4	2	2	1	1	0	0	2	2	4	4	2	2	3	3	4	4	1	1	2	4	2	2	3	3	0	0	3	3	3	3	2	2	4	4	3	3	2	2	3	3	1	1	2	4	2	2	4	4	0	0	1	1	1	1	1	1	1	1	1	3	1	1	4	4	2	2	2	4	4	4	2	3	3	3	4	4	0	0	3	3	2	2	1	1	3	3	1	1	1	1	1	1	3	3	1	1	0	0	2	2	2	2	4	4	4	4	1	1	1	1	0	0	4	4	1	1	1	1	3	3	1	1	2	2	1	2	4	4	4	4	4	4	2	2	3	3	4	4	0	0	3	3	1	1	1	1	4	4	1	1	1	2	4	4	3	3	4	4	3	3
M033313_M332_5F	0	0	4	4	2	2	1	1	4	4	3	3	4	4	1	1	0	0	2	2	2	2	0	0	3	3	3	3	3	4	3	3	2	2	1	1	0	0	2	2	4	4	2	2	3	3	4	4	1	1	2	4	2	2	2	3	0	0	3	3	3	3	2	2	4	4	3	3	2	2	0	0	1	1	4	4	2	2	4	4	0	0	1	1	1	1	1	1	1	1	1	3	1	1	4	4	2	2	2	4	4	4	2	3	1	3	4	4	0	0	3	3	2	2	1	1	1	3	1	1	1	1	1	2	3	3	1	1	0	0	2	2	2	2	4	4	4	4	1	1	1	1	0	0	4	4	1	3	1	1	3	3	0	0	2	2	2	2	4	4	4	4	4	4	2	2	3	3	4	4	0	0	3	3	1	1	1	1	4	4	1	1	2	2	4	4	3	3	4	4	3	3
M033321_M332_6F	0	0	4	4	2	2	1	1	4	4	3	3	4	4	1	1	0	0	2	2	2	2	0	0	3	3	3	3	3	3	3	3	2	2	1	1	0	0	2	2	4	4	2	2	3	3	4	4	1	1	2	4	2	2	2	3	0	0	3	3	3	3	2	2	4	4	3	3	2	2	0	0	1	1	4	4	2	2	3	4	0	0	1	1	1	1	1	1	1	1	1	3	1	1	4	4	2	2	4	4	4	4	2	2	1	1	4	4	2	2	3	3	2	2	1	1	3	3	1	1	1	1	2	2	3	3	1	1	0	0	2	2	2	2	4	4	4	4	1	1	1	1	0	0	4	4	1	3	1	1	3	3	1	1	2	2	2	2	4	4	4	4	4	4	2	2	3	3	4	4	0	0	3	3	1	1	1	1	4	4	1	1	1	2	4	4	3	3	4	4	3	3
M033329_M332_7F	0	0	4	4	2	2	1	1	4	4	3	3	4	4	1	1	0	0	2	2	2	2	0	0	3	3	3	3	3	4	3	4	2	2	1	1	0	0	2	2	4	4	2	2	3	3	4	4	1	1	2	4	2	2	2	3	0	0	3	3	3	3	2	2	4	4	3	3	2	2	3	3	1	1	2	4	2	2	4	4	0	0	1	1	1	1	1	1	1	1	3	3	1	1	4	4	2	2	4	4	4	4	2	3	1	3	4	4	2	2	3	3	2	2	1	1	3	3	1	1	1	1	1	2	3	3	1	1	0	0	2	2	2	2	4	4	4	4	1	1	1	1	0	0	4	4	3	3	1	1	1	3	1	1	2	2	1	1	1	4	4	4	4	4	2	2	3	3	4	4	0	0	3	3	1	1	1	1	4	4	1	1	1	1	4	4	3	3	4	4	3	3
M033337_M332_8F	0	0	2	2	2	2	1	2	0	0	3	3	2	2	3	3	0	0	2	2	4	4	0	0	1	1	1	1	3	3	3	3	1	1	1	1	0	0	2	2	1	1	4	4	4	4	2	2	1	1	2	2	2	4	3	3	0	0	3	3	2	2	1	1	4	4	3	3	1	1	3	3	2	2	4	4	1	1	4	4	0	0	1	3	4	4	3	3	3	3	3	3	2	2	3	3	2	4	4	4	4	4	2	2	3	3	1	1	4	2	1	1	1	1	3	3	1	3	2	2	2	2	1	1	1	1	3	3	0	0	4	4	2	2	3	3	2	2	1	1	3	3	0	0	2	2	3	3	4	4	3	3	3	3	4	4	2	2	1	4	2	2	2	2	3	3	3	3	1	1	0	0	2	2	3	3	1	1	2	2	1	1	2	2	2	2	1	1	2	2	4	4
M033345_M332_9F	0	0	2	2	2	2	0	0	3	3	3	4	2	2	3	3	0	0	2	2	4	4	0	0	1	1	1	1	3	3	3	3	1	1	1	1	0	0	2	2	1	1	4	4	4	4	2	2	1	1	2	2	2	2	3	3	0	0	3	3	2	2	1	1	4	4	3	3	1	1	3	3	2	2	4	4	1	1	3	4	0	0	3	3	1	4	3	3	3	3	3	3	2	2	3	3	2	4	4	4	4	4	2	2	3	3	1	1	2	2	1	1	1	1	3	3	1	3	2	2	2	2	1	1	1	1	3	3	0	0	4	4	2	2	3	3	2	2	1	3	3	3	0	0	2	2	3	3	4	4	3	3	3	3	4	4	2	2	1	1	2	2	2	2	3	3	3	3	1	1	0	0	2	2	3	3	3	3	2	2	1	1	1	1	2	2	1	1	2	2	4	4
M033353_M332_10F	0	0	2	2	2	2	2	2	3	3	3	3	2	2	3	3	0	0	2	2	4	4	0	0	1	1	1	1	3	3	3	3	1	1	1	1	0	0	2	2	1	1	4	4	4	4	2	2	1	1	2	2	2	4	3	3	0	0	3	3	2	2	1	1	4	4	3	3	1	1	3	3	2	2	4	4	1	1	4	4	0	0	3	3	1	4	3	3	3	3	3	3	2	2	3	3	4	4	4	4	4	4	2	2	3	3	1	1	4	2	1	1	1	1	3	3	1	3	2	2	2	2	1	1	1	1	3	3	0	0	4	4	2	2	3	3	2	2	1	1	3	3	0	0	2	2	3	3	4	4	3	3	3	3	4	4	2	2	1	1	2	2	2	2	3	3	3	3	1	1	0	0	2	2	3	3	1	3	2	2	1	1	2	2	2	2	1	1	2	2	4	4
M033361_M332_11F	0	0	2	2	2	2	2	2	3	3	3	3	2	2	3	3	0	0	2	2	4	4	0	0	1	1	1	1	3	3	3	3	1	1	1	1	0	0	2	2	1	1	4	4	4	4	2	2	1	1	2	2	4	4	3	3	0	0	3	3	2	2	1	1	4	4	3	3	1	1	3	3	2	2	4	4	1	1	4	4	0	0	3	3	1	1	3	3	3	3	3	3	2	2	3	3	4	4	4	4	4	4	2	2	3	3	1	1	2	2	1	1	1	1	3	3	1	3	2	2	2	2	1	1	1	1	3	3	0	0	4	4	2	2	0	0	2	2	1	3	3	3	0	0	2	2	3	3	4	4	3	3	3	3	4	4	2	2	1	1	2	2	2	2	3	3	3	3	1	1	0	0	2	2	3	3	1	3	2	2	1	1	2	2	2	2	1	1	2	2	4	4
M033369_M332_12F	0	0	2	2	2	2	2	2	3	3	3	3	2	2	3	3	0	0	2	2	4	4	0	0	1	1	1	1	3	3	3	3	1	1	1	1	0	0	2	2	1	1	4	4	4	4	2	2	1	1	2	2	2	4	3	3	0	0	3	3	2	2	1	1	4	4	3	3	1	1	3	3	2	2	4	4	1	1	4	4	0	0	3	3	4	4	3	3	3	3	3	3	2	2	3	3	4	4	4	4	4	4	0	0	3	3	1	1	2	2	1	1	1	1	3	3	1	3	2	2	2	2	1	1	1	1	3	3	0	0	4	4	2	2	3	3	2	2	1	3	3	3	0	0	2	2	3	3	4	4	3	3	3	3	4	4	2	2	1	1	2	2	2	2	3	3	3	3	1	1	0	0	2	2	3	3	1	1	2	2	1	1	2	2	2	2	1	1	2	2	4	4
M033282_M332_1G	0	0	2	4	2	2	1	2	4	4	3	3	2	4	3	3	0	0	2	2	4	2	0	0	1	3	1	3	3	4	3	3	0	0	1	4	0	0	2	2	1	4	2	4	3	4	4	2	1	1	2	4	2	2	3	3	0	0	3	3	3	2	1	2	4	4	3	3	1	2	1	3	1	2	4	4	1	2	3	4	0	0	1	3	1	1	1	3	1	3	1	3	1	2	3	4	2	4	2	4	4	4	2	2	1	3	1	4	4	4	1	3	1	2	1	3	1	3	1	2	1	2	1	1	1	3	1	3	0	0	2	4	2	2	3	4	4	4	1	3	1	3	0	0	2	4	1	3	1	4	1	3	1	3	2	4	2	2	1	4	2	4	4	2	2	3	3	3	1	4	0	0	2	3	1	3	1	1	2	4	1	1	2	2	4	2	3	3	4	2	3	3
M033290_M332_2G	0	0	4	4	2	2	1	1	4	4	3	3	4	4	1	1	0	0	2	2	2	2	0	0	3	3	3	3	3	4	3	3	2	2	1	4	0	0	2	2	4	4	2	2	3	3	4	4	1	1	4	4	2	2	2	2	0	0	3	3	3	3	2	2	4	4	3	3	2	2	0	0	1	1	4	4	2	2	3	3	0	0	1	1	1	1	1	1	1	1	3	3	1	1	4	4	2	2	2	4	4	4	2	2	1	3	4	4	2	2	3	3	2	2	1	1	1	3	1	1	1	1	2	2	3	3	1	1	0	0	2	2	2	2	4	4	4	4	1	1	1	1	0	0	4	4	3	3	1	1	3	3	0	0	2	2	2	2	4	4	4	4	4	4	2	2	3	3	4	4	0	0	3	3	1	1	1	1	4	4	1	1	1	1	4	4	3	3	4	4	3	3
M033298_M332_3G	0	0	4	4	2	2	1	1	4	4	3	3	4	4	1	1	0	0	2	2	2	2	0	0	3	3	3	3	4	4	3	3	2	2	1	1	0	0	2	2	4	4	2	2	3	3	4	4	1	1	2	4	2	2	2	2	0	0	3	3	3	3	2	2	4	4	3	3	2	2	3	3	1	1	2	4	2	2	4	4	0	0	1	1	1	1	1	1	1	1	1	3	1	1	4	4	2	2	4	4	4	4	2	3	3	3	4	4	2	2	3	3	2	2	1	1	1	1	1	1	1	1	1	1	3	3	1	1	0	0	2	2	2	2	4	4	4	4	1	1	1	1	0	0	4	4	1	1	1	1	3	3	1	3	2	2	1	2	4	4	4	4	4	4	2	2	3	3	4	4	0	0	3	3	1	1	1	1	4	4	1	1	1	2	4	4	3	3	4	4	3	3
M033306_M332_4G	0	0	4	4	2	2	1	1	4	4	0	0	4	4	1	1	0	0	2	2	2	2	0	0	3	3	3	3	3	4	3	4	2	2	1	1	0	0	2	2	4	4	2	2	3	3	4	4	1	1	2	2	2	2	3	3	0	0	3	3	3	3	2	2	4	4	3	3	2	2	0	0	1	1	4	4	2	2	4	4	0	0	1	1	1	1	1	1	1	1	1	1	1	1	4	4	2	2	2	2	4	4	2	2	1	3	4	4	2	2	3	3	2	2	1	1	3	3	1	1	1	1	1	2	3	3	1	1	0	0	2	2	2	2	4	4	4	4	1	1	1	1	0	0	4	4	1	1	1	1	3	3	1	1	2	2	2	2	4	4	4	4	4	4	2	2	3	3	4	4	0	0	3	3	1	1	1	1	4	4	1	1	2	2	4	4	3	3	4	4	3	3
M033314_M332_5G	0	0	4	4	2	2	1	1	4	4	3	3	4	4	1	1	0	0	2	2	2	2	0	0	3	3	3	3	4	4	3	3	2	2	1	1	0	0	2	2	4	4	2	2	3	3	4	4	1	1	2	4	2	2	2	2	0	0	3	3	3	3	0	0	4	4	3	3	2	2	3	3	1	1	2	4	2	2	3	3	0	0	1	1	1	1	1	1	1	1	1	3	1	1	4	4	2	2	2	4	4	4	3	3	3	3	4	4	4	2	3	3	2	2	1	1	3	3	1	1	1	1	1	1	3	3	1	1	0	0	2	2	2	2	3	4	0	0	1	1	1	1	0	0	4	4	1	3	1	1	3	3	1	1	2	2	1	2	4	4	4	4	4	4	2	2	3	3	4	4	0	0	3	3	1	1	1	1	4	4	1	1	1	2	4	4	3	3	4	4	3	3
M033322_M332_6G	0	0	4	4	2	2	1	1	4	4	3	3	4	4	1	1	0	0	2	2	2	2	0	0	3	3	3	3	3	3	3	3	2	2	4	4	0	0	2	2	4	4	2	2	3	3	4	4	1	1	2	4	2	2	2	3	0	0	3	3	3	3	2	2	4	4	3	3	2	2	3	3	1	1	4	4	2	2	4	4	0	0	1	1	1	1	1	1	1	1	1	3	1	1	4	4	2	2	2	2	4	4	3	3	1	1	4	4	0	0	3	3	2	2	1	1	3	3	1	1	1	1	2	2	3	3	1	1	0	0	2	2	2	2	4	4	4	4	1	1	1	1	0	0	4	4	1	3	1	1	3	3	1	1	2	2	2	2	4	4	4	4	4	4	2	2	3	3	4	4	0	0	3	3	1	1	1	1	4	4	1	1	1	2	4	4	3	3	4	4	3	3
M033330_M332_7G	0	0	4	4	2	2	1	1	4	4	3	3	4	4	1	1	0	0	2	2	2	2	0	0	3	3	3	3	3	3	3	3	2	2	1	1	0	0	2	2	4	4	2	2	3	3	4	4	1	1	4	4	2	2	2	2	0	0	3	3	3	3	2	2	4	4	3	3	2	2	0	0	1	1	4	4	2	2	3	4	0	0	1	1	1	1	1	1	1	1	3	3	1	1	4	4	2	2	4	4	4	4	2	2	1	1	4	4	2	2	3	3	2	2	1	1	1	3	1	1	1	1	2	2	3	3	1	1	0	0	2	2	2	2	4	4	4	4	1	1	1	1	0	0	4	4	3	3	1	1	3	3	1	1	2	2	2	2	4	4	4	4	4	4	2	2	3	3	4	4	0	0	3	3	1	1	1	1	4	4	1	1	1	1	4	4	3	3	4	4	3	3
M033338_M332_8G	0	0	2	2	2	2	0	0	3	3	3	3	2	2	3	3	0	0	2	2	4	4	0	0	1	1	1	1	3	3	3	3	1	1	1	1	0	0	2	2	1	1	4	4	4	4	2	2	1	1	2	2	2	4	3	3	0	0	3	3	3	2	1	1	4	4	3	3	1	1	3	3	2	2	4	4	1	1	4	4	0	0	3	3	1	4	3	3	3	3	3	3	2	2	3	3	2	2	4	4	1	4	2	2	3	3	1	1	2	2	1	1	1	1	3	3	1	3	2	2	2	2	1	1	1	1	3	3	0	0	4	4	2	2	3	4	2	2	1	3	3	3	0	0	2	2	3	3	4	4	3	3	3	3	4	4	2	2	1	1	2	2	2	2	3	3	3	3	1	1	0	0	2	2	3	3	3	3	2	2	1	1	2	2	2	2	1	1	2	2	0	0
M033346_M332_9G	0	0	2	4	2	4	1	1	4	4	3	4	2	4	3	3	0	0	2	2	4	4	0	0	1	3	1	3	3	4	3	3	1	2	1	1	0	0	2	2	1	4	2	4	3	4	4	2	1	1	2	4	2	2	3	3	0	0	3	3	2	2	1	2	4	4	3	3	1	2	1	3	1	2	4	4	1	2	4	4	0	0	1	3	1	4	1	3	1	3	1	3	1	2	0	0	2	4	2	4	4	4	2	3	3	3	0	0	4	2	1	3	1	2	1	3	1	1	1	2	1	2	1	1	1	3	1	3	0	0	0	0	2	2	3	4	4	2	1	1	1	3	0	0	2	4	1	3	1	4	1	3	3	3	2	4	1	2	1	1	2	4	4	2	2	3	3	3	1	4	0	0	2	3	1	3	1	3	2	4	1	1	2	2	4	2	1	1	4	2	3	4
M033354_M332_10G	0	0	2	4	2	4	1	2	0	0	3	4	2	4	3	3	0	0	2	2	4	2	0	0	1	3	1	3	3	4	3	3	1	2	1	4	0	0	2	2	1	4	2	4	3	4	4	2	1	1	2	4	2	2	2	3	0	0	3	3	3	2	1	2	4	4	3	3	1	2	1	3	1	2	4	4	1	1	3	4	0	0	3	3	1	1	1	3	1	3	1	3	1	2	3	4	2	4	2	4	4	4	2	3	1	3	1	4	2	2	1	3	1	2	3	3	1	1	1	2	1	2	1	1	1	3	1	3	0	0	0	0	2	2	0	0	4	2	1	3	1	3	0	0	2	4	1	3	1	4	1	3	1	1	2	4	2	2	1	4	2	4	4	2	2	3	3	3	1	4	0	0	2	3	1	3	1	3	2	4	1	1	2	2	4	2	3	3	4	2	3	3
M033362_M332_11G	0	0	2	2	2	2	2	2	0	0	3	4	2	2	3	3	0	0	2	2	4	4	0	0	1	1	1	1	3	3	3	3	1	1	1	1	0	0	2	2	1	1	4	4	4	4	2	2	1	2	2	2	2	4	3	3	0	0	3	3	2	2	1	1	4	4	3	3	1	1	3	3	2	2	4	4	1	2	4	4	0	0	3	3	1	1	3	3	3	3	3	3	2	2	3	3	4	4	4	4	4	4	2	2	3	3	1	1	4	2	1	1	1	1	3	3	1	1	2	2	2	2	1	1	1	1	3	3	0	0	4	4	4	2	3	4	2	2	1	3	3	3	0	0	2	2	3	3	4	4	3	3	3	3	4	4	2	2	1	1	2	2	2	2	3	3	3	3	1	1	0	0	2	2	3	3	1	3	2	2	1	1	2	2	2	2	1	1	2	2	4	4
M033370_M332_12G	0	0	4	4	2	2	1	1	4	4	3	3	4	4	3	3	0	0	2	2	2	2	0	0	3	3	3	3	4	4	3	3	2	2	1	1	0	0	2	2	4	4	2	2	3	3	4	4	1	1	4	4	2	2	2	2	0	0	3	3	3	2	2	2	4	4	3	3	2	2	1	3	1	1	4	4	2	2	3	4	0	0	1	1	1	4	1	1	1	1	1	1	1	1	4	4	2	2	2	2	4	4	2	3	3	3	4	4	2	2	3	3	2	2	1	1	1	1	1	1	1	1	1	2	3	3	1	1	0	0	2	2	2	2	4	4	4	4	1	1	1	1	0	0	4	4	1	1	1	1	1	1	0	0	2	2	2	2	1	1	4	4	4	4	2	2	3	3	4	4	0	0	3	3	1	1	1	1	4	4	1	1	2	2	4	4	3	3	4	4	3	3
M033283_M332_1H	0	0	2	2	2	2	0	0	0	0	0	0	2	2	3	3	0	0	2	2	4	4	0	0	1	1	1	1	3	3	3	3	1	1	1	1	0	0	2	2	1	1	4	4	4	4	2	2	1	1	2	2	2	2	3	3	0	0	3	3	2	2	1	1	4	4	3	3	1	1	3	3	2	2	4	4	1	2	3	4	0	0	3	3	1	4	0	0	3	3	3	3	2	2	3	3	2	4	4	4	1	4	2	2	3	3	1	1	4	2	1	1	1	1	3	3	3	3	2	2	2	2	1	1	1	1	3	3	0	0	4	4	2	2	3	3	2	2	1	1	3	3	0	0	2	2	3	3	4	4	3	3	3	3	2	4	2	2	1	1	2	2	2	2	2	3	3	3	1	1	0	0	2	2	3	3	1	3	2	2	1	1	2	2	2	2	1	1	2	2	4	4
M033291_M332_2H	0	0	4	4	2	2	1	1	4	4	3	3	4	4	1	1	0	0	2	2	2	2	0	0	3	3	3	3	4	4	3	4	2	2	1	1	0	0	2	2	4	4	2	2	3	3	4	4	1	1	2	4	2	2	2	3	0	0	3	3	3	3	2	2	4	4	3	3	2	2	3	3	1	1	2	2	2	2	3	4	0	0	1	1	1	1	1	1	0	0	1	3	1	1	4	4	2	2	4	4	4	4	3	3	3	3	4	4	0	0	3	3	2	2	1	1	3	3	1	1	1	1	1	1	3	3	1	1	0	0	2	2	2	2	4	4	4	2	1	1	1	1	0	0	4	4	1	1	1	1	3	3	1	1	2	2	2	2	4	4	4	4	4	4	2	2	3	3	4	4	0	0	3	3	1	1	1	1	4	4	1	1	2	2	4	4	3	3	4	4	3	3
M033299_M332_3H	0	0	4	4	2	2	1	1	4	4	3	3	4	4	1	1	0	0	2	2	2	2	0	0	3	3	3	3	3	3	3	3	2	2	1	1	0	0	2	2	4	4	2	2	3	3	4	4	1	1	2	4	2	2	2	3	0	0	3	3	3	3	2	2	4	4	3	3	2	2	3	3	1	1	2	4	2	2	3	4	0	0	1	1	1	4	1	1	1	1	1	3	1	1	4	4	2	2	2	2	4	4	2	3	1	1	4	4	2	2	3	3	2	2	1	1	1	3	1	1	1	1	2	2	3	3	1	1	0	0	2	2	2	2	4	4	4	4	1	1	1	1	0	0	4	4	1	3	1	1	3	3	1	1	2	2	1	2	4	4	4	4	4	4	2	2	3	3	4	4	0	0	3	3	1	1	1	1	4	4	1	1	1	2	4	4	3	3	4	4	3	3
M033307_M332_4H	0	0	4	4	2	2	1	1	4	4	3	3	4	4	1	1	0	0	2	2	2	2	0	0	3	3	3	3	3	4	3	3	2	2	1	1	0	0	2	2	4	4	2	2	3	3	4	4	1	1	2	4	2	2	2	2	0	0	3	3	3	3	2	2	4	4	3	3	2	2	3	3	1	1	4	4	2	2	4	4	0	0	1	1	1	1	1	1	1	1	3	3	1	1	4	4	2	2	2	4	4	4	2	2	1	1	4	4	2	2	3	3	2	2	1	1	3	3	1	1	1	1	1	2	3	3	1	1	0	0	2	2	2	2	4	4	4	4	1	1	1	1	0	0	4	4	3	3	1	1	1	3	1	1	2	2	1	2	1	4	4	4	4	4	2	2	3	3	4	4	0	0	3	3	1	1	1	1	4	4	1	1	1	1	4	4	3	3	4	4	3	3
M033315_M332_5H	0	0	4	4	2	2	1	1	4	4	0	0	4	4	1	1	0	0	2	2	2	2	0	0	3	3	3	3	3	4	4	4	2	2	1	1	0	0	2	2	4	4	2	2	3	3	4	4	1	1	2	4	2	2	2	3	0	0	3	3	3	3	2	2	4	4	3	3	2	2	3	3	1	1	4	4	2	2	4	4	0	0	1	3	1	1	1	1	1	1	1	3	1	1	4	4	2	2	2	4	4	4	2	2	1	3	4	4	2	2	3	3	2	2	1	1	1	3	1	1	1	1	1	2	3	3	1	1	0	0	2	2	2	2	4	4	0	0	1	1	1	1	0	0	4	4	1	3	1	1	3	3	0	0	2	2	2	2	4	4	4	4	4	4	2	2	3	3	4	4	0	0	3	3	1	1	1	1	4	4	1	1	1	1	4	4	3	3	4	4	3	3
M033323_M332_6H	0	0	4	4	2	2	1	1	4	4	3	3	4	4	1	1	0	0	2	2	2	2	0	0	3	3	3	3	3	3	3	3	2	2	1	1	0	0	2	2	4	4	2	2	3	3	4	4	1	1	4	4	2	2	2	2	0	0	3	3	3	3	2	2	4	4	3	3	2	2	3	3	1	1	2	4	2	2	4	4	0	0	1	3	1	1	1	1	1	1	3	3	1	1	4	4	2	2	2	4	4	4	2	2	1	1	0	0	0	0	3	3	2	2	1	1	1	3	1	1	1	1	2	2	3	3	1	1	0	0	2	2	2	2	4	4	4	4	1	1	1	1	0	0	4	4	3	3	1	1	3	3	1	1	2	2	2	2	4	4	4	4	4	4	2	2	3	3	4	4	0	0	3	3	1	1	1	1	4	4	1	1	1	1	4	4	3	3	4	4	3	3
M033331_M332_7H	0	0	2	4	2	2	1	1	0	0	4	4	0	0	3	3	0	0	2	2	4	2	0	0	1	3	0	0	3	4	3	3	1	2	1	1	0	0	2	2	1	4	2	4	3	4	4	2	1	1	2	4	2	2	2	3	0	0	3	3	2	2	1	2	4	4	3	3	1	2	3	3	1	2	4	4	1	2	4	4	0	0	3	3	4	4	0	0	0	0	1	3	1	2	0	0	2	4	2	4	4	4	2	2	3	3	1	4	4	2	1	3	1	1	1	3	1	3	1	2	1	2	1	1	1	3	1	3	0	0	0	0	2	2	0	0	2	2	1	1	1	3	0	0	2	4	0	0	1	4	3	3	3	3	2	4	2	2	1	1	2	4	4	2	2	3	3	3	1	4	0	0	2	3	1	3	1	3	0	0	1	3	0	0	4	2	3	3	4	2	0	0
M033339_M332_8H	0	0	2	2	2	2	2	2	0	0	3	4	2	2	3	3	0	0	2	2	4	4	0	0	1	1	1	1	3	3	3	3	1	1	1	1	0	0	2	2	1	1	4	4	4	4	2	2	1	1	2	2	2	4	3	3	0	0	3	3	2	2	1	1	4	4	3	3	1	1	3	3	2	2	4	4	1	1	4	4	0	0	3	3	1	1	3	3	3	3	3	3	2	2	3	3	4	4	4	4	4	4	2	2	3	3	1	1	2	2	1	1	1	1	3	3	1	3	2	2	2	2	1	1	1	1	3	3	0	0	4	4	2	2	0	0	2	2	1	3	3	3	0	0	2	2	3	3	4	4	3	3	3	3	4	4	2	2	1	1	2	2	2	2	3	3	3	3	1	1	0	0	2	2	3	3	3	3	2	4	1	1	1	1	2	2	1	1	2	2	4	4
M033347_M332_9H	0	0	2	2	2	4	2	2	0	0	4	4	2	2	3	3	0	0	2	2	4	4	0	0	1	1	1	1	3	3	3	3	1	1	1	1	0	0	2	2	1	1	4	4	4	4	2	2	1	1	2	2	2	2	3	3	0	0	3	3	2	2	1	1	4	4	3	3	1	1	3	3	2	2	4	4	1	1	3	4	0	0	3	3	1	4	3	3	3	3	3	3	2	2	3	3	2	4	4	4	1	4	2	2	3	3	1	1	2	2	1	1	1	1	3	3	1	3	2	2	2	2	1	1	1	1	3	3	0	0	4	4	2	2	3	3	2	2	1	1	3	3	0	0	2	2	3	3	4	4	3	3	3	3	4	4	2	2	1	1	2	2	2	2	2	3	3	3	1	1	0	0	2	2	3	3	1	3	2	2	1	3	1	2	2	2	1	1	2	2	0	0
M033355_M332_10H	0	0	2	2	2	2	2	2	0	0	0	0	2	2	3	3	0	0	2	2	4	4	0	0	1	1	1	1	3	3	3	3	1	1	1	1	0	0	0	0	1	1	4	4	4	4	2	2	1	1	2	2	2	2	3	3	0	0	3	3	2	2	1	1	4	4	3	3	1	1	3	3	2	2	4	4	1	1	3	4	0	0	0	0	1	1	3	3	3	3	3	3	2	2	3	3	4	4	4	4	4	4	0	0	3	3	1	1	2	2	1	1	1	1	3	3	1	3	2	2	2	2	1	1	1	1	3	3	0	0	4	4	2	2	0	0	2	2	1	1	3	3	0	0	2	2	0	0	4	4	3	3	3	3	4	4	1	2	1	1	2	2	2	2	2	3	3	3	1	1	0	0	2	2	3	3	1	3	2	2	3	3	1	2	2	2	1	1	2	2	4	4
M033363_M332_11H	0	0	4	4	2	2	1	1	0	0	4	4	4	4	3	3	0	0	2	2	2	2	0	0	3	3	3	3	4	4	3	3	2	2	1	4	0	0	2	2	4	4	2	2	3	3	4	4	1	1	4	4	2	2	2	2	0	0	3	3	3	2	2	2	4	4	3	3	2	2	1	3	1	1	2	4	2	2	3	4	0	0	1	3	4	4	1	1	1	1	1	3	1	1	4	4	2	2	2	2	4	4	2	3	3	3	4	4	4	2	3	3	2	2	1	3	1	1	1	1	1	1	2	2	3	3	1	1	0	0	2	2	2	2	4	4	4	2	1	1	1	1	0	0	4	4	1	1	1	1	1	3	1	1	2	2	2	2	1	4	4	4	4	4	2	2	3	3	4	4	0	0	3	3	1	1	1	1	4	4	1	1	2	2	4	4	3	3	4	4	3	3
M033371_M332_12H	0	0	2	2	2	2	1	1	0	0	3	4	2	2	3	3	0	0	2	2	4	4	0	0	1	1	1	1	3	3	3	3	1	1	1	1	0	0	2	2	1	1	4	4	4	4	2	2	2	2	2	2	2	2	3	3	0	0	3	3	2	2	1	1	4	2	3	3	1	1	3	3	2	2	4	4	1	2	4	4	0	0	3	3	1	1	3	3	3	3	3	3	2	2	3	3	2	4	4	4	4	4	2	2	3	3	1	1	4	2	1	1	1	1	3	3	1	1	2	2	2	2	1	1	1	1	3	3	0	0	0	0	2	2	3	3	2	2	1	3	3	3	0	0	2	2	3	3	4	4	3	3	3	3	4	4	2	2	1	1	2	2	2	2	3	3	3	3	1	1	0	0	2	2	3	3	3	3	2	2	1	3	1	1	2	2	1	1	2	2	3	4
