Sample_ID	OmyY1	OmyY1	R18251	R18251	R23044	R23044	R30220	R30220	R34286	R34286	R38993	R38993	SH114448	SH114448	R000200	R000200	R033859	R033859	R09768	R09768	R12730	R12730	R24463	R24463	R00586	R00586	R19198	R19198	R23330	R23330	R30355	R30355	R34385	R34385	R39365	R39365	SH121006	SH121006	R018277	R018277	R03418	R03418	R10226	R10226	R13191	R13191	R24493	R24493	R12738	R12738	R19633	R19633	R23813	R23813	R30423	R30423	R34662	R34662	R40094	R40094	SH127236	SH127236	R02551	R02551	R03924	R03924	R10530	R10530	R16543	R16543	R26255	R26255	R13730	R13730	R19731	R19731	R24068	R24068	R30589	R30589	R35324	R35324	R40152	R40152	OMS00116	OMS00116	R02676	R02676	R04143	R04143	R11238	R11238	R19868	R19868	R27050	R27050	R14225	R14225	R21285	R21285	R24273	R24273	R30678	R30678	R37205	R37205	R40252	R40252	OMS00143	OMS00143	R02783	R02783	R04203	R04203	R11353	R11353	R19948	R19948	R30551	R30551	R14383	R14383	R21330	R21330	R24370	R24370	R33010	R33010	R37229	R37229	R40319	R40319	OMS00144	OMS00144	R02785	R02785	R04760	R04760	R11790	R11790	R20353	R20353	R32124	R32124	R14511	R14511	R21561	R21561	R28680	R28680	R33411	R33411	R37560	R37560	R40342	R40342	OMS00159	OMS00159	R03042	R03042	R04944	R04944	R12528	R12528	R21023	R21023	R32692	R32692	R14589	R14589	R22570	R22570	R30015	R30015	R33562	R33562	R38346	R38346	R40580	R40580	OMS00169	OMS00169	R03306	R03306	R08985	R08985	R12611	R12611	R22488	R22488	R36639	R36639
M021516_M209_2A	0	0	2	2	2	2	2	2	3	3	4	4	0	0	3	3	0	0	2	2	0	0	0	0	1	1	1	1	3	3	3	3	1	1	1	1	1	1	2	2	1	1	4	4	4	4	2	2	1	1	2	2	2	2	3	3	0	0	3	3	3	2	1	1	4	4	3	3	1	1	3	3	2	2	4	4	1	1	4	4	3	3	3	3	1	1	3	3	3	3	3	3	2	2	3	3	4	4	0	0	1	4	2	2	3	3	1	1	2	2	1	1	0	0	3	3	3	3	2	2	2	2	1	1	1	1	3	3	0	0	4	4	2	2	3	4	2	2	1	1	3	3	0	0	2	2	3	3	4	4	3	3	3	3	4	4	1	2	1	1	2	2	2	2	0	0	3	3	1	1	0	0	2	2	3	3	3	3	2	2	1	1	1	1	2	2	1	1	2	2	3	4
M021524_M209_3A	0	0	2	2	2	4	2	2	4	4	0	0	0	0	3	3	0	0	2	2	0	0	0	0	1	1	1	1	3	3	3	3	1	1	1	1	1	1	2	2	1	1	4	4	4	4	2	2	1	1	2	2	2	4	3	3	0	0	3	3	2	2	1	1	0	0	3	3	1	1	3	3	2	2	4	4	1	1	4	4	3	3	3	3	1	4	3	3	3	3	3	3	2	2	3	3	4	4	0	0	1	1	2	2	3	3	1	1	4	2	1	1	1	2	3	3	1	1	2	2	2	2	1	1	1	1	3	3	0	0	4	4	2	2	3	4	2	2	1	3	3	3	0	0	2	2	3	3	4	4	3	3	3	3	4	4	2	2	1	1	2	2	2	2	3	3	3	3	1	1	0	0	2	2	3	3	1	3	2	2	1	1	1	2	2	2	1	1	2	2	4	4
M021604_M210_1A	0	0	2	4	2	4	1	2	4	4	0	0	0	0	3	3	0	0	2	2	0	0	0	0	1	3	1	3	3	4	3	3	1	2	1	4	1	2	2	2	1	4	2	4	3	4	4	2	1	1	2	4	2	2	2	3	0	0	3	4	3	2	1	2	4	4	3	3	1	2	1	3	1	2	4	4	1	2	3	4	0	0	1	3	1	1	1	3	0	0	1	3	1	2	3	4	2	4	0	0	1	4	2	2	3	3	1	4	2	2	1	1	1	2	1	3	1	3	1	2	1	2	1	2	1	3	1	3	0	0	2	4	2	2	0	0	4	2	1	3	1	3	0	0	2	4	1	3	1	4	3	3	3	3	4	4	2	2	1	1	2	4	4	2	2	2	3	3	1	4	0	0	2	3	1	3	1	3	2	4	1	3	1	2	0	0	3	3	4	2	3	4
M021612_M210_2A	0	0	2	4	2	2	0	0	4	4	0	0	4	4	3	3	0	0	2	2	0	0	0	0	3	3	3	3	4	4	3	3	2	2	1	1	0	0	2	2	4	4	0	0	0	0	4	4	1	1	4	4	2	2	2	3	0	0	3	3	0	0	2	2	4	4	3	3	0	0	1	3	0	0	4	4	2	2	0	0	3	3	1	1	0	0	1	1	1	1	1	3	1	1	4	4	2	2	0	0	0	0	3	3	3	3	4	4	4	2	1	1	2	2	1	1	1	1	1	1	1	1	1	1	0	0	1	1	0	0	2	2	2	2	0	0	4	4	1	1	1	1	0	0	4	4	1	1	0	0	1	3	1	1	0	0	2	2	4	4	4	4	4	4	2	2	3	3	0	0	0	0	0	0	1	1	1	1	4	4	1	1	2	2	4	4	3	3	0	0	3	3
M021620_M210_3A	0	0	2	4	2	4	1	2	3	4	4	4	0	0	3	3	0	0	2	2	0	0	0	0	0	0	1	3	3	4	3	3	1	2	1	1	1	2	2	2	1	4	2	4	3	4	4	2	1	1	2	4	2	2	2	3	0	0	3	4	3	2	1	2	4	4	3	3	1	2	1	3	1	2	4	4	1	2	3	4	3	3	1	3	1	1	1	3	1	3	3	3	2	2	3	4	2	2	0	0	1	4	2	3	3	3	1	4	4	2	1	1	1	2	1	3	1	1	1	2	1	2	1	2	1	3	1	3	0	0	2	4	2	2	3	4	4	2	1	1	1	3	0	0	2	4	1	3	1	4	3	3	3	3	2	4	2	2	1	1	2	4	4	2	2	2	3	3	1	4	0	0	2	3	1	3	1	3	4	4	1	1	0	0	4	2	3	3	4	2	3	3
M028868_ M286_2A	0	0	4	4	2	2	1	1	4	4	3	3	4	4	1	3	0	0	2	2	0	0	0	0	3	3	3	3	4	4	3	4	2	2	1	4	2	2	2	2	4	4	2	2	3	3	4	4	1	1	4	4	2	2	2	3	0	0	3	3	3	3	2	2	4	4	3	3	2	2	1	3	1	1	4	4	2	2	4	4	1	3	1	3	1	1	1	1	1	1	3	3	1	1	4	4	2	2	0	0	4	4	2	2	3	3	4	4	2	2	3	3	2	2	1	3	1	1	1	1	1	1	1	1	3	3	1	1	0	0	2	2	2	2	0	0	4	4	1	1	1	1	0	0	4	4	1	3	1	1	1	3	1	1	2	2	2	2	1	4	4	4	4	4	2	2	3	3	4	4	0	0	3	3	1	1	1	1	4	4	1	1	2	2	4	4	3	3	0	0	3	3
M028876_ M286_3A	0	0	4	4	2	2	1	2	4	4	3	3	2	4	1	1	0	0	2	2	0	0	0	0	3	3	1	3	3	4	3	3	1	2	1	1	1	2	2	2	1	4	2	4	3	4	4	2	1	1	2	4	2	2	3	3	0	0	3	3	3	3	1	2	4	4	3	3	1	2	1	3	1	2	2	4	1	2	3	3	1	3	1	3	1	1	1	3	1	3	3	3	1	2	3	4	2	4	0	0	0	0	2	3	3	3	1	4	2	2	1	3	1	2	1	3	1	1	1	2	1	2	1	1	1	3	1	3	0	0	2	4	4	2	3	4	4	2	1	1	1	3	0	0	2	4	1	3	1	4	1	3	1	3	0	0	1	2	1	4	2	4	4	2	2	3	3	3	1	4	0	0	2	3	1	3	1	1	2	4	1	1	2	2	4	2	3	3	4	2	3	3
M028956_ M287_1A	0	0	4	4	2	2	1	2	3	4	3	4	2	4	1	1	0	0	2	2	0	0	0	0	3	3	1	3	3	4	3	3	1	2	1	4	1	2	2	2	1	4	2	4	3	4	4	2	1	1	2	4	2	2	2	3	0	0	3	3	3	3	1	2	4	4	0	0	1	2	3	3	1	2	2	4	2	2	3	4	1	3	3	3	1	4	1	3	1	3	3	3	1	2	0	0	2	4	0	0	4	4	2	2	3	3	1	4	2	2	3	3	0	0	3	3	3	3	1	2	1	2	1	2	1	3	1	3	0	0	2	4	2	2	3	4	4	2	1	1	1	3	0	0	2	4	1	3	1	4	1	3	1	3	2	2	2	2	1	4	2	4	4	2	2	3	3	3	1	4	0	0	2	3	1	3	1	1	2	4	1	3	1	1	4	2	3	3	4	2	3	3
M028964_ M287_2A	0	0	2	4	2	4	0	0	3	4	0	0	0	0	1	3	0	0	0	0	0	0	0	0	1	3	1	3	0	0	3	3	1	2	1	1	1	2	2	2	1	4	0	0	0	0	4	4	1	1	2	2	2	2	0	0	0	0	3	3	3	3	1	2	4	4	3	3	1	2	0	0	1	1	2	4	2	2	3	4	3	3	1	3	0	0	0	0	0	0	3	3	1	2	0	0	2	4	0	0	4	4	0	0	3	3	1	4	2	2	3	3	0	0	3	3	1	1	1	2	0	0	1	1	0	0	0	0	0	0	2	4	2	2	3	4	4	2	0	0	1	3	0	0	2	4	1	3	1	4	1	3	0	0	2	2	2	2	0	0	0	0	0	0	2	2	3	3	0	0	0	0	3	3	1	3	1	1	4	4	1	1	2	2	0	0	3	3	0	0	0	0
M028972_ M287_3A	0	0	2	2	2	2	2	2	3	4	0	0	0	0	3	3	0	0	2	2	0	0	0	0	1	3	1	1	3	3	3	3	1	1	1	1	1	1	2	2	1	1	4	4	4	4	2	2	1	1	2	2	2	2	3	3	0	0	3	3	3	3	1	1	4	4	3	3	1	1	3	3	1	2	4	4	1	2	3	4	3	3	3	3	1	4	3	3	3	3	3	3	2	2	3	3	4	4	0	0	4	4	2	2	3	3	1	1	2	2	1	3	1	2	3	3	3	3	2	2	2	2	1	1	1	1	1	3	0	0	4	4	2	2	3	4	2	2	1	3	3	3	0	0	2	2	3	3	4	4	3	3	3	3	4	4	2	2	1	1	2	2	2	2	3	3	3	3	1	1	0	0	2	3	3	3	1	3	2	2	1	1	2	2	2	2	1	1	2	2	3	4
M021509_M209_1B	0	0	2	2	2	4	2	2	3	3	3	4	2	2	3	3	0	0	2	2	0	0	0	0	1	1	1	1	3	3	3	3	1	1	1	1	1	1	2	2	1	1	4	4	4	4	2	2	1	1	2	2	2	2	3	3	0	0	3	3	2	2	1	1	4	4	3	3	1	1	3	3	2	2	4	4	1	2	0	0	3	3	3	3	1	1	3	3	3	3	3	3	2	2	3	3	2	4	0	0	0	0	2	2	3	3	1	1	2	2	1	1	1	1	3	3	1	1	2	2	2	2	1	1	1	1	3	3	0	0	0	0	4	2	0	0	2	2	0	0	3	3	0	0	2	2	3	3	4	4	3	3	3	3	4	4	2	2	1	1	2	2	2	2	2	3	3	3	1	1	0	0	2	2	3	3	1	3	2	2	1	1	1	1	2	2	0	0	2	2	4	4
M021517_M209_2B	0	0	2	2	2	2	2	2	3	3	4	4	2	2	3	3	0	0	2	2	0	0	0	0	1	1	1	1	3	3	3	3	1	1	1	1	1	1	2	2	1	1	4	4	4	4	2	2	1	1	2	2	2	2	3	3	0	0	3	3	2	2	1	1	4	2	3	3	1	1	3	3	2	2	4	4	1	2	3	4	3	3	3	3	1	4	3	3	3	3	3	3	2	2	3	3	2	4	0	0	1	1	2	2	3	3	1	1	4	2	1	1	1	1	3	3	1	1	2	2	2	2	1	1	1	1	3	3	0	0	4	4	2	2	3	4	2	2	1	1	3	3	0	0	2	2	3	3	4	4	3	3	3	3	4	4	2	2	1	1	2	2	2	2	2	3	3	3	1	1	0	0	2	2	3	3	3	3	2	2	1	3	2	2	2	2	0	0	2	2	0	0
M021525_M209_3B	0	0	2	2	2	2	2	2	3	3	4	4	2	2	3	3	0	0	2	2	0	0	0	0	1	1	1	1	3	3	3	3	1	1	1	1	1	1	2	2	1	1	4	4	4	4	2	2	1	1	2	2	2	2	3	3	0	0	3	3	2	2	1	1	4	4	3	3	1	1	3	3	2	2	4	4	1	1	3	4	3	3	3	3	1	1	3	3	3	3	3	3	2	2	3	3	2	4	0	0	1	4	2	2	3	3	1	1	4	2	1	1	1	1	3	3	1	1	2	2	2	2	1	1	1	1	3	3	0	0	4	4	2	2	3	4	2	2	3	3	3	3	0	0	2	2	3	3	4	4	3	3	3	3	4	4	2	2	1	1	2	2	2	2	3	3	3	3	1	1	0	0	2	2	3	3	1	1	2	2	1	1	1	2	2	2	1	1	2	2	4	4
M021605_M210_1B	0	0	4	4	2	2	1	1	4	4	4	4	4	4	3	3	0	0	2	2	0	0	0	0	3	3	3	3	4	4	3	3	2	2	1	1	2	2	2	2	4	4	2	2	3	3	4	4	1	1	4	4	2	2	2	2	0	0	3	4	3	3	2	2	4	4	3	3	2	2	3	3	1	1	4	4	2	2	4	4	1	3	1	1	1	4	1	1	1	1	3	3	1	1	4	4	2	2	0	0	4	4	3	3	3	3	4	4	4	2	3	3	2	2	1	1	1	1	1	1	1	1	1	2	3	3	1	1	0	0	2	2	2	2	0	0	4	4	1	1	1	1	0	0	4	4	1	1	1	1	1	3	1	1	2	2	2	2	1	4	4	4	4	4	2	2	3	3	4	4	0	0	3	3	1	1	1	1	4	4	1	1	2	2	4	4	3	3	4	4	3	3
M021613_M210_2B	0	0	4	4	2	2	1	1	4	4	3	4	4	4	3	3	0	0	2	2	0	0	0	0	3	3	3	3	4	4	3	3	2	2	1	1	2	2	2	2	4	4	2	2	3	3	4	4	1	1	4	4	2	2	2	2	0	0	3	3	3	3	2	2	4	4	3	3	2	2	1	3	1	1	4	4	2	2	4	4	3	3	1	1	1	1	1	1	1	1	3	3	1	1	4	4	2	2	0	0	4	4	3	3	3	3	4	4	2	2	3	3	2	2	1	1	1	3	1	1	1	1	1	1	3	3	1	1	0	0	2	2	2	2	4	4	4	4	1	1	1	1	0	0	4	4	1	1	1	1	1	3	1	1	2	2	2	2	4	4	4	4	4	4	2	2	3	3	4	4	0	0	3	3	1	1	1	1	4	4	1	1	2	2	4	4	3	3	4	4	3	3
M021621_M210_3B	0	0	2	4	2	4	0	0	3	4	4	4	2	4	3	3	0	0	2	2	0	0	0	0	1	3	1	3	3	4	3	3	1	2	1	1	1	2	2	2	1	4	2	4	3	4	4	2	1	1	2	4	2	2	2	3	0	0	3	3	3	2	1	2	4	4	1	3	1	2	3	3	1	2	4	4	1	2	4	4	3	3	1	3	1	4	1	3	1	3	3	3	1	2	3	4	2	4	0	0	1	4	2	3	3	3	1	4	4	2	1	1	1	2	1	3	1	1	1	2	1	2	1	1	1	3	1	3	0	0	2	4	2	2	3	4	4	2	1	3	1	3	0	0	2	4	1	3	1	4	1	3	3	3	2	4	2	2	1	4	2	4	4	2	2	2	3	3	1	4	0	0	2	3	1	3	1	1	2	4	1	3	2	2	4	2	3	3	4	2	3	3
M028861_ M286_1B	0	0	2	4	2	2	0	0	4	4	3	3	2	2	1	3	0	0	2	2	0	0	0	0	3	3	1	1	3	3	3	3	2	2	1	1	1	1	2	2	1	1	4	4	4	4	2	2	1	1	2	2	2	2	3	3	0	0	3	3	3	2	1	1	4	4	3	3	1	1	3	3	2	2	4	4	1	1	3	3	3	3	3	3	1	4	3	3	3	3	3	3	2	2	3	3	4	4	0	0	1	4	2	2	3	3	1	1	2	2	1	1	1	1	3	3	1	3	2	2	2	2	1	1	1	1	1	3	0	0	4	4	2	2	3	3	2	2	1	1	3	3	0	0	2	2	3	3	4	4	3	3	3	3	4	4	2	2	1	1	2	2	2	2	3	3	3	3	1	1	0	0	2	2	3	3	3	3	2	2	3	3	1	1	2	2	1	1	2	2	4	4
M028869_ M286_2B	0	0	2	4	2	4	2	2	3	3	3	3	2	4	1	3	0	0	2	2	0	0	0	0	1	1	1	1	3	3	3	3	1	1	1	1	1	1	2	2	1	1	4	4	4	4	4	2	1	1	2	2	2	2	3	3	0	0	3	3	3	2	1	1	4	4	3	3	1	2	3	3	1	2	4	4	2	2	3	4	3	3	3	3	1	1	3	3	3	3	3	3	2	2	3	3	4	4	0	0	4	4	2	2	3	3	1	1	4	2	3	3	1	2	3	3	1	3	2	2	1	2	1	1	1	1	1	3	0	0	4	4	2	2	3	4	2	2	1	1	3	3	0	0	2	2	3	3	4	4	3	3	3	3	2	2	2	2	1	1	2	2	2	2	2	3	3	3	1	1	0	0	2	3	3	3	1	3	2	4	1	3	1	2	2	2	0	0	2	2	0	0
M028877_ M286_3B	0	0	4	4	2	2	1	2	4	4	3	3	2	4	1	1	0	0	2	2	0	0	0	0	3	3	1	3	3	4	3	3	1	2	1	1	1	2	2	2	1	4	2	4	3	4	4	2	1	1	2	4	2	2	3	3	0	0	3	3	3	3	1	2	4	4	3	3	1	2	1	3	1	2	2	4	1	2	3	3	1	3	1	3	1	1	1	3	1	3	3	3	1	2	3	4	2	4	0	0	4	4	2	3	3	3	1	4	2	2	1	3	1	2	1	3	1	1	1	2	1	2	1	1	1	3	1	3	0	0	2	4	4	2	3	4	4	2	1	1	1	3	0	0	2	4	1	3	1	4	1	3	1	3	0	0	1	2	1	4	2	4	4	2	2	3	3	3	1	4	0	0	2	3	1	3	1	1	2	4	1	1	2	2	4	2	3	3	4	2	3	3
M028957_ M287_1B	0	0	2	2	2	2	0	0	3	4	0	0	2	4	3	3	0	0	2	2	0	0	0	0	1	3	1	1	3	3	3	3	1	1	1	1	1	1	2	2	1	1	4	4	4	4	2	2	1	1	2	2	2	2	3	3	0	0	3	3	3	3	1	1	4	4	3	3	1	1	3	3	0	0	4	4	1	1	3	4	3	3	3	3	1	1	0	0	3	3	3	3	2	2	3	3	4	4	0	0	4	4	2	2	3	3	1	1	2	2	1	3	1	2	3	3	1	3	2	2	1	2	1	1	1	1	1	3	0	0	4	4	2	2	3	4	2	2	1	3	3	3	0	0	2	2	3	3	4	4	3	3	3	3	4	4	2	2	0	0	2	2	2	2	2	3	3	3	1	1	0	0	2	3	3	3	1	1	2	2	1	1	1	2	2	2	1	1	0	0	4	4
M028965_ M287_2B	0	0	2	2	2	4	0	0	3	4	3	4	2	2	1	3	0	0	2	2	0	0	0	0	1	3	1	1	3	3	3	3	1	1	1	1	1	1	2	2	1	1	4	4	4	4	2	2	1	1	2	2	2	2	3	3	0	0	3	3	3	2	1	1	4	4	3	3	1	1	3	3	2	2	4	4	2	2	3	4	3	3	3	3	1	4	3	3	3	3	3	3	2	2	3	3	4	4	0	0	4	4	2	2	3	3	1	1	2	2	1	1	1	1	3	3	1	3	2	2	1	2	1	1	1	1	3	3	0	0	4	4	2	2	3	4	2	2	1	1	3	3	0	0	2	2	3	3	4	4	3	3	3	3	0	0	2	2	1	1	2	2	2	2	2	3	3	3	1	1	0	0	2	2	3	3	1	3	2	2	1	1	2	2	2	2	1	1	2	2	3	3
M028973_ M287_3B	0	0	2	4	2	2	2	2	3	4	3	4	2	4	3	3	0	0	2	2	0	0	0	0	1	1	1	1	3	3	3	3	1	1	1	1	1	1	2	2	1	1	4	4	4	4	2	2	1	2	2	2	2	2	3	3	0	0	3	3	3	2	1	1	4	4	3	3	1	1	3	3	2	2	4	4	1	1	3	4	3	3	3	3	1	1	3	3	3	3	3	3	2	2	3	3	4	4	0	0	0	0	2	2	3	3	1	1	2	2	1	3	1	1	3	3	3	3	2	2	1	2	1	1	1	1	3	3	0	0	4	4	2	2	3	4	2	2	1	3	3	3	0	0	2	2	3	3	4	4	3	3	3	3	4	4	2	2	1	1	2	2	2	2	2	3	3	3	1	1	0	0	2	2	3	3	1	1	2	2	1	1	1	1	2	2	1	1	2	2	3	4
M021510_M209_1C	0	0	2	2	2	2	2	2	3	3	0	0	2	2	3	3	0	0	2	2	0	0	0	0	1	1	1	1	3	3	3	3	1	1	1	1	1	1	2	2	1	1	4	4	4	4	2	2	1	1	2	2	2	2	3	3	0	0	3	3	2	2	1	1	4	4	0	0	1	1	3	3	2	2	4	4	1	1	3	4	3	3	3	3	1	1	3	3	3	3	3	3	2	2	3	3	4	4	0	0	0	0	2	2	3	3	1	1	2	2	1	1	1	1	3	3	0	0	2	2	2	2	1	1	1	1	3	3	0	0	0	0	0	0	3	4	2	2	1	3	3	3	0	0	2	2	3	3	4	4	3	3	3	3	4	4	2	2	1	1	2	2	2	2	3	3	3	3	1	1	0	0	2	2	3	3	1	1	2	2	1	3	1	2	2	2	1	3	2	2	4	4
M021518_M209_2C	0	0	2	2	2	2	2	2	3	3	3	4	2	2	3	3	0	0	2	2	0	0	0	0	1	1	1	1	3	3	3	3	1	1	1	1	1	1	2	2	1	1	4	4	4	4	2	2	1	1	2	2	2	2	3	3	0	0	3	3	2	2	1	1	4	4	3	3	1	1	3	3	2	2	4	4	1	1	4	4	3	3	3	3	1	1	3	3	3	3	3	3	2	2	3	3	4	4	0	0	1	4	2	2	3	3	1	1	4	2	1	1	1	1	3	3	1	1	2	2	2	2	1	1	1	1	3	3	0	0	0	0	4	2	3	4	2	2	1	3	3	3	0	0	2	2	3	3	4	4	3	3	3	3	4	4	2	2	1	1	2	2	2	2	2	3	3	3	1	1	0	0	2	2	3	3	3	3	2	2	1	1	1	1	2	2	0	0	2	2	4	4
M021526_M209_3C	0	0	2	2	2	4	2	2	3	4	3	4	2	2	3	3	0	0	2	2	0	0	0	0	1	1	1	1	3	3	3	3	1	1	1	1	1	1	2	2	1	1	4	4	4	4	2	2	1	1	2	2	2	2	3	3	0	0	3	3	2	2	1	1	4	4	3	3	1	1	3	3	2	2	4	4	1	1	4	4	3	3	3	3	1	4	3	3	3	3	3	3	2	2	3	3	4	4	0	0	1	4	2	2	3	3	1	1	4	2	1	1	1	1	3	3	1	1	2	2	2	2	1	1	1	1	3	3	0	0	4	4	2	2	3	4	2	2	1	1	3	3	0	0	2	2	3	3	4	4	3	3	3	3	4	4	2	2	1	1	2	2	2	2	2	3	3	3	1	1	0	0	2	2	3	3	3	3	2	2	1	3	1	2	2	2	1	1	2	2	4	4
M021606_M210_1C	0	0	2	2	2	2	2	2	3	3	3	4	2	2	3	3	0	0	2	2	0	0	0	0	1	1	1	1	3	3	3	3	1	1	1	1	1	1	2	2	1	1	4	4	4	4	2	2	1	1	2	2	2	2	3	3	0	0	3	3	2	2	1	1	4	4	3	3	1	1	3	3	2	2	4	4	1	1	4	4	3	3	0	0	1	1	3	3	3	3	3	3	2	2	3	3	4	4	0	0	1	1	2	2	3	3	1	1	4	2	1	1	1	1	3	3	3	3	2	2	2	2	1	1	1	1	3	3	0	0	4	4	2	2	3	4	2	2	1	1	3	3	0	0	2	2	3	3	4	4	3	3	3	3	4	4	2	2	1	1	2	2	2	2	2	2	3	3	1	1	0	0	2	2	3	3	1	1	2	2	1	3	2	2	2	2	1	1	2	2	4	4
M021614_M210_2C	0	0	4	4	2	2	1	1	4	4	3	4	4	4	3	3	0	0	2	2	0	0	0	0	3	3	3	3	4	4	3	3	2	2	1	1	2	2	2	2	4	4	2	2	3	3	4	4	1	1	2	4	2	2	0	0	0	0	3	3	3	3	2	2	4	4	3	3	2	2	3	3	1	1	4	4	2	2	4	4	1	3	1	1	1	1	1	1	1	1	3	3	1	1	4	4	2	2	0	0	4	4	3	3	3	3	4	4	4	2	3	3	2	2	1	1	1	3	1	1	1	1	1	2	3	3	1	1	0	0	2	2	2	2	4	4	4	4	1	1	1	1	0	0	4	4	1	1	1	1	1	1	1	1	2	2	2	2	4	4	4	4	4	4	2	2	3	3	4	4	0	0	3	3	1	1	1	1	4	4	1	1	2	2	4	4	3	3	4	4	3	3
M021622_M210_3C	0	0	2	4	2	4	0	0	3	4	4	4	2	4	3	3	0	0	2	2	0	0	0	0	1	3	1	3	3	4	3	3	1	2	1	1	1	2	2	2	1	4	2	4	3	4	4	2	1	1	2	4	2	2	2	3	0	0	3	3	3	2	1	2	4	4	0	0	1	2	1	3	1	2	4	4	1	2	3	4	3	3	1	3	0	0	1	3	1	3	1	3	1	2	3	4	2	4	0	0	0	0	2	3	3	3	1	4	2	2	1	1	1	2	1	3	1	1	1	2	1	2	1	1	1	3	1	3	0	0	2	4	2	2	3	4	4	2	1	3	1	3	0	0	2	4	1	3	1	4	3	3	1	3	2	4	2	2	1	4	2	4	4	2	2	2	3	3	1	4	0	0	2	3	1	3	1	1	2	4	1	3	2	2	4	2	3	3	4	2	3	3
M028862_ M286_1C	0	0	2	4	2	2	1	2	4	4	3	3	2	4	1	1	0	0	2	2	0	0	0	0	1	3	1	3	3	4	3	3	1	2	1	1	1	2	2	2	1	4	2	4	3	4	4	2	1	1	2	4	2	2	3	3	0	0	3	3	3	3	1	2	4	4	3	3	1	2	3	3	1	2	2	4	1	1	3	4	3	3	1	3	1	1	1	3	1	3	3	3	1	2	3	4	2	4	0	0	1	4	2	3	3	3	1	4	2	2	1	3	1	2	3	3	1	1	1	2	1	2	1	1	1	3	1	3	0	0	2	4	2	2	3	4	4	2	1	1	1	3	0	0	2	4	1	3	1	4	3	3	3	3	2	4	2	2	1	4	2	4	4	2	2	3	3	3	1	4	0	0	2	3	1	3	1	3	2	4	1	1	1	1	4	2	3	3	4	2	3	3
M028870_ M286_2C	0	0	2	2	2	2	2	2	3	4	3	3	2	2	1	1	0	0	2	2	0	0	0	0	1	3	1	1	3	3	3	3	1	1	1	1	1	1	2	2	1	1	4	4	4	4	2	2	1	1	2	2	2	2	3	3	0	0	3	3	2	2	1	1	4	4	3	3	1	1	3	3	2	2	4	4	1	1	3	4	0	0	3	3	1	4	3	3	3	3	3	3	2	2	3	3	2	4	0	0	1	4	2	2	3	3	1	1	4	2	1	1	1	1	3	3	1	3	2	2	2	2	1	1	1	1	3	3	0	0	4	4	2	2	3	4	2	2	1	1	3	3	0	0	2	2	3	3	4	4	3	3	3	3	4	4	2	2	1	1	2	2	2	2	2	3	3	3	1	1	0	0	2	2	3	3	1	3	2	2	1	1	1	1	2	2	1	1	2	2	4	4
M028878_ M286_3C	0	0	4	4	2	2	1	1	4	4	3	4	4	4	1	1	0	0	2	2	0	0	0	0	3	3	3	3	4	4	3	3	2	2	1	1	2	2	2	2	4	4	2	2	3	3	4	4	1	1	4	4	2	2	2	3	0	0	3	3	3	3	2	2	4	4	3	3	2	2	1	3	1	1	4	4	2	2	4	4	3	3	1	1	1	1	1	1	1	1	3	3	1	1	4	4	2	2	0	0	4	4	3	3	1	3	4	4	4	2	3	3	2	2	1	1	1	3	1	1	1	1	1	1	3	3	1	1	0	0	2	2	2	2	0	0	4	4	1	1	1	1	0	0	4	4	1	1	1	1	1	1	0	0	2	2	2	2	1	1	4	4	4	4	2	2	3	3	4	4	0	0	3	3	1	1	1	1	4	4	1	1	2	2	4	4	3	3	4	4	3	3
M028958_ M287_1C	0	0	2	4	2	2	0	0	4	4	3	4	2	4	3	3	0	0	2	2	0	0	0	0	1	3	1	3	3	4	3	3	1	2	1	4	1	2	2	2	1	4	2	4	3	4	4	2	1	1	2	4	2	2	2	3	0	0	3	3	3	2	1	2	4	4	0	0	1	2	3	3	1	2	2	4	1	2	3	4	1	3	3	3	1	4	1	3	1	3	3	3	1	2	0	0	2	4	0	0	4	4	2	2	3	3	1	4	2	2	1	3	1	1	3	3	1	1	1	2	1	2	1	2	1	3	1	3	0	0	2	4	2	2	3	4	4	2	1	3	1	3	0	0	2	4	1	3	1	4	1	1	1	3	2	4	2	2	1	4	2	4	4	2	2	3	3	3	1	4	0	0	2	3	1	3	1	1	2	4	1	1	1	2	4	2	3	3	4	2	3	3
M028966_ M287_2C	0	0	2	2	2	4	2	2	3	3	3	3	2	2	3	3	0	0	2	2	0	0	0	0	1	1	1	1	3	3	3	3	1	1	1	1	1	1	2	2	1	1	4	4	4	4	2	2	1	1	2	2	2	2	3	3	0	0	3	3	2	2	1	1	4	4	3	3	1	1	3	3	2	2	4	4	1	1	3	4	3	3	3	3	1	1	3	3	3	3	3	3	2	2	3	3	4	4	0	0	4	4	2	2	3	3	1	1	2	2	1	3	1	1	3	3	3	3	2	2	1	2	1	1	1	1	3	3	0	0	4	4	2	2	3	4	2	2	1	1	3	3	0	0	2	2	3	3	4	4	3	3	3	3	4	4	2	2	1	1	2	2	2	2	2	2	3	3	1	1	0	0	2	2	3	3	1	1	2	2	1	1	1	1	2	2	1	1	2	2	0	0
M028974_ M287_3C	0	0	2	2	2	2	2	2	3	4	3	4	2	4	3	3	0	0	2	2	0	0	0	0	1	1	1	1	3	3	3	3	1	1	1	1	1	1	2	2	1	1	4	4	4	4	2	2	1	1	2	2	2	2	3	3	0	0	3	3	3	2	1	1	4	4	3	3	1	1	3	3	2	2	4	4	1	2	3	4	3	3	3	3	1	1	3	3	3	3	3	3	2	2	3	3	4	4	0	0	0	0	2	2	3	3	1	1	2	2	1	3	1	1	3	3	1	3	2	2	1	2	1	1	1	1	3	3	0	0	4	4	2	2	3	4	2	2	1	3	3	3	0	0	2	2	3	3	4	4	3	3	3	3	4	4	1	2	1	1	2	2	2	2	2	3	3	3	1	1	0	0	2	2	3	3	1	1	2	2	1	3	1	2	2	2	1	1	2	2	4	4
M021511_M209_1D	0	0	2	2	2	4	0	0	3	3	3	4	2	2	3	3	0	0	2	2	0	0	0	0	1	1	1	1	3	3	3	3	1	1	1	1	1	1	2	2	1	1	4	4	4	4	2	2	1	1	2	2	2	2	3	3	0	0	3	3	2	2	1	1	4	4	3	3	1	1	3	3	2	2	4	4	1	1	4	4	3	3	3	3	1	4	3	3	3	3	3	3	2	2	3	3	2	4	0	0	1	4	2	2	3	3	1	1	4	2	1	1	1	1	3	3	1	1	2	2	2	2	1	1	1	1	3	3	0	0	0	0	2	2	3	4	2	2	1	1	3	3	0	0	2	2	3	3	4	4	3	3	3	3	4	4	2	2	1	1	2	2	2	2	3	3	3	3	1	1	0	0	2	2	3	3	3	3	2	2	1	1	0	0	2	2	1	3	2	2	0	0
M021519_M209_2D	0	0	2	2	2	4	0	0	3	4	4	4	2	2	3	3	0	0	2	2	0	0	0	0	1	1	1	1	3	3	3	3	1	1	1	1	1	1	2	2	1	1	4	4	4	4	2	2	1	1	0	0	2	2	3	3	0	0	3	3	2	2	1	1	4	4	3	3	1	1	3	3	0	0	4	4	1	1	3	4	3	3	3	3	1	4	3	3	3	3	3	3	2	2	3	3	4	4	0	0	1	4	0	0	3	3	1	1	0	0	1	1	0	0	3	3	1	3	2	2	2	2	1	1	0	0	3	3	0	0	0	0	0	0	3	3	2	2	1	1	3	3	0	0	2	2	3	3	4	4	3	3	3	3	4	4	2	2	1	1	2	2	2	2	3	3	3	3	1	1	0	0	2	2	3	3	1	3	2	2	1	1	0	0	2	2	0	0	2	2	3	4
M021527_M209_3D	0	0	2	2	2	4	2	2	3	3	3	4	2	2	3	3	0	0	2	2	0	0	0	0	1	1	1	1	3	3	3	3	1	1	1	1	1	1	2	2	1	1	4	4	4	4	2	2	1	1	2	2	2	2	3	3	0	0	3	3	3	2	1	1	4	4	0	0	1	1	3	3	2	2	4	4	1	1	3	4	3	3	3	3	1	1	3	3	3	3	3	3	2	2	3	3	4	4	0	0	1	1	2	2	3	3	1	1	4	2	1	1	1	1	3	3	1	1	2	2	2	2	1	1	1	1	3	3	0	0	4	4	2	2	3	4	2	2	1	3	3	3	0	0	2	2	3	3	4	4	3	3	3	3	4	4	2	2	1	1	2	2	2	2	3	3	3	3	1	1	0	0	2	2	3	3	3	3	2	2	1	3	2	2	2	2	1	1	2	2	0	0
M021607_M210_1D	0	0	2	4	2	2	1	1	3	4	4	4	2	4	3	3	0	0	2	2	0	0	0	0	1	3	1	3	3	4	3	3	1	2	1	1	1	2	2	2	1	4	2	4	3	4	4	2	1	1	2	4	2	2	2	3	0	0	3	4	3	3	1	2	4	4	3	3	1	2	3	3	1	2	4	4	1	2	4	4	3	3	1	3	1	4	1	3	1	3	1	3	1	2	3	4	2	4	0	0	1	4	2	2	3	3	1	4	4	2	1	1	1	2	1	3	1	1	1	2	1	2	1	2	1	3	1	3	0	0	2	4	2	2	3	4	4	2	1	1	1	3	0	0	2	4	1	3	1	4	1	3	3	3	2	4	2	2	1	1	2	4	4	2	2	2	3	3	1	4	0	0	2	3	1	3	1	3	2	4	1	1	2	2	4	2	1	1	4	2	0	0
M021615_M210_2D	0	0	2	4	2	4	0	0	4	4	3	4	2	4	3	3	0	0	2	2	0	0	0	0	1	3	1	3	3	4	3	3	1	2	1	1	1	2	2	2	1	4	2	4	3	4	4	2	1	1	2	4	2	2	2	3	0	0	3	4	3	2	1	2	4	4	3	3	1	2	1	3	1	2	4	4	1	2	4	4	3	3	1	3	1	4	1	3	1	3	3	3	2	2	3	4	2	4	0	0	1	4	2	3	3	3	1	4	4	4	1	1	1	2	1	3	1	1	1	2	1	2	1	2	1	3	1	3	0	0	2	4	2	2	3	4	4	2	1	3	1	3	0	0	2	4	1	3	1	4	3	3	3	3	2	4	2	2	1	1	2	4	4	2	2	3	3	3	1	4	0	0	2	3	1	3	1	3	2	4	1	1	2	2	4	2	3	3	4	2	3	3
M021623_M210_3D	0	0	2	4	2	4	0	0	3	4	3	3	2	4	3	3	0	0	2	2	0	0	0	0	1	3	1	3	3	4	3	3	1	2	1	1	1	2	2	2	1	4	2	4	3	4	4	2	1	1	2	2	2	2	2	3	0	0	3	3	3	2	1	2	4	4	0	0	1	2	3	3	1	2	4	4	1	2	3	4	3	3	1	3	1	1	1	3	1	3	1	3	0	0	3	4	2	4	0	0	1	4	2	3	3	3	1	4	4	4	1	3	1	2	1	3	1	1	1	2	1	2	1	1	1	3	1	3	0	0	2	4	2	2	3	4	4	2	1	1	1	3	0	0	2	4	3	3	1	4	3	3	1	3	2	4	1	2	1	4	2	4	4	2	2	2	3	3	1	4	0	0	2	3	1	3	1	1	2	4	1	1	2	2	4	2	3	3	4	2	3	3
M028863_ M286_1D	0	0	2	4	2	2	1	1	4	4	3	3	2	4	1	1	0	0	2	2	0	0	0	0	3	3	1	3	3	4	3	4	2	2	1	1	1	2	2	2	1	4	2	4	3	4	4	2	1	1	2	4	2	2	3	3	0	0	3	3	3	2	1	2	4	4	3	3	1	2	1	3	1	2	4	4	1	2	3	4	3	3	1	3	1	1	1	3	1	3	3	3	1	2	3	4	2	4	0	0	4	4	2	2	3	3	1	4	2	2	1	3	1	2	1	3	1	3	1	2	1	2	1	1	1	3	1	3	0	0	2	4	2	2	3	4	4	2	1	1	1	3	0	0	2	4	1	3	1	4	3	3	3	3	0	0	1	2	1	4	2	4	4	2	2	3	3	3	1	4	0	0	2	3	1	3	1	3	2	4	1	3	1	1	4	2	3	3	4	2	3	3
M028871_ M286_2D	0	0	2	4	2	2	0	0	4	4	3	4	2	4	1	3	0	0	2	2	0	0	0	0	1	3	1	3	3	3	3	3	1	2	1	1	1	2	2	2	1	4	2	4	3	4	4	2	1	1	2	4	2	2	2	3	0	0	3	3	3	2	1	1	4	4	3	3	1	2	3	3	1	2	4	4	1	2	4	4	3	3	1	3	1	1	1	3	1	3	1	3	1	2	3	4	2	2	0	0	4	4	2	3	3	3	1	4	4	2	1	3	1	2	1	3	1	3	1	2	1	2	1	2	1	3	1	3	0	0	4	4	2	2	3	4	4	2	1	3	1	3	0	0	2	4	1	3	1	4	1	3	3	3	0	0	2	2	1	1	2	4	4	2	2	3	3	3	1	4	0	0	2	3	1	3	1	1	2	4	1	1	2	2	4	2	1	1	4	2	3	3
M028879_ M286_3D	0	0	2	4	2	4	1	2	4	4	3	3	2	4	1	3	0	0	2	2	0	0	0	0	1	3	1	3	3	3	3	3	1	2	1	1	1	2	2	2	1	4	2	4	3	4	4	2	1	1	2	4	2	2	2	3	0	0	3	3	3	2	1	2	4	4	3	3	1	2	3	3	1	2	2	4	1	1	3	4	3	3	1	3	1	4	1	3	1	3	3	3	1	2	3	4	2	4	0	0	4	4	2	3	1	3	1	4	4	2	1	3	1	2	3	3	3	3	1	2	1	2	1	1	1	3	1	3	0	0	2	4	4	2	3	4	4	2	1	1	1	3	0	0	2	4	3	3	1	4	3	3	1	3	2	4	2	2	1	4	2	4	4	2	2	3	3	3	1	4	0	0	2	3	1	3	1	1	2	4	1	1	2	2	4	2	3	3	4	2	3	3
M028959_ M287_1D	0	0	2	2	2	2	2	2	3	3	3	3	2	2	1	3	0	0	2	2	0	0	0	0	1	1	1	1	3	3	3	3	1	1	1	1	1	2	2	2	1	1	4	4	4	4	2	2	1	1	2	2	2	2	3	3	0	0	3	3	2	2	1	1	4	4	3	3	1	1	3	3	0	0	4	4	1	2	3	4	3	3	3	3	4	4	3	3	3	3	3	3	2	2	3	3	4	4	0	0	1	4	2	2	3	3	1	1	2	2	1	1	1	2	3	3	1	1	2	2	2	2	1	1	1	1	1	3	0	0	4	4	2	2	3	4	2	2	1	1	3	3	0	0	2	2	3	3	4	4	3	3	3	3	4	4	2	2	1	1	2	2	2	2	3	3	3	3	1	1	0	0	2	3	3	3	1	3	2	4	1	1	1	1	2	2	1	1	2	2	3	3
M028967_ M287_2D	0	0	2	4	2	4	2	2	3	4	3	3	0	0	3	3	0	0	2	2	0	0	0	0	1	1	1	1	3	3	3	3	1	2	1	1	1	1	2	2	1	1	4	4	4	4	2	2	1	1	2	2	2	2	3	3	0	0	3	3	3	2	1	1	4	4	3	3	1	1	3	3	2	2	4	4	1	1	3	4	3	3	3	3	1	1	3	3	3	3	3	3	2	2	3	3	4	4	0	0	1	4	2	2	3	3	1	1	2	2	1	1	1	1	3	3	3	3	2	2	2	2	1	1	1	1	3	3	0	0	4	4	2	2	3	4	2	2	1	1	3	3	0	0	2	2	3	3	4	4	3	3	3	3	4	4	1	2	1	1	2	2	2	2	2	3	3	3	1	1	0	0	2	2	3	3	1	1	2	4	1	1	0	0	2	2	1	1	2	2	3	4
M028975_ M287_3D	0	0	2	4	2	4	0	0	3	4	3	4	2	4	3	3	0	0	2	2	0	0	0	0	1	3	1	3	3	4	3	3	1	2	1	1	1	2	2	2	1	4	2	4	3	4	4	2	1	1	2	4	2	2	2	3	0	0	3	3	3	2	1	2	4	4	3	3	1	2	1	3	1	2	2	4	1	1	3	4	1	3	1	3	0	0	1	3	3	3	3	3	1	2	3	4	2	4	0	0	0	0	2	3	3	3	1	4	2	2	1	3	1	2	3	3	3	3	1	2	1	2	1	1	1	3	1	1	0	0	2	4	2	2	3	4	4	2	1	1	1	3	0	0	2	4	1	3	1	4	1	3	1	3	2	4	0	0	1	4	2	4	4	2	2	2	3	3	1	4	0	0	2	3	1	3	1	1	2	4	1	3	1	2	4	2	3	3	4	2	3	3
M021512_M209_1E	0	0	2	4	2	2	0	0	3	4	4	4	0	0	1	3	0	0	2	2	0	0	0	0	1	3	1	3	3	4	3	3	1	2	1	1	1	2	2	2	1	4	2	4	3	4	4	2	1	1	2	4	2	2	2	3	0	0	3	4	3	2	1	2	4	4	3	3	1	2	3	3	1	2	4	4	1	2	4	4	3	3	1	3	1	4	1	3	1	3	1	3	2	2	3	4	2	4	0	0	1	1	2	2	3	3	1	4	2	2	1	3	1	2	1	3	1	3	1	2	1	2	1	2	1	3	1	3	0	0	2	4	2	2	3	4	4	2	1	1	1	3	0	0	2	4	1	3	1	4	3	3	3	3	2	4	2	2	1	1	2	4	4	2	2	2	3	3	1	4	0	0	2	3	1	3	1	3	2	4	1	1	1	1	4	2	3	3	4	2	0	0
M021520_M209_2E	0	0	2	2	2	4	2	2	3	3	4	4	2	2	3	3	0	0	2	2	0	0	0	0	1	1	1	1	3	3	3	3	1	1	1	1	1	1	2	2	1	1	4	4	4	4	2	2	1	1	2	2	2	2	3	3	0	0	3	3	2	2	1	1	4	4	0	0	1	1	3	3	2	2	4	4	1	1	3	4	3	3	3	3	1	1	3	3	3	3	3	3	2	2	3	3	2	4	0	0	1	4	2	2	3	3	1	1	4	2	1	1	1	1	3	3	1	1	2	2	2	2	1	1	1	1	3	3	0	0	0	0	2	2	3	4	2	2	1	3	3	3	0	0	2	2	3	3	4	4	3	3	3	3	4	4	2	2	1	1	2	2	2	2	2	3	3	3	1	1	0	0	2	2	3	3	1	3	2	2	1	1	2	2	2	2	0	0	2	2	0	0
M021528_M209_3E	0	0	2	2	2	4	2	2	3	3	4	4	0	0	3	3	0	0	2	2	0	0	0	0	1	1	1	1	3	3	3	3	1	1	1	1	1	1	2	2	1	1	4	4	4	4	2	2	1	1	2	2	2	2	3	3	0	0	3	3	2	2	1	1	4	4	3	3	1	1	3	3	2	2	4	4	1	1	3	4	3	3	3	3	1	4	3	3	3	3	3	3	2	2	3	3	2	4	0	0	1	1	2	2	3	3	1	1	2	2	1	1	1	1	3	3	1	3	2	2	2	2	1	1	1	1	3	3	0	0	0	0	2	2	3	4	2	2	1	1	3	3	0	0	2	2	3	3	4	4	3	3	3	3	4	4	2	2	1	1	2	2	2	2	3	3	3	3	1	1	0	0	2	2	3	3	1	3	2	2	1	3	1	2	2	2	1	1	2	2	4	4
M021608_M210_1E	0	0	2	4	2	4	1	2	4	4	0	0	2	4	3	3	0	0	2	2	0	0	0	0	1	3	1	3	3	4	3	3	1	2	1	1	1	2	2	2	1	4	2	4	3	4	4	2	1	1	2	4	2	2	2	3	0	0	3	3	3	3	1	2	4	4	3	3	1	2	3	3	1	2	4	4	1	2	3	4	3	3	1	3	1	1	0	0	0	0	3	3	1	2	3	4	2	2	0	0	1	4	2	3	3	3	1	4	2	2	1	1	1	2	1	3	1	3	1	2	1	2	1	1	1	3	1	3	0	0	2	4	2	2	0	0	4	2	1	1	1	3	0	0	2	4	1	3	1	4	3	3	1	3	2	4	2	2	1	4	2	4	4	2	2	3	3	3	1	4	0	0	2	3	1	3	1	1	2	4	1	1	1	2	4	2	3	3	4	2	3	3
M021616_M210_2E	0	0	4	4	2	2	1	1	4	4	4	4	4	4	3	3	0	0	2	2	0	0	0	0	3	3	3	3	4	4	3	3	2	2	1	1	2	2	2	2	4	4	2	2	3	3	4	4	1	1	2	4	2	2	0	0	0	0	3	3	3	3	2	2	4	4	0	0	2	2	1	3	1	1	4	4	2	2	4	4	3	3	1	1	1	1	1	1	1	1	1	3	1	1	4	4	2	2	0	0	4	4	3	3	3	3	4	4	4	2	3	3	2	2	1	1	1	3	1	1	1	1	1	1	3	3	1	1	0	0	2	2	2	2	0	0	4	4	1	1	1	1	0	0	4	4	1	3	1	1	1	3	1	1	2	2	2	2	4	4	4	4	4	4	2	2	3	3	4	4	0	0	3	3	1	1	1	1	4	4	1	1	2	2	4	4	3	3	4	4	3	3
M021624_M210_3E	0	0	4	4	2	2	1	1	4	4	4	4	4	4	3	3	0	0	2	2	0	0	0	0	3	3	3	3	4	4	3	3	2	2	1	1	2	2	2	2	4	4	2	2	3	3	4	4	1	1	4	4	2	2	0	0	0	0	3	3	3	3	2	2	4	4	3	3	2	2	1	3	1	1	4	4	2	2	4	4	3	3	1	1	1	1	1	1	1	1	3	3	1	1	4	4	2	2	0	0	4	4	3	3	3	3	4	4	4	2	3	3	2	2	1	1	3	3	1	1	1	1	1	1	3	3	1	1	0	0	2	2	2	2	0	0	4	4	1	1	1	1	0	0	4	4	1	1	1	1	3	3	1	1	2	2	2	2	4	4	4	4	4	4	2	2	3	3	4	4	0	0	3	3	1	1	1	1	4	4	1	1	2	2	4	4	3	3	4	4	3	3
M028864_ M286_1E	0	0	4	4	2	2	1	1	4	4	3	4	4	4	1	3	0	0	2	2	0	0	0	0	3	3	3	3	4	4	3	3	2	2	1	4	2	2	2	2	4	4	2	2	3	3	4	4	1	1	2	4	2	2	2	2	0	0	3	3	3	3	2	2	4	4	3	3	2	2	3	3	1	1	4	4	2	2	3	4	1	3	1	1	1	1	1	1	1	1	1	1	0	0	4	4	2	2	0	0	4	4	2	3	3	3	4	4	2	2	3	3	2	2	1	1	1	3	1	1	1	1	1	2	3	3	1	1	0	0	2	2	2	2	4	4	4	4	1	1	1	1	0	0	4	4	1	1	1	1	1	1	1	1	2	2	2	2	4	4	4	4	4	4	2	2	3	3	4	4	0	0	3	3	1	1	1	1	4	4	1	1	2	2	4	4	3	3	4	4	3	3
M028872_ M286_2E	0	0	4	4	2	2	1	1	4	4	3	3	4	4	1	1	0	0	2	2	0	0	0	0	3	3	3	3	4	4	4	4	2	2	1	1	2	2	2	2	4	4	2	2	3	3	4	4	1	1	4	4	2	2	2	3	0	0	3	3	3	3	2	2	4	4	3	3	2	2	3	3	1	1	4	4	2	2	3	3	3	3	1	1	1	4	1	1	1	1	3	3	1	1	4	4	2	2	0	0	4	4	2	2	1	3	4	4	2	2	3	3	2	2	1	1	3	3	1	1	1	1	1	1	3	3	1	1	0	0	2	2	2	2	4	4	4	4	1	1	1	1	0	0	4	4	1	3	1	1	3	3	1	1	2	2	1	2	1	1	4	4	4	4	2	2	3	3	4	4	0	0	3	3	1	1	1	1	4	4	1	1	2	2	4	4	3	3	4	4	3	3
M028880_ M286_3E	0	0	4	4	2	2	1	1	4	4	3	4	4	4	1	3	0	0	2	2	0	0	0	0	3	3	3	3	4	4	3	3	2	2	1	1	2	2	2	2	4	4	2	2	3	3	4	4	1	1	2	4	2	2	3	3	0	0	3	3	3	3	2	2	4	4	3	3	2	2	0	0	1	1	4	4	2	2	4	4	1	3	1	3	1	1	1	1	1	1	1	1	1	2	4	4	2	2	0	0	4	4	2	3	1	3	4	4	2	2	3	3	2	2	1	1	3	3	1	1	1	1	1	2	3	3	1	1	0	0	2	2	2	2	3	4	4	4	1	1	1	1	0	0	4	4	1	1	1	1	1	1	0	0	2	2	2	2	1	4	4	4	4	4	2	2	3	3	4	4	0	0	3	3	1	1	1	1	4	4	1	1	1	2	4	4	3	3	0	0	3	3
M028960_ M287_1E	0	0	0	0	0	0	0	0	0	0	0	0	0	0	0	0	0	0	0	0	0	0	0	0	0	0	0	0	0	0	0	0	0	0	0	0	0	0	0	0	1	1	0	0	0	0	2	2	1	1	0	0	0	0	0	0	0	0	0	0	0	0	0	0	0	0	0	0	0	0	0	0	0	0	4	4	0	0	0	0	0	0	0	0	0	0	0	0	0	0	0	0	0	0	0	0	0	0	0	0	0	0	0	0	0	0	0	0	0	0	0	0	0	0	0	0	0	0	0	0	0	0	0	0	0	0	0	0	0	0	4	4	0	0	0	0	0	0	0	0	0	0	0	0	0	0	0	0	0	0	0	0	0	0	0	0	0	0	0	0	0	0	0	0	0	0	0	0	0	0	0	0	0	0	0	0	0	0	0	0	0	0	0	0	0	0	0	0	0	0	0	0
M028968_ M287_2E	0	0	2	2	2	2	2	2	3	3	3	3	2	4	1	3	0	0	2	2	0	0	0	0	1	3	1	1	3	3	3	3	1	2	1	1	1	1	2	2	1	1	4	4	4	4	2	2	1	1	2	2	2	2	3	3	0	0	3	3	3	2	1	1	4	4	3	3	1	1	3	3	2	2	4	4	1	1	3	3	3	3	3	3	1	1	3	3	3	3	3	3	2	2	3	3	2	4	0	0	4	4	2	2	3	3	1	1	4	2	3	3	1	2	3	3	3	3	2	2	1	2	1	1	1	1	1	3	0	0	4	4	2	2	3	4	2	2	1	1	3	3	0	0	2	2	3	3	4	4	3	3	3	3	4	4	2	2	1	1	2	2	2	2	2	2	3	3	1	1	0	0	2	3	3	3	1	1	2	4	1	1	1	1	2	2	1	1	2	2	3	4
M028976_ M287_3E	0	0	2	2	2	2	2	2	3	3	3	3	2	4	3	3	0	0	2	2	0	0	0	0	1	3	1	1	3	3	3	3	1	1	1	1	1	1	2	2	1	1	4	4	4	4	2	2	1	1	2	2	2	2	3	3	0	0	3	3	3	2	1	1	4	4	3	3	1	1	3	3	2	2	4	4	1	2	3	3	3	3	3	3	1	4	3	3	3	3	3	3	2	2	3	3	4	4	0	0	1	4	2	2	3	3	1	1	2	2	1	3	1	2	3	3	1	3	2	2	2	2	1	1	1	1	1	3	0	0	0	0	2	2	3	4	2	2	1	1	3	3	0	0	2	2	3	3	4	4	3	3	3	3	4	4	2	2	1	1	2	2	2	2	3	3	3	3	1	1	0	0	2	3	3	3	1	3	2	2	1	1	2	2	2	2	1	3	2	2	3	4
M021513_M209_1F	0	0	2	2	2	2	0	0	3	3	4	4	2	2	3	3	0	0	2	2	0	0	0	0	1	1	1	1	3	3	3	3	1	1	1	1	1	1	2	2	1	1	4	4	4	4	2	2	1	1	2	2	2	4	3	3	0	0	3	3	2	2	1	1	4	4	3	3	1	1	3	3	2	2	4	4	1	1	3	3	3	3	3	3	1	1	3	3	3	3	3	3	2	2	3	3	4	4	0	0	1	4	2	2	3	3	1	1	2	2	1	1	1	1	3	3	1	1	2	2	2	2	1	1	1	1	3	3	0	0	4	4	2	2	0	0	2	2	1	1	3	3	0	0	2	2	3	3	4	4	3	3	3	3	4	4	2	2	1	1	2	2	2	2	3	3	3	3	1	1	0	0	2	2	3	3	1	3	2	2	1	3	1	1	2	2	0	0	2	2	0	0
M021521_M209_2F	0	0	2	4	2	2	1	1	3	4	3	4	2	4	3	3	0	0	2	2	0	0	0	0	1	3	1	3	3	4	3	3	1	2	1	1	1	2	2	2	1	4	2	4	3	4	4	2	1	1	2	4	2	2	2	3	0	0	3	3	3	2	1	2	4	4	3	3	1	2	3	3	1	2	4	4	1	2	3	4	3	3	1	3	1	1	1	3	1	3	1	3	2	2	3	4	2	2	0	0	1	1	2	3	3	3	1	4	4	2	1	1	1	2	1	3	1	1	1	2	1	2	1	2	1	3	1	3	0	0	2	4	2	2	3	4	4	2	1	1	1	3	0	0	2	4	1	3	1	4	1	3	3	3	2	4	2	2	1	1	2	4	4	2	2	3	3	3	1	4	0	0	2	3	1	3	1	3	2	4	1	1	1	2	4	2	1	3	4	2	3	3
M021529_M209_3F	0	0	2	2	2	2	2	2	3	3	4	4	2	2	3	3	0	0	2	2	0	0	0	0	1	1	1	1	3	3	3	3	1	1	1	1	1	1	2	2	1	1	4	4	4	4	2	2	1	1	2	2	2	2	3	3	0	0	3	3	2	2	1	1	4	4	3	3	1	1	3	3	2	2	4	4	1	1	3	3	3	3	3	3	1	4	3	3	3	3	3	3	2	2	3	3	4	4	0	0	1	1	2	2	3	3	1	1	4	2	1	1	1	1	3	3	1	3	2	2	2	2	1	1	1	1	3	3	0	0	4	4	2	2	3	4	2	2	1	1	3	3	0	0	2	2	3	3	4	4	3	3	3	3	4	4	1	2	1	1	2	2	2	2	3	3	3	3	1	1	0	0	2	2	3	3	3	3	2	2	1	1	2	2	2	2	0	0	2	2	4	4
M021609_M210_1F	0	0	4	4	2	2	0	0	4	4	4	4	4	4	3	3	0	0	2	2	0	0	0	0	3	3	3	3	4	4	3	3	2	2	1	1	2	2	2	2	4	4	2	2	3	3	4	4	1	1	4	4	2	2	2	2	0	0	3	3	3	3	2	2	4	4	3	3	2	2	3	3	1	1	4	4	2	2	4	4	3	3	1	1	1	1	1	1	1	1	3	3	1	1	4	4	2	2	0	0	4	4	3	3	3	3	4	4	2	2	3	3	2	2	1	1	1	1	1	1	1	1	1	1	3	3	1	1	0	0	2	2	2	2	0	0	4	4	1	1	1	1	0	0	4	4	1	1	1	1	1	1	1	1	2	2	2	2	4	4	4	4	4	4	2	2	3	3	4	4	0	0	3	3	1	1	1	1	4	4	1	1	2	2	4	4	3	3	4	4	3	3
M021617_M210_2F	0	0	0	0	2	2	0	0	3	4	3	4	2	4	3	3	0	0	2	2	0	0	0	0	1	3	1	3	3	4	3	3	1	2	1	1	1	2	2	2	1	4	2	4	3	4	4	2	1	1	2	4	2	2	2	3	0	0	3	4	3	3	1	2	4	2	3	3	1	2	3	3	1	2	4	4	1	2	4	4	1	3	1	3	1	4	1	3	1	3	3	3	1	2	3	4	2	4	0	0	1	4	2	3	3	3	1	4	2	2	1	1	1	2	1	3	1	3	1	2	1	2	1	2	1	3	1	3	0	0	2	4	2	2	3	4	4	2	1	1	1	3	0	0	2	4	1	3	1	4	3	3	3	3	2	4	2	2	1	1	2	4	4	2	2	3	3	3	1	4	0	0	2	3	1	3	1	1	2	4	1	1	2	2	4	2	3	3	4	2	3	3
M021625_M210_3F	0	0	4	4	2	2	1	1	4	4	3	4	4	4	3	3	0	0	2	2	0	0	0	0	3	3	3	3	4	4	3	3	2	2	1	1	2	2	2	2	4	4	0	0	3	3	4	4	1	1	2	4	2	2	0	0	0	0	3	3	3	3	2	2	4	4	3	3	2	2	3	3	0	0	4	4	2	2	4	4	3	3	1	1	1	4	1	1	1	1	3	3	1	1	4	4	2	2	0	0	0	0	3	3	3	3	4	4	0	0	0	0	2	2	1	1	1	1	1	1	1	1	1	1	3	3	1	1	0	0	2	2	2	2	0	0	4	4	1	1	1	1	0	0	4	4	1	1	1	1	3	3	1	1	2	2	2	2	4	4	4	4	4	4	2	2	3	3	4	4	0	0	3	3	1	1	1	1	4	4	1	1	1	2	4	4	3	3	4	4	3	3
M028865_ M286_1F	0	0	2	4	2	2	1	2	4	4	3	3	2	4	1	1	0	0	2	2	0	0	0	0	1	3	1	3	3	4	3	3	1	2	1	1	1	2	2	2	1	4	2	4	3	4	4	2	1	1	2	4	2	2	3	3	0	0	3	3	3	3	1	2	4	4	3	3	1	2	3	3	1	2	2	4	1	2	3	4	1	3	1	3	1	1	1	3	1	3	3	3	1	2	3	4	2	4	0	0	1	4	2	2	3	3	1	4	2	2	1	3	1	2	1	3	1	3	1	2	1	2	1	1	1	3	1	3	0	0	2	4	2	2	3	4	4	2	1	1	1	3	0	0	2	4	1	3	1	4	1	3	1	3	2	4	2	2	1	1	2	4	4	2	2	3	3	3	1	4	0	0	2	3	1	3	1	3	2	4	1	1	1	2	4	2	3	3	4	2	3	3
M028873_ M286_2F	0	0	4	4	2	2	1	1	4	4	3	3	4	4	1	1	0	0	2	2	0	0	0	0	3	3	3	3	4	4	3	4	2	2	1	1	2	2	2	2	4	4	2	2	3	3	4	4	1	1	4	4	2	2	2	3	0	0	3	3	3	3	2	2	4	2	3	3	2	2	3	3	1	1	4	4	2	2	3	4	3	3	1	3	1	1	1	1	1	1	3	3	1	1	4	4	2	2	0	0	0	0	2	2	1	3	4	4	2	2	3	3	2	2	1	1	3	3	1	1	1	1	1	1	3	3	1	1	0	0	2	2	2	2	4	4	4	4	1	1	1	1	0	0	4	4	1	1	1	1	3	3	0	0	2	2	2	2	1	4	4	4	4	4	2	2	3	3	4	4	0	0	3	3	1	1	1	1	4	4	1	1	2	2	4	4	3	3	4	4	3	3
M028881_ M286_3F	0	0	2	4	2	4	2	2	3	4	3	3	2	2	3	3	0	0	2	2	0	0	0	0	1	3	1	1	3	3	3	3	1	1	1	1	1	1	2	2	1	1	4	4	4	4	2	2	1	2	2	2	2	2	3	3	0	0	3	3	3	2	1	1	4	4	3	3	1	1	3	3	1	2	4	4	2	2	3	4	3	3	1	3	1	4	3	3	3	3	3	3	2	2	3	3	4	4	0	0	4	4	2	2	3	3	1	1	4	2	1	1	1	2	3	3	1	3	2	2	2	2	1	1	1	1	1	3	0	0	4	4	2	2	3	4	2	2	1	1	3	3	0	0	2	2	3	3	4	4	3	3	3	3	2	2	1	2	1	1	2	2	2	2	3	3	3	3	1	1	0	0	2	3	3	3	1	3	2	2	3	3	1	1	2	2	1	1	2	2	4	4
M028961_ M287_1F	0	0	2	4	2	4	0	0	3	4	3	3	2	4	3	3	0	0	2	2	0	0	0	0	1	3	1	3	3	4	3	3	1	2	1	1	1	2	2	2	1	4	2	4	3	4	4	2	1	1	2	4	2	2	2	3	0	0	3	3	3	2	1	2	4	4	0	0	1	2	1	3	1	1	2	4	2	2	3	3	1	3	1	3	1	4	1	3	1	3	3	3	1	2	3	4	2	4	0	0	4	4	2	3	3	3	1	4	2	2	1	3	2	2	3	3	3	3	1	2	1	1	1	1	1	3	1	1	0	0	2	4	2	2	3	4	4	2	1	1	1	3	0	0	2	4	1	3	1	4	1	3	1	3	2	2	2	2	1	4	2	4	4	2	2	2	3	3	1	4	0	0	3	3	1	3	1	1	2	4	1	1	2	2	4	2	3	3	4	2	3	3
M028969_ M287_2F	0	0	2	4	2	2	2	2	3	3	3	3	4	4	3	3	0	0	2	2	0	0	0	0	1	1	1	1	3	3	3	3	1	2	1	1	1	1	2	2	1	1	4	4	4	4	4	2	1	1	2	2	2	2	3	3	0	0	3	3	3	2	1	1	4	4	3	3	1	1	3	3	1	2	4	4	1	2	3	3	3	3	3	3	1	1	3	3	3	3	3	3	2	2	3	3	4	4	0	0	4	4	2	2	3	3	1	1	2	2	1	3	2	2	3	3	3	3	2	2	1	2	1	1	1	1	1	1	0	0	4	4	2	2	3	4	2	2	1	1	3	3	0	0	2	2	3	3	4	4	3	3	3	3	4	4	2	2	1	1	2	2	2	2	2	3	3	3	1	1	0	0	3	3	3	3	1	3	2	4	1	3	1	2	2	2	1	1	2	2	3	3
M028977_ M287_3F	0	0	2	2	2	2	2	2	3	3	4	4	2	4	3	3	0	0	2	2	0	0	0	0	1	3	1	1	3	3	3	3	1	2	1	1	1	1	2	2	1	1	4	4	4	4	2	2	1	1	2	2	2	2	3	3	0	0	3	3	3	2	1	1	4	4	3	3	1	1	3	3	2	2	4	4	1	1	3	3	3	3	3	3	1	4	3	3	3	3	3	3	2	2	3	3	2	4	0	0	4	4	2	2	3	3	1	1	2	2	1	3	1	2	3	3	3	3	2	2	1	2	1	1	1	1	1	3	0	0	4	4	2	2	3	4	2	2	1	1	3	3	0	0	2	2	3	3	4	4	3	3	3	3	4	4	2	2	1	1	2	2	2	2	2	2	3	3	1	1	0	0	2	3	3	3	1	1	2	4	1	1	1	1	2	2	0	0	2	2	3	4
M021514_M209_1G	0	0	2	4	2	2	0	0	3	3	3	4	2	4	3	3	0	0	2	2	0	0	0	0	1	3	1	3	3	4	3	3	1	2	1	4	1	2	2	2	1	4	2	4	3	4	4	2	1	1	2	4	2	2	2	3	0	0	3	3	3	2	1	2	4	4	0	0	1	2	1	3	1	2	4	4	1	2	3	4	1	3	3	3	1	1	1	3	1	3	1	3	1	2	3	4	2	4	0	0	1	4	2	2	1	3	1	4	4	2	1	3	1	2	3	3	1	3	1	2	1	2	1	1	1	3	1	3	0	0	2	4	2	2	3	4	4	2	1	3	1	3	0	0	2	4	1	3	1	4	1	3	1	3	2	4	2	2	1	4	2	4	4	2	2	3	3	3	1	4	0	0	2	3	1	3	1	1	2	4	1	1	2	2	4	2	3	3	4	2	3	3
M021522_M209_2G	0	0	2	4	2	2	1	2	4	4	3	3	2	4	3	3	0	0	2	2	0	0	0	0	1	3	1	3	3	4	3	3	1	2	1	1	1	2	2	2	1	4	2	4	3	4	4	2	1	1	2	2	2	2	2	3	0	0	3	3	3	3	1	2	4	4	3	3	1	2	3	3	1	2	4	4	1	2	4	4	3	3	1	3	1	1	1	3	1	3	3	3	1	2	3	4	2	4	0	0	1	4	2	3	3	3	1	4	4	4	1	1	1	2	1	3	3	3	1	2	1	2	1	1	1	3	1	3	0	0	2	4	2	2	3	4	4	2	1	1	1	3	0	0	2	4	1	3	1	4	1	3	3	3	2	4	2	2	1	4	2	4	4	2	2	2	3	3	1	4	0	0	2	3	1	3	1	3	2	4	1	1	2	2	4	2	3	3	4	2	3	3
M021530_M209_3G	0	0	2	2	2	2	2	2	3	3	3	4	2	2	3	3	0	0	2	2	0	0	0	0	1	1	1	1	3	3	3	3	1	1	1	1	1	1	2	2	1	1	4	4	4	4	2	2	1	1	2	2	2	2	3	3	0	0	3	3	2	2	1	1	4	4	3	3	1	1	3	3	2	2	4	4	1	1	3	4	3	3	3	3	1	1	3	3	3	3	3	3	2	2	3	3	2	4	0	0	1	4	2	2	3	3	1	1	2	2	1	1	1	1	3	3	1	1	2	2	2	2	1	1	1	1	3	3	0	0	4	4	2	2	3	4	2	2	1	1	3	3	0	0	2	2	3	3	4	4	3	3	3	3	4	4	2	2	1	1	2	2	2	2	2	3	3	3	1	1	0	0	2	2	3	3	1	3	2	2	1	1	1	1	2	2	1	1	2	2	4	4
M021610_M210_1G	0	0	2	4	2	2	1	2	3	4	3	4	2	4	3	3	0	0	2	2	0	0	0	0	1	3	1	3	3	4	3	3	1	2	1	1	1	2	2	2	1	4	2	4	3	4	4	2	1	1	2	4	2	2	2	3	0	0	3	3	3	2	1	2	4	4	3	3	1	2	1	3	1	2	4	4	1	2	4	4	3	3	1	3	1	1	1	3	1	3	3	3	1	2	3	4	2	4	0	0	0	0	2	3	3	3	1	4	2	2	1	1	1	2	1	3	1	3	1	2	1	2	1	1	1	3	1	3	0	0	2	4	2	2	3	4	4	2	1	1	1	3	0	0	2	4	1	3	1	4	3	3	1	3	2	4	2	2	1	4	2	4	4	2	2	3	3	3	1	4	0	0	2	3	1	3	1	3	2	4	1	1	2	2	4	2	3	3	4	2	3	3
M021618_M210_2G	0	0	4	4	2	2	1	1	4	4	3	4	4	4	3	3	0	0	2	2	0	0	0	0	3	3	3	3	4	4	3	3	2	2	1	1	2	2	2	2	4	4	2	2	3	3	4	4	1	1	4	4	2	2	0	0	0	0	3	4	3	3	2	2	4	4	3	3	2	2	1	3	1	1	4	4	2	2	4	4	3	3	1	1	1	1	1	1	1	1	1	3	1	1	4	4	2	2	0	0	1	1	2	3	3	3	4	4	4	2	3	3	2	2	1	1	1	1	1	1	1	1	1	2	3	3	1	1	0	0	2	2	2	2	4	4	4	4	1	1	1	1	0	0	4	4	1	1	1	1	1	3	1	1	2	2	2	2	1	4	4	4	4	4	2	2	3	3	4	4	0	0	3	3	1	1	1	1	4	4	1	1	1	1	4	4	3	3	4	4	3	3
M021626_M210_3G	0	0	2	4	2	2	1	2	3	4	3	4	2	4	3	3	0	0	2	2	0	0	0	0	1	3	1	3	3	4	3	3	1	2	1	1	1	2	2	2	1	4	2	4	3	4	4	2	1	1	2	4	2	2	2	3	0	0	3	4	3	2	1	2	4	4	3	3	1	2	3	3	1	2	4	4	1	2	3	4	3	3	1	3	1	1	1	3	1	3	1	3	2	2	3	4	2	2	0	0	1	4	2	3	3	3	1	4	4	2	1	1	1	2	1	3	1	1	1	2	1	2	1	2	1	3	1	3	0	0	2	4	2	2	3	4	4	2	1	3	1	3	0	0	2	4	1	3	1	4	3	3	3	3	2	4	2	2	1	1	2	4	4	2	2	3	3	3	1	4	0	0	2	3	1	3	1	1	2	4	1	1	2	2	4	2	3	3	4	2	3	3
M028866_ M286_1G	0	0	4	4	2	2	1	1	4	4	3	3	4	4	1	1	0	0	2	2	0	0	0	0	3	3	3	3	4	4	3	3	2	2	1	1	2	2	2	2	4	4	2	2	3	3	4	4	1	1	2	4	2	2	0	0	0	0	3	3	3	3	2	2	4	4	3	3	2	2	1	3	1	1	4	4	2	2	4	4	3	3	1	1	1	1	1	1	1	1	3	3	1	1	4	4	2	2	0	0	4	4	3	3	1	3	4	4	2	2	3	3	2	2	1	1	3	3	1	1	1	1	1	1	3	3	1	1	0	0	2	2	2	2	0	0	4	4	1	1	1	1	0	0	4	4	1	3	1	1	3	3	0	0	2	2	1	1	4	4	4	4	4	4	2	2	3	3	4	4	0	0	3	3	1	1	1	1	4	4	1	1	1	1	4	4	3	3	4	4	3	3
M028874_ M286_2G	0	0	2	4	2	2	2	2	3	4	3	3	2	2	1	1	0	0	2	2	0	0	0	0	3	3	1	1	3	3	3	3	1	2	1	1	1	1	2	2	1	1	4	4	4	4	4	2	1	1	2	2	2	2	3	3	0	0	3	3	3	2	1	1	4	4	3	3	1	2	3	3	1	2	4	4	1	2	3	3	3	3	3	3	1	1	3	3	3	3	3	3	2	2	3	3	4	4	0	0	4	4	2	2	3	3	1	1	2	2	1	1	1	2	3	3	1	1	2	2	2	2	1	1	1	1	1	3	0	0	4	4	2	2	3	4	2	2	1	1	3	3	0	0	2	2	3	3	4	4	3	3	3	3	2	4	2	2	1	1	2	2	2	2	0	0	3	3	1	1	0	0	2	3	3	3	3	3	2	4	1	3	1	1	2	2	1	1	2	2	3	4
M028882_ M286_3G	0	0	2	4	2	2	1	1	4	4	3	3	2	4	1	1	0	0	2	2	0	0	0	0	3	3	1	3	3	4	3	4	2	2	1	1	1	2	2	2	1	4	2	4	3	4	4	2	1	1	2	4	2	2	3	3	0	0	3	3	3	2	1	2	4	4	3	3	1	2	3	3	1	2	4	4	1	2	3	4	3	3	1	3	1	1	1	3	1	3	3	3	1	2	3	4	2	4	0	0	4	4	2	3	3	3	1	4	4	2	1	3	1	2	1	3	1	3	1	2	1	2	1	1	1	3	1	3	0	0	2	4	2	2	3	4	4	2	1	1	1	3	0	0	2	4	1	3	1	4	3	3	1	3	4	4	2	2	1	1	2	4	4	2	2	3	3	3	1	4	0	0	2	3	1	3	1	3	2	4	1	3	1	1	4	2	3	3	4	2	3	3
M028962_ M287_1G	0	0	2	2	2	4	2	2	3	4	3	4	2	4	3	3	0	0	2	2	0	0	0	0	1	1	1	1	3	3	3	3	1	1	1	1	1	1	2	2	1	1	4	4	4	4	4	2	1	1	2	2	2	2	3	3	0	0	3	3	2	2	1	1	4	4	3	3	1	1	3	3	1	2	4	4	2	2	3	4	3	3	3	3	1	4	3	3	3	3	3	3	2	2	3	3	4	4	0	0	4	4	2	2	3	3	1	1	2	2	1	3	1	2	3	3	1	3	2	2	1	2	1	1	1	1	1	3	0	0	0	0	2	2	3	4	2	2	1	1	3	3	0	0	2	2	3	3	4	4	3	3	3	3	2	2	2	2	1	1	2	2	2	2	2	3	3	3	1	1	0	0	2	3	3	3	1	3	2	4	1	1	1	2	2	2	0	0	2	2	0	0
M028970_ M287_2G	0	0	2	2	2	2	2	2	3	3	3	3	2	4	3	3	0	0	2	2	0	0	0	0	1	3	1	1	3	3	3	3	1	2	1	1	1	2	2	2	1	1	4	4	4	4	2	2	1	1	2	2	2	2	3	3	0	0	3	3	3	2	1	1	4	4	3	3	1	1	3	3	0	0	4	4	1	2	3	4	3	3	3	3	4	4	3	3	3	3	3	3	2	2	3	3	4	4	0	0	1	4	2	2	3	3	1	1	2	2	1	3	2	2	3	3	1	3	2	2	1	2	1	1	1	1	1	1	0	0	4	4	2	2	3	4	2	2	1	1	3	3	0	0	2	2	3	3	4	4	3	3	3	3	4	4	2	2	1	1	2	2	2	2	2	3	3	3	1	1	0	0	3	3	3	3	1	3	2	4	1	1	1	1	2	2	1	1	2	2	3	3
M028978_ M287_3G	0	0	2	4	2	2	2	2	3	3	3	3	2	4	3	3	0	0	2	2	0	0	0	0	1	3	1	1	3	3	3	3	1	1	1	1	1	1	2	2	1	1	4	4	4	4	2	2	1	1	2	2	2	2	3	3	0	0	3	3	3	2	1	1	4	4	3	3	1	1	3	3	2	2	4	4	1	2	3	4	3	3	3	3	1	1	3	3	3	3	3	3	2	2	3	3	4	4	0	0	1	4	2	2	3	3	1	1	2	2	3	3	0	0	3	3	1	3	2	2	1	2	1	1	1	1	3	3	0	0	4	4	2	2	3	4	2	2	1	1	3	3	0	0	2	2	3	3	4	4	3	3	3	3	4	4	2	2	1	1	2	2	2	2	2	3	3	3	1	1	0	0	2	2	3	3	1	1	2	2	3	3	1	2	2	2	0	0	2	2	3	4
M021515_M209_1H	0	0	2	2	2	2	2	2	3	3	3	4	2	2	3	3	0	0	2	2	0	0	0	0	1	1	1	1	3	3	3	3	1	1	1	1	1	1	2	2	1	1	4	4	4	4	2	2	1	1	2	2	2	2	3	3	0	0	3	3	2	2	1	1	4	4	3	3	1	1	3	3	2	2	4	4	1	1	3	3	3	3	3	3	1	1	3	3	3	3	3	3	2	2	3	3	2	4	0	0	1	1	2	2	3	3	1	1	4	2	1	1	1	1	3	3	1	3	2	2	2	2	1	1	1	1	3	3	0	0	4	4	2	2	3	3	2	2	3	3	3	3	0	0	2	2	3	3	4	4	3	3	3	3	4	4	2	2	1	1	2	2	2	2	2	3	3	3	1	1	0	0	2	2	3	3	3	3	2	2	1	1	2	2	2	2	1	1	2	2	4	4
M021523_M209_2H	0	0	2	2	2	2	0	0	3	4	3	4	0	0	3	3	0	0	2	2	0	0	0	0	1	1	1	1	3	3	3	3	1	1	1	1	1	1	2	2	1	1	4	4	4	4	2	2	1	1	2	2	2	2	3	3	0	0	3	3	2	2	1	1	4	4	3	3	1	1	3	3	2	2	4	4	1	1	3	3	3	3	1	3	1	1	3	3	3	3	3	3	2	2	3	3	2	4	0	0	1	4	2	2	3	3	1	1	2	2	1	1	0	0	3	3	1	1	2	2	2	2	1	1	1	1	3	3	0	0	4	4	2	2	3	3	2	2	1	1	3	3	0	0	2	2	3	3	4	4	3	3	3	3	4	4	2	2	1	1	2	2	2	2	3	3	3	3	1	1	0	0	2	2	3	3	3	3	2	2	1	1	2	2	2	2	1	1	2	2	0	0
M021531_M209_3H	0	0	4	4	2	2	1	1	4	4	3	4	4	4	3	3	0	0	2	2	0	0	0	0	3	3	3	3	4	4	3	3	2	2	1	1	2	2	2	2	4	4	2	2	3	3	4	4	1	1	2	4	2	2	0	0	0	0	3	3	3	3	2	2	4	4	3	3	2	2	3	3	1	1	4	4	2	2	4	4	3	3	1	1	1	4	1	1	1	1	1	3	1	1	4	4	2	2	0	0	4	4	3	3	3	3	4	4	2	2	3	3	2	2	1	1	1	3	1	1	1	1	1	1	3	3	1	1	0	0	2	2	2	2	4	4	4	4	1	1	1	1	0	0	4	4	1	3	1	1	1	3	1	1	2	2	2	2	4	4	4	4	4	4	2	2	3	3	4	4	0	0	3	3	1	1	1	1	4	4	1	1	2	2	4	4	3	3	4	4	3	3
M021611_M210_1H	0	0	4	4	2	2	1	1	4	4	3	4	4	4	3	3	0	0	2	2	0	0	0	0	3	3	3	3	4	4	3	3	2	2	1	1	2	2	2	2	4	4	2	2	3	3	4	4	1	1	4	4	2	2	2	2	0	0	3	3	3	3	2	2	4	4	3	3	2	2	1	3	1	1	4	4	2	2	4	4	3	3	1	1	1	1	1	1	1	1	3	3	1	1	4	4	2	2	0	0	4	4	3	3	3	3	4	4	2	2	3	3	2	2	1	1	1	3	1	1	1	1	1	1	3	3	1	1	0	0	0	0	2	2	4	4	4	4	1	1	1	1	0	0	4	4	1	1	1	1	1	3	1	1	2	2	2	2	4	4	4	4	4	4	2	2	3	3	4	4	0	0	3	3	1	1	1	1	4	4	1	1	2	2	4	4	3	3	4	4	3	3
M021619_M210_2H	0	0	2	4	2	4	0	0	3	4	3	3	0	0	3	3	0	0	2	2	0	0	0	0	1	3	1	3	3	4	3	3	1	2	1	1	1	2	2	2	1	4	2	4	3	4	4	2	1	1	2	4	2	2	2	3	0	0	3	3	3	2	1	2	4	4	3	3	1	2	1	3	1	2	4	4	1	2	3	4	3	3	1	3	1	1	1	3	1	3	3	3	1	2	3	4	2	4	0	0	1	4	2	3	3	3	1	4	4	2	1	1	1	2	1	3	1	3	1	2	1	2	1	1	1	3	1	3	0	0	2	4	2	2	3	4	4	2	1	1	1	3	0	0	2	4	1	3	1	4	3	3	1	3	2	4	2	2	1	4	2	4	4	2	2	2	3	3	1	4	0	0	2	3	1	3	1	1	2	4	1	1	2	2	4	2	3	3	4	2	3	3
M021627_M210_3H	0	0	2	4	2	2	1	2	3	4	3	4	2	4	3	3	0	0	2	2	0	0	0	0	1	3	1	3	3	4	3	3	1	2	1	1	1	2	2	2	1	4	2	4	3	4	4	2	1	1	2	4	2	2	2	3	0	0	3	4	3	2	1	2	4	4	0	0	1	2	3	3	1	2	4	4	1	2	3	4	3	3	1	3	1	4	1	3	1	3	1	3	1	2	3	4	2	2	0	0	1	1	2	2	3	3	1	4	2	2	1	1	1	2	1	3	1	3	1	2	1	2	1	2	1	3	1	3	0	0	2	4	2	2	3	4	4	2	1	1	1	3	0	0	2	4	1	3	1	4	1	3	3	3	2	4	2	2	1	1	2	4	4	2	2	3	3	3	1	4	0	0	2	3	1	3	1	1	2	4	1	1	2	2	4	2	1	1	4	2	0	0
M028867_ M286_1H	0	0	2	4	2	2	1	1	3	4	3	3	0	0	1	1	0	0	2	2	0	0	0	0	1	3	1	3	3	4	3	3	1	2	1	1	1	2	2	2	1	4	2	4	3	4	4	2	1	1	2	4	2	2	3	3	0	0	3	3	3	2	1	2	4	4	3	3	2	2	1	3	1	2	4	4	2	2	3	4	3	3	1	3	1	1	1	3	1	3	3	3	1	2	3	4	2	4	0	0	4	4	2	2	3	3	1	4	4	2	3	3	1	2	3	3	1	1	1	2	1	2	1	1	1	3	1	3	0	0	2	4	2	2	3	4	4	2	1	1	1	3	0	0	2	4	1	3	1	4	3	3	3	3	2	2	2	2	1	4	2	4	4	2	0	0	3	3	1	4	0	0	2	3	1	3	1	3	2	4	1	1	1	1	4	2	3	3	4	2	3	3
M028875_ M286_2H	0	0	4	4	2	2	1	1	4	4	3	3	4	4	1	1	0	0	2	2	0	0	0	0	3	3	3	3	3	4	3	3	2	2	1	4	2	2	2	2	4	4	2	2	3	3	4	4	1	1	4	4	2	2	0	0	0	0	3	3	3	3	2	2	4	4	3	3	2	2	3	3	1	1	4	4	2	2	4	4	1	3	1	1	1	1	1	1	1	1	1	3	1	1	4	4	2	2	0	0	4	4	3	3	3	3	4	4	2	2	3	3	2	2	1	1	1	3	1	1	1	1	1	2	3	3	1	1	0	0	2	2	2	2	4	4	4	4	1	1	1	1	0	0	4	4	1	3	1	1	3	3	1	1	2	2	1	2	1	4	4	4	4	4	2	2	3	3	4	4	0	0	3	3	1	1	1	1	4	4	1	1	2	2	4	4	3	3	4	4	3	3
M028883_ M286_3H	0	0	2	4	2	2	1	1	3	4	3	3	2	4	1	3	0	0	2	2	0	0	0	0	1	3	1	3	3	4	3	3	1	2	1	1	1	2	2	2	1	4	2	4	3	4	4	2	1	1	2	4	2	2	3	3	0	0	3	3	2	2	1	2	4	4	3	3	1	2	3	3	1	2	4	4	1	2	3	4	1	3	1	3	1	1	1	3	1	3	1	3	1	2	3	4	2	4	0	0	4	4	2	3	3	3	1	4	4	2	1	1	1	2	1	3	1	3	1	2	1	2	1	1	1	3	1	3	0	0	2	4	2	2	3	4	4	2	1	3	1	3	0	0	2	4	1	3	1	4	1	3	0	0	4	4	1	2	1	4	2	4	4	2	2	3	3	3	1	4	0	0	2	3	1	3	1	3	2	4	1	1	2	2	4	2	1	1	4	2	0	0
M028963_ M287_1H	0	0	2	2	2	4	2	2	3	4	3	3	4	4	3	3	0	0	2	2	0	0	0	0	1	3	1	1	3	3	3	3	1	1	1	1	1	1	2	2	1	1	4	4	4	4	4	2	1	1	2	2	2	2	3	3	0	0	3	3	2	2	1	1	4	4	3	3	1	1	3	3	1	2	4	4	2	2	3	4	3	3	3	3	1	1	3	3	3	3	3	3	2	2	0	0	4	4	0	0	4	4	2	2	3	3	1	1	4	2	1	3	1	2	3	3	1	3	2	2	1	2	1	1	1	1	1	3	0	0	4	4	2	2	3	4	2	2	1	1	3	3	0	0	2	2	3	3	4	4	3	3	3	3	0	0	2	2	1	1	2	2	2	2	3	3	3	3	1	1	0	0	2	3	3	3	1	3	0	0	1	3	1	2	2	2	0	0	2	2	3	4
M028971_ M287_2H	0	0	2	4	2	2	0	0	3	3	3	3	0	0	3	3	0	0	2	2	0	0	0	0	1	3	1	1	3	3	3	3	1	2	1	1	1	1	2	2	1	1	4	4	4	4	4	2	1	1	2	2	2	2	3	3	0	0	3	3	3	2	1	1	4	4	3	3	1	1	3	3	1	2	4	4	1	2	3	3	3	3	3	3	1	1	3	3	3	3	3	3	2	2	3	3	2	4	0	0	4	4	2	2	3	3	1	1	2	2	3	3	1	2	3	3	1	3	2	2	1	2	1	1	1	1	1	3	0	0	4	4	2	2	3	4	2	2	1	1	3	3	0	0	2	2	3	3	4	4	3	3	3	3	4	4	1	2	1	1	2	2	2	2	2	2	3	3	1	1	0	0	2	3	3	3	1	1	2	4	1	3	1	1	2	2	1	1	2	2	0	0
M028979_ M287_3H	0	0	2	2	2	2	1	2	3	3	0	0	4	4	3	3	0	0	2	2	0	0	0	0	1	1	1	1	3	3	3	3	1	2	1	1	1	2	2	2	1	1	4	4	4	4	4	2	1	1	2	2	2	2	3	3	0	0	3	3	2	2	1	1	4	4	3	3	1	1	3	3	1	1	4	4	2	2	3	3	3	3	3	3	1	4	3	3	3	3	3	3	2	2	3	3	4	4	0	0	1	4	2	2	3	3	1	1	4	2	3	3	2	2	3	3	1	3	2	2	2	2	1	1	1	1	1	1	0	0	4	4	2	2	3	4	2	2	1	1	3	3	0	0	2	2	3	3	4	4	3	3	3	3	4	4	2	2	1	1	2	2	2	2	2	3	3	3	1	1	0	0	3	3	3	3	1	1	4	4	3	3	2	2	2	2	1	1	2	2	4	4
