Sample_ID	OmyY1	OmyY1	R18251	R18251	R23044	R23044	R30220	R30220	R34286	R34286	R38993	R38993	SH114448	SH114448	R000200	R000200	R033859	R033859	R09768	R09768	R12730	R12730	R24463	R24463	R00586	R00586	R19198	R19198	R23330	R23330	R30355	R30355	R34385	R34385	R39365	R39365	SH121006	SH121006	R018277	R018277	R03418	R03418	R10226	R10226	R13191	R13191	R24493	R24493	R12738	R12738	R19633	R19633	R23813	R23813	R30423	R30423	R34662	R34662	R40094	R40094	SH127236	SH127236	R02551	R02551	R03924	R03924	R10530	R10530	R16543	R16543	R26255	R26255	R13730	R13730	R19731	R19731	R24068	R24068	R30589	R30589	R35324	R35324	R40152	R40152	OMS00116	OMS00116	R02676	R02676	R04143	R04143	R11238	R11238	R19868	R19868	R27050	R27050	R14225	R14225	R21285	R21285	R24273	R24273	R30678	R30678	R37205	R37205	R40252	R40252	OMS00143	OMS00143	R02783	R02783	R04203	R04203	R11353	R11353	R19948	R19948	R30551	R30551	R14383	R14383	R21330	R21330	R24370	R24370	R33010	R33010	R37229	R37229	R40319	R40319	OMS00144	OMS00144	R02785	R02785	R04760	R04760	R11790	R11790	R20353	R20353	R32124	R32124	R14511	R14511	R21561	R21561	R28680	R28680	R33411	R33411	R37560	R37560	R40342	R40342	OMS00159	OMS00159	R03042	R03042	R04944	R04944	R12528	R12528	R21023	R21023	R32692	R32692	R14589	R14589	R22570	R22570	R30015	R30015	R33562	R33562	R38346	R38346	R40580	R40580	OMS00169	OMS00169	R03306	R03306	R08985	R08985	R12611	R12611	R22488	R22488	R36639	R36639
M041348_M416_2A	0	0	2	2	2	4	2	2	3	4	3	3	2	4	3	3	3	3	2	2	4	4	0	0	0	0	1	1	3	3	3	3	1	1	1	1	1	1	2	2	1	1	4	4	4	4	2	2	1	1	2	2	2	2	3	3	0	0	3	3	2	2	1	1	4	4	3	3	1	1	3	3	2	2	4	4	1	2	3	4	3	3	3	3	1	1	3	3	3	3	3	3	2	2	0	0	2	4	0	0	1	4	2	2	3	3	1	1	4	2	1	1	1	1	3	3	3	3	2	2	2	2	1	1	1	1	3	3	0	0	4	4	2	2	3	3	2	2	1	3	3	3	0	0	2	2	3	3	4	4	3	3	3	3	4	4	1	1	1	1	2	2	2	2	2	3	3	3	1	1	0	0	2	2	3	3	1	3	2	2	1	1	1	2	2	2	1	1	2	2	3	4
M041356_M416_3A	0	0	0	0	2	4	1	2	3	4	3	4	2	4	0	0	3	3	2	2	4	4	0	0	1	3	1	3	3	4	3	3	1	2	1	1	1	2	2	2	1	4	2	4	3	4	4	2	1	1	2	4	2	2	2	3	0	0	3	3	3	2	1	2	4	4	3	3	1	2	3	3	1	2	4	4	1	2	3	4	1	3	1	3	1	1	1	3	1	3	3	3	1	2	3	4	2	4	0	0	4	4	2	2	3	3	1	4	4	2	1	1	1	2	1	3	1	3	1	2	1	2	1	2	1	3	1	3	0	0	2	2	2	2	3	4	4	2	1	3	1	3	0	0	2	4	1	3	1	4	1	3	3	3	2	4	2	2	1	1	2	4	4	2	2	3	3	3	1	4	0	0	2	3	1	3	1	3	2	4	1	1	2	2	4	2	3	3	4	2	3	4
M041364_M416_4A	0	0	2	2	2	4	0	0	3	4	3	4	2	4	3	3	3	3	2	2	4	4	0	0	0	0	1	3	3	4	3	3	1	2	1	1	1	2	2	2	1	4	2	4	3	4	4	2	1	1	2	4	2	2	2	3	0	0	3	3	2	2	1	2	4	4	3	3	1	2	3	3	1	2	4	4	1	2	3	4	3	3	1	3	1	4	1	3	1	3	1	3	1	2	3	4	2	4	0	0	1	1	2	3	3	3	1	4	0	0	1	3	1	2	1	3	3	3	1	2	1	2	1	2	1	3	0	0	0	0	2	2	2	2	3	4	4	2	1	1	1	3	0	0	2	4	1	3	1	4	1	3	3	3	4	4	2	2	1	1	2	4	4	2	2	2	3	3	1	4	0	0	2	3	1	3	1	3	2	4	1	1	1	1	4	2	3	3	4	2	3	4
M041372_M416_5A	0	0	2	4	2	4	0	0	4	4	3	3	2	4	3	3	3	3	2	2	4	2	0	0	1	3	1	3	3	4	3	3	1	2	1	1	1	2	2	2	1	4	2	4	3	4	4	2	1	1	2	4	2	4	2	3	0	0	3	3	3	3	1	2	4	4	3	3	1	2	3	3	1	2	4	4	1	2	4	4	3	3	1	3	1	1	1	3	1	3	1	3	1	2	3	4	2	2	0	0	1	4	2	3	3	3	1	4	2	2	1	1	1	2	1	3	1	1	1	2	1	2	1	2	1	3	0	0	0	0	2	4	2	2	3	4	4	2	1	1	1	3	0	0	2	4	1	3	1	4	1	3	3	3	2	4	2	2	1	4	2	4	4	2	2	2	3	3	1	4	0	0	2	3	1	3	1	1	2	4	1	1	1	1	4	2	1	1	4	2	3	4
M041380_M416_6A	0	0	2	4	2	2	0	0	4	4	3	4	2	4	3	3	3	3	2	2	4	2	0	0	1	3	1	3	3	4	3	3	1	2	1	1	1	2	2	2	1	4	2	4	3	4	4	2	1	1	2	4	2	4	2	3	0	0	3	3	3	3	1	2	4	4	3	3	1	2	3	3	1	2	4	4	1	2	3	4	3	3	1	3	1	1	1	3	1	3	1	3	1	2	3	4	2	2	0	0	1	1	2	3	3	3	1	4	2	2	1	1	1	2	1	3	1	3	1	2	1	2	1	2	1	3	1	3	0	0	2	4	2	2	3	4	4	2	1	1	1	3	0	0	2	4	1	3	1	4	3	3	1	3	2	4	2	2	1	4	2	4	4	2	2	2	3	3	1	4	0	0	2	3	1	3	1	1	2	4	1	1	1	1	4	2	1	1	4	2	3	4
M028724_M284_8A	0	0	2	4	2	4	2	2	3	3	3	3	4	4	1	3	3	3	2	2	4	4	0	0	1	3	1	1	3	3	3	3	1	2	1	1	1	1	2	2	1	1	4	4	4	4	4	4	1	1	2	2	2	2	3	3	0	0	3	3	3	2	1	1	4	4	3	3	1	1	3	3	1	1	4	4	2	2	4	4	3	3	3	3	1	1	3	3	3	3	3	3	2	2	3	3	2	4	0	0	4	4	2	2	3	3	1	1	2	2	3	3	2	2	3	3	1	1	2	2	1	1	1	1	1	1	1	1	0	0	4	4	2	2	3	3	2	2	1	1	3	3	0	0	2	2	3	3	4	4	3	3	3	3	4	4	2	2	1	1	2	2	2	2	2	2	3	3	1	1	0	0	3	3	3	3	1	1	4	4	1	3	2	2	2	2	1	1	2	2	3	4
M028732_M284_9A	0	0	4	4	2	2	1	1	3	4	3	3	4	4	1	1	3	3	2	2	4	2	0	0	3	3	1	3	3	4	3	4	2	2	1	4	1	2	2	2	1	4	2	4	3	4	4	4	1	1	2	4	2	2	2	3	0	0	0	0	3	3	1	2	4	4	3	3	1	2	3	3	1	1	2	4	2	2	3	4	1	3	1	3	1	1	1	3	1	3	1	3	1	2	3	4	2	2	0	0	4	4	2	2	3	3	1	4	2	2	3	3	2	2	1	3	1	1	1	2	1	1	1	1	1	3	1	1	0	0	2	4	2	2	3	4	4	2	1	1	1	3	0	0	2	4	1	3	1	4	1	3	1	3	2	2	1	2	1	4	2	4	4	2	2	2	3	3	1	4	0	0	3	3	1	3	1	1	4	4	1	1	1	2	4	2	3	3	4	2	3	3
M028740_M284_10A	0	0	4	4	2	2	0	0	3	3	3	3	4	4	1	1	3	3	2	2	4	4	0	0	3	3	1	1	0	0	3	3	2	2	1	1	2	2	2	2	1	1	4	4	4	4	4	2	1	1	2	2	2	2	3	3	0	0	3	3	3	3	1	1	4	4	3	3	1	1	3	3	1	2	4	4	1	2	4	4	3	3	3	3	1	1	3	3	3	3	3	3	2	2	3	3	2	2	0	0	4	4	2	2	3	3	1	1	2	2	3	3	0	0	3	3	1	1	2	2	1	2	1	1	1	1	1	3	0	0	4	4	2	2	3	3	2	2	1	1	3	3	0	0	2	2	3	3	4	4	3	3	3	3	4	4	1	2	1	1	2	2	0	0	2	3	3	3	1	1	0	0	2	3	3	3	1	3	2	4	1	3	2	2	2	2	1	3	2	2	3	3
M028748_M284_11A	0	0	4	4	2	2	1	1	3	4	3	3	4	4	1	1	3	3	2	2	4	2	0	0	3	3	1	3	3	4	3	3	2	2	1	1	2	2	2	2	1	4	2	4	3	4	4	2	1	1	2	4	2	2	2	3	0	0	3	3	3	3	1	2	4	4	3	3	1	2	3	3	1	2	4	4	1	2	3	4	3	3	1	3	1	1	1	3	1	3	3	3	1	2	3	4	2	2	0	0	4	4	2	3	3	3	1	4	2	2	3	3	1	2	1	3	3	3	1	2	1	1	1	2	1	3	1	3	0	0	2	4	2	2	3	4	4	2	1	1	1	3	0	0	2	4	1	3	1	4	3	3	1	3	2	4	1	2	1	1	2	4	4	2	2	2	3	3	1	4	0	0	2	3	1	3	1	1	2	4	1	1	2	2	4	2	3	3	4	2	3	3
M028756_M284_12A	0	0	2	4	2	2	2	2	3	3	3	4	2	2	1	1	3	3	2	2	4	4	0	0	1	3	1	1	3	3	3	3	1	2	1	1	1	1	2	2	1	1	4	4	4	4	2	2	1	1	2	2	2	4	3	3	0	0	3	3	3	2	1	1	4	4	3	3	1	1	3	3	2	2	4	4	1	1	3	4	3	3	3	3	1	1	3	3	3	3	3	3	2	2	3	3	2	4	0	0	1	4	2	2	3	3	1	1	2	2	1	3	0	0	3	3	3	3	2	2	1	2	1	1	1	1	3	3	0	0	4	4	2	2	3	3	2	2	1	3	3	3	0	0	2	2	3	3	4	4	3	3	3	3	4	4	1	2	1	1	2	2	2	2	2	3	3	3	1	1	0	0	2	2	3	3	1	3	2	2	3	3	2	2	2	2	1	1	2	2	3	4
M041341_M416_1B	0	0	2	2	2	4	2	2	3	3	3	4	2	2	3	3	3	3	2	2	4	4	0	0	1	1	1	1	3	3	3	3	1	1	1	1	1	1	2	2	1	1	4	4	4	4	2	2	1	2	2	2	2	4	3	3	0	0	3	3	3	2	1	1	4	4	3	3	1	1	3	3	2	2	4	4	1	1	3	3	3	3	3	3	1	4	3	3	3	3	3	3	2	2	3	3	4	4	0	0	1	1	2	2	3	3	1	1	4	2	1	1	1	1	3	3	1	3	2	2	2	2	1	1	1	1	3	3	0	0	4	4	2	2	3	3	2	2	3	3	3	3	0	0	2	2	3	3	4	4	3	3	3	3	4	4	2	2	1	1	2	2	2	2	2	3	3	3	1	1	0	0	2	2	3	3	3	3	2	2	1	1	1	1	2	2	1	1	2	2	4	4
M041349_M416_2B	0	0	2	2	2	4	2	2	3	4	3	4	2	2	3	3	3	3	2	2	4	4	0	0	1	1	1	1	3	3	3	3	1	1	1	1	1	1	2	2	1	1	4	4	4	4	2	2	1	2	2	2	2	2	3	3	0	0	3	3	2	2	1	1	4	4	3	3	1	1	3	3	2	2	4	4	1	1	3	4	3	3	3	3	1	1	3	3	3	3	3	3	2	2	3	3	4	4	0	0	4	4	2	2	3	3	1	1	2	2	1	1	1	1	3	3	1	3	2	2	2	2	1	1	1	1	3	3	0	0	4	4	2	2	3	3	2	2	1	3	3	3	0	0	2	2	3	3	4	4	3	3	3	3	4	4	2	2	1	1	2	2	2	2	3	3	3	3	1	1	0	0	2	2	3	3	1	3	2	2	1	1	2	2	2	2	1	1	2	2	4	4
M041357_M416_3B	0	0	2	2	2	2	2	2	3	4	3	3	2	2	3	3	3	3	2	2	4	4	0	0	1	1	1	1	3	3	3	3	1	1	1	1	1	2	2	2	1	1	4	4	4	4	2	2	1	2	2	2	2	2	3	3	0	0	3	3	2	2	1	1	4	4	3	3	1	1	3	3	2	2	4	4	1	1	3	4	3	3	3	3	1	1	3	3	3	3	3	3	2	2	3	3	2	4	0	0	1	4	2	2	3	3	1	1	2	2	1	1	1	1	3	3	1	3	2	2	2	2	1	1	1	1	1	3	0	0	4	4	2	2	3	3	2	2	1	3	3	3	0	0	2	2	3	3	4	4	3	3	3	3	4	4	2	2	1	1	2	2	2	2	3	3	3	3	1	1	0	0	2	2	3	3	3	3	2	2	1	1	1	1	2	2	1	1	2	2	4	4
M041365_M416_4B	0	0	2	4	2	2	0	0	3	4	3	3	2	4	3	3	3	3	2	2	4	2	0	0	1	3	1	3	3	4	3	3	1	2	1	1	1	2	2	2	1	4	2	4	3	4	4	2	1	1	2	4	2	2	2	3	0	0	3	3	3	2	1	2	4	4	3	3	1	2	3	3	1	2	4	4	1	2	4	4	3	3	1	3	1	4	1	3	1	3	1	3	1	2	3	4	2	2	0	0	1	1	2	2	3	3	1	4	2	2	1	1	1	2	1	3	3	3	1	2	1	2	1	2	1	3	1	3	0	0	2	4	2	2	3	4	4	2	1	1	1	3	0	0	2	4	1	3	1	4	3	3	1	1	2	4	2	2	1	1	2	4	4	2	2	3	3	3	1	4	0	0	2	3	1	3	1	3	2	4	1	1	2	2	4	2	1	1	4	2	3	4
M041373_M416_5B	0	0	4	4	2	2	1	1	4	4	3	4	4	4	3	3	3	3	2	2	2	2	0	0	3	3	3	3	4	4	3	3	2	2	1	1	2	2	2	2	4	4	2	2	3	3	4	4	1	1	4	4	2	2	2	2	0	0	3	3	3	2	2	2	4	4	3	3	2	2	1	3	1	1	4	4	2	2	4	4	1	3	1	1	1	1	1	1	1	1	1	1	1	1	4	4	2	2	0	0	1	4	2	3	3	3	4	4	2	2	3	3	2	2	1	1	1	3	1	1	1	1	2	2	3	3	1	1	0	0	2	2	2	2	4	4	4	4	1	1	1	1	0	0	4	4	1	1	1	1	1	3	0	0	2	2	2	2	1	1	4	4	4	4	2	2	3	3	4	4	0	0	3	3	1	1	1	1	4	4	1	1	2	2	4	4	3	3	4	4	3	3
M041381_M416_6B	0	0	2	4	2	2	0	0	3	4	3	4	2	4	3	3	3	3	2	2	4	2	0	0	1	3	1	3	3	4	3	3	1	2	1	1	1	2	2	2	1	4	2	4	3	4	4	2	1	1	2	4	2	2	2	3	0	0	3	3	3	2	1	2	4	4	3	3	1	2	3	3	1	2	4	4	1	2	3	4	0	0	3	3	1	1	1	3	1	3	1	3	1	2	3	4	2	2	0	0	4	4	2	2	3	3	1	4	2	2	1	3	1	2	1	3	1	3	1	2	1	2	1	2	1	3	1	3	0	0	2	4	2	2	3	4	4	2	1	1	1	3	0	0	2	4	3	3	1	4	1	3	1	3	2	4	1	2	1	1	2	4	4	2	2	3	3	3	1	4	0	0	2	3	1	3	1	1	2	4	1	1	2	2	4	2	3	3	4	2	3	4
M028717_M284_7B	0	0	4	4	2	2	1	1	4	4	3	3	4	4	1	3	3	4	4	2	2	2	0	0	0	0	3	3	4	4	3	3	2	2	4	4	2	2	0	0	4	4	2	2	3	3	4	4	1	2	4	4	2	2	2	2	0	0	3	4	3	3	2	2	4	4	3	3	2	2	3	3	1	1	2	4	2	2	4	4	1	1	1	3	1	1	1	1	1	1	1	3	1	1	4	4	2	2	0	0	4	4	2	2	1	3	4	4	2	2	3	3	2	2	1	3	1	1	1	1	1	1	2	2	3	3	1	1	0	0	2	2	2	2	4	4	4	4	1	1	1	1	0	0	4	4	1	1	1	1	1	3	1	1	2	2	2	2	1	4	4	4	4	4	2	2	3	3	4	4	0	0	3	3	1	1	1	1	4	4	1	1	2	2	4	4	3	3	4	4	3	3
M028725_M284_8B	0	0	2	4	2	4	1	1	3	4	3	3	4	4	1	1	3	3	2	2	4	2	0	0	1	3	1	3	3	4	3	3	2	2	1	1	1	2	2	2	1	4	2	4	3	4	4	4	1	1	2	2	2	2	2	3	0	0	3	3	3	2	1	2	4	4	3	3	1	2	3	3	1	1	4	4	2	2	3	4	3	3	1	3	1	1	1	3	1	3	1	3	1	2	3	4	2	4	0	0	4	4	2	3	3	3	1	4	2	2	3	3	2	2	1	3	1	1	1	2	1	1	1	1	1	3	1	1	0	0	2	2	2	2	3	4	4	2	1	1	1	3	0	0	2	4	1	3	1	4	3	3	1	3	2	2	2	2	1	4	2	4	4	2	2	2	3	3	1	4	0	0	3	3	1	3	1	1	4	4	1	3	2	2	4	2	3	3	4	2	3	4
M028733_M284_9B	0	0	4	4	2	4	0	0	3	4	3	3	4	4	1	1	3	3	2	2	4	2	0	0	1	3	1	3	3	4	3	3	1	2	1	1	1	2	2	2	1	4	2	4	3	4	4	2	1	1	2	4	2	2	2	3	0	0	3	3	3	3	1	2	4	4	3	3	1	2	3	3	1	2	4	4	1	2	3	4	3	3	1	3	1	4	1	3	1	3	3	3	1	2	3	4	2	4	0	0	4	4	2	3	3	3	1	4	2	2	3	3	1	2	1	3	3	3	1	2	1	1	1	1	1	3	1	3	0	0	2	4	2	2	3	4	4	2	1	1	1	3	0	0	2	4	1	3	1	4	1	3	1	3	2	4	1	1	1	4	2	4	4	4	2	2	3	3	1	4	0	0	2	3	1	3	1	1	2	4	1	3	2	2	4	2	3	3	4	2	3	3
M028741_M284_10B	0	0	4	4	2	2	1	1	4	4	3	4	4	4	1	3	3	4	2	2	2	2	0	0	3	3	3	3	4	4	3	3	2	2	4	4	2	2	2	2	4	4	2	2	3	3	4	4	1	1	4	4	2	2	2	2	0	0	3	3	0	0	2	2	4	4	3	3	2	2	3	3	1	1	4	4	2	2	4	4	1	1	3	3	1	1	1	1	1	1	1	3	1	1	4	4	2	2	0	0	4	4	2	2	3	3	4	4	2	2	3	3	2	2	1	1	1	1	1	1	1	1	2	2	3	3	1	1	0	0	2	2	2	2	4	4	4	4	1	1	1	1	0	0	4	4	1	1	1	1	1	1	1	1	2	2	1	2	1	1	4	4	4	4	2	2	3	3	0	0	0	0	3	3	1	1	1	1	4	4	1	1	2	2	4	4	3	3	4	4	3	3
M028749_M284_11B	0	0	2	4	2	2	1	1	3	3	3	4	4	4	1	1	3	3	2	2	4	4	0	0	1	3	1	1	3	3	3	3	2	2	1	1	1	2	2	2	1	1	4	4	4	4	4	4	1	1	2	2	2	2	3	3	0	0	3	3	3	2	1	1	4	4	3	3	1	1	3	3	1	1	4	4	2	2	4	4	3	3	3	3	1	1	3	3	3	3	3	3	2	2	3	3	2	2	0	0	1	4	2	2	3	3	1	1	2	2	1	3	2	2	3	3	1	3	2	2	2	2	1	1	1	1	1	1	0	0	4	4	2	2	3	3	2	2	1	1	3	3	0	0	2	2	3	3	4	4	3	3	3	3	4	4	2	2	1	1	2	2	2	2	2	3	3	3	1	1	0	0	3	3	3	3	1	1	4	4	1	3	2	2	2	2	1	1	2	2	3	3
M028757_M284_12B	0	0	2	2	2	2	2	2	3	3	3	3	2	4	1	3	3	4	2	2	4	4	0	0	1	3	1	1	3	3	3	3	1	2	1	1	1	2	2	2	1	1	4	4	4	4	2	2	1	1	2	2	2	2	3	3	0	0	3	3	3	2	1	1	4	4	3	3	1	1	3	3	2	2	4	4	1	1	3	4	3	3	3	3	1	1	3	3	3	3	3	3	2	2	3	3	2	4	0	0	4	4	2	2	3	3	1	1	2	2	1	3	1	1	3	3	1	1	2	2	1	2	1	1	1	1	3	3	0	0	4	4	2	2	3	3	2	2	1	3	3	3	0	0	2	2	3	3	4	4	3	3	3	3	4	4	1	1	1	1	2	2	2	2	2	3	3	3	1	1	0	0	2	2	3	3	1	1	2	2	1	3	2	2	2	2	1	1	2	2	3	4
M041342_M416_1C	0	0	4	4	2	2	1	1	4	4	3	4	4	4	3	3	3	3	2	2	2	2	0	0	3	3	3	3	4	4	3	3	2	2	1	1	2	2	2	2	4	4	2	2	3	3	4	4	1	1	4	4	2	2	2	2	0	0	3	3	3	2	2	2	4	4	3	3	2	2	3	3	1	1	4	4	2	2	4	4	1	3	1	1	4	4	1	1	1	1	1	1	1	1	4	4	2	2	0	0	1	4	2	3	3	3	4	4	4	4	3	3	2	2	1	1	1	3	1	1	1	1	2	2	3	3	1	1	0	0	2	2	2	2	4	4	4	4	1	1	1	1	0	0	4	4	1	1	1	1	1	3	0	0	2	2	2	2	1	1	4	4	4	4	2	2	3	3	4	4	0	0	3	3	1	1	1	1	4	4	1	1	2	2	4	4	3	3	4	4	3	3
M041350_M416_2C	0	0	2	4	2	4	1	2	3	3	3	4	2	4	1	3	3	3	2	2	4	2	0	0	1	3	1	3	3	4	3	3	1	2	1	1	1	2	2	2	1	4	2	4	3	4	4	2	1	1	2	4	2	2	3	3	0	0	3	3	3	2	1	2	4	4	3	3	1	2	3	3	1	2	4	4	1	2	3	4	1	3	1	3	1	4	1	3	1	3	1	3	1	2	3	4	2	4	0	0	4	4	2	2	3	3	1	4	4	2	1	3	1	2	1	3	3	3	1	2	1	2	1	2	1	3	1	3	0	0	2	2	2	2	3	4	4	2	1	1	1	3	0	0	2	4	1	3	1	4	3	3	3	3	2	4	2	2	1	1	2	4	4	2	2	3	3	3	1	4	0	0	2	3	1	3	1	3	2	4	1	1	2	2	4	2	3	3	4	2	3	4
M041358_M416_3C	0	0	2	2	2	4	2	2	3	3	3	4	2	2	3	3	3	3	2	2	4	4	0	0	1	1	1	1	3	3	3	3	1	1	1	1	1	1	2	2	1	1	4	4	4	4	2	2	1	2	2	2	2	2	3	3	0	0	3	3	2	2	1	1	4	4	3	3	1	1	3	3	2	2	4	4	1	1	3	3	3	3	3	3	1	1	3	3	3	3	3	3	2	2	3	3	4	4	0	0	1	4	2	2	3	3	1	1	2	2	1	1	1	1	3	3	1	3	2	2	2	2	1	1	1	1	3	3	0	0	4	4	2	2	3	3	2	2	3	3	3	3	0	0	2	2	3	3	4	4	3	3	3	3	4	4	2	2	1	1	2	2	2	2	2	3	3	3	1	1	0	0	2	2	3	3	3	3	2	2	1	1	1	1	2	2	1	1	2	2	4	4
M041366_M416_4C	0	0	2	2	2	4	2	2	3	3	3	4	2	2	3	3	3	3	2	2	4	4	0	0	1	1	1	1	3	3	3	3	1	1	1	1	1	1	2	2	1	1	4	4	4	4	2	2	2	2	2	2	2	2	3	3	0	0	3	3	3	2	1	1	4	4	3	3	1	1	3	3	2	2	4	4	1	1	3	3	3	3	3	3	1	4	3	3	3	3	3	3	2	2	3	3	2	4	0	0	4	4	2	2	3	3	1	1	2	2	1	1	1	1	3	3	1	3	2	2	2	2	1	1	1	1	3	3	0	0	4	4	2	2	3	3	2	2	1	1	3	3	0	0	2	2	3	3	4	4	3	3	3	3	4	4	2	2	1	1	2	2	2	2	2	3	3	3	1	1	0	0	2	2	3	3	1	3	2	2	1	1	1	2	2	2	1	1	2	2	3	3
M041374_M416_5C	0	0	4	4	2	2	1	1	4	4	4	4	4	4	3	3	3	3	2	2	2	2	0	0	3	3	3	3	4	4	3	3	2	2	1	1	2	2	2	2	4	4	2	2	3	3	4	4	1	1	4	4	2	2	2	2	0	0	3	4	3	2	2	2	4	4	3	3	2	2	3	3	1	1	4	4	2	2	4	4	1	3	3	3	1	4	1	1	1	1	1	1	1	1	4	4	2	2	0	0	1	4	2	3	3	3	4	4	2	2	3	3	2	2	1	1	3	3	1	1	1	1	1	2	3	3	1	1	0	0	2	2	2	2	4	4	4	4	1	1	1	1	0	0	4	4	1	1	1	1	1	3	0	0	2	2	2	2	1	1	4	4	4	4	2	2	3	3	4	4	0	0	3	3	1	1	1	1	4	4	1	1	1	2	4	4	3	3	4	4	3	3
M041382_M416_6C	0	0	4	4	2	2	1	1	4	4	3	4	4	4	3	3	3	3	2	2	2	2	0	0	3	3	3	3	4	4	3	3	2	2	1	1	2	2	2	2	4	4	2	2	3	3	4	4	1	2	4	4	2	2	2	2	0	0	3	3	3	2	2	2	4	4	3	3	2	2	1	3	1	1	4	4	2	2	4	4	3	3	1	3	1	4	1	1	1	1	1	3	1	1	4	4	2	2	0	0	1	4	2	3	3	3	4	4	4	2	3	3	2	2	1	1	1	1	1	1	1	1	1	2	3	3	1	1	0	0	2	2	2	2	4	4	4	4	1	1	1	1	0	0	4	4	1	1	1	1	1	3	3	3	2	2	2	2	1	4	4	4	4	4	2	2	3	3	4	4	0	0	3	3	1	1	1	1	4	4	1	1	1	1	4	4	1	1	4	4	3	3
M028718_M284_7C	0	0	4	4	2	4	1	1	4	4	3	3	4	4	3	3	3	4	2	2	4	2	0	0	3	3	1	3	3	4	3	3	2	2	1	4	1	2	0	0	1	4	2	4	3	4	4	4	1	1	2	4	2	2	2	3	0	0	3	3	3	3	1	2	4	4	3	3	1	2	3	3	1	1	4	4	2	2	4	4	1	3	3	3	1	1	1	3	1	3	3	3	1	2	3	4	2	2	0	0	4	4	2	2	3	3	1	4	4	2	3	3	2	2	1	3	1	1	1	2	1	1	1	1	1	3	1	1	0	0	2	4	2	2	3	4	4	2	1	1	1	3	0	0	2	4	1	3	1	4	1	3	1	3	2	2	2	2	1	4	2	4	4	2	2	2	3	3	1	4	0	0	3	3	1	3	1	1	4	4	1	1	2	2	4	2	3	3	4	2	3	3
M028726_M284_8C	0	0	4	4	2	2	1	1	4	4	3	4	4	4	1	3	3	3	2	2	2	2	0	0	3	3	3	3	4	4	3	3	2	2	1	4	2	2	2	2	4	4	2	2	3	3	4	4	1	1	2	4	2	2	2	2	0	0	3	3	3	3	2	2	4	4	3	3	2	2	3	3	1	1	4	4	2	2	3	4	1	3	1	1	1	1	1	1	1	1	1	3	1	1	4	4	2	2	0	0	4	4	2	3	1	3	4	4	2	2	3	3	2	2	1	3	1	1	1	1	1	1	1	2	3	3	1	1	0	0	2	2	2	2	4	4	4	4	1	1	1	1	0	0	4	4	1	1	1	1	1	1	1	1	2	2	1	2	4	4	4	4	4	4	2	2	3	3	4	4	0	0	3	3	1	1	1	1	4	4	1	1	2	2	4	4	3	3	4	4	3	3
M028734_M284_9C	0	0	4	4	2	2	1	1	4	4	3	3	4	4	1	3	3	4	2	2	2	2	0	0	3	3	3	3	4	4	3	3	2	2	4	4	2	2	2	2	4	4	2	2	3	3	4	4	1	2	4	4	2	2	2	2	0	0	0	0	3	3	2	2	4	4	3	3	2	2	1	3	1	1	4	4	2	2	4	4	0	0	1	1	1	1	1	1	1	1	3	3	1	1	4	4	2	2	0	0	4	4	2	2	3	3	4	4	2	2	3	3	2	2	1	3	1	3	1	1	1	1	2	2	3	3	1	1	0	0	2	2	2	2	4	4	4	4	1	1	1	1	0	0	4	4	1	1	1	1	1	1	1	1	2	2	2	2	1	1	4	4	4	4	2	2	3	3	4	4	0	0	3	3	1	1	1	1	4	4	1	1	1	2	4	4	3	3	4	4	3	3
M028742_M284_10C	0	0	4	4	2	2	1	1	3	4	3	3	2	4	0	0	3	4	2	2	4	2	0	0	3	3	1	3	3	4	3	3	2	2	1	4	1	2	2	2	1	4	2	4	3	4	4	2	1	1	2	4	2	2	2	3	0	0	3	3	3	3	1	2	4	4	3	3	1	2	3	3	1	2	4	4	1	2	4	4	1	3	1	3	1	1	1	3	1	3	3	3	1	2	3	4	2	2	0	0	1	4	2	2	1	3	1	4	2	2	1	3	1	2	1	3	1	3	1	2	1	2	1	1	1	3	1	3	0	0	2	4	2	2	3	4	4	2	1	1	1	3	0	0	2	4	1	3	1	4	1	3	1	3	2	4	2	2	0	0	2	4	4	4	2	3	3	3	1	4	0	0	2	3	1	3	1	1	2	4	1	1	2	2	4	2	3	3	4	2	3	3
M028750_M284_11C	0	0	2	4	2	4	1	1	3	4	3	3	4	4	1	3	3	4	2	2	4	2	0	0	1	3	1	3	3	4	3	3	2	2	1	4	1	2	0	0	1	4	2	4	3	4	4	4	1	1	2	4	2	2	2	3	0	0	3	4	3	2	1	2	4	4	3	3	1	2	3	3	1	1	4	4	2	2	3	4	1	3	1	3	1	1	1	3	1	3	3	3	1	2	3	4	2	2	0	0	4	4	2	2	3	3	1	4	2	2	3	3	2	2	1	3	1	3	1	2	1	1	1	1	1	3	1	1	0	0	2	2	2	2	3	4	4	2	1	1	1	3	0	0	2	4	1	3	1	4	1	3	1	3	2	2	2	2	1	4	2	4	4	2	2	2	3	3	1	4	0	0	3	3	1	3	1	1	4	4	1	1	2	2	4	2	3	3	4	2	3	3
M028758_M284_12C	0	0	4	4	2	2	0	0	3	4	3	3	4	4	1	3	3	3	2	2	4	2	0	0	3	3	1	3	3	4	3	3	1	2	1	4	2	2	2	2	1	4	2	4	3	4	4	2	1	1	2	4	2	2	3	3	0	0	0	0	3	3	1	2	4	4	3	3	1	2	3	3	1	2	2	4	1	2	3	4	3	3	1	3	1	1	1	3	1	3	3	3	1	2	3	4	2	4	0	0	4	4	2	2	1	3	1	4	2	2	3	3	1	2	1	3	1	1	1	2	1	1	1	2	1	3	1	3	0	0	2	4	2	2	3	4	4	2	1	1	1	3	0	0	2	4	1	3	1	4	1	3	1	3	2	4	2	2	1	1	2	4	4	4	2	2	3	3	1	4	0	0	2	3	1	3	1	1	2	4	1	3	2	2	4	2	3	3	4	2	3	3
M041343_M416_1D	0	0	2	2	2	2	2	2	3	4	3	3	2	2	3	3	3	3	2	2	4	4	0	0	1	1	1	1	3	3	3	3	1	1	1	1	1	1	2	2	1	1	4	4	4	4	2	2	1	1	2	2	2	2	3	3	0	0	3	3	2	2	1	1	4	4	3	3	1	1	3	3	2	2	4	4	1	2	4	4	3	3	3	3	1	1	3	3	3	3	3	3	2	2	3	3	2	4	0	0	1	4	2	2	3	3	1	1	2	2	1	1	1	1	3	3	1	1	2	2	2	2	1	1	1	1	3	3	0	0	4	4	2	2	3	3	2	2	3	3	3	3	0	0	2	2	3	3	4	4	3	3	3	3	4	4	2	2	1	1	2	2	2	2	3	3	3	3	1	1	0	0	2	2	3	3	1	3	2	2	1	1	2	2	2	2	1	1	2	2	4	4
M041351_M416_2D	0	0	2	2	2	4	2	2	3	4	4	4	2	2	3	3	3	3	2	2	4	4	0	0	1	1	1	1	3	3	3	3	1	1	1	1	1	1	2	2	1	1	4	4	4	4	2	2	2	2	2	2	2	4	3	3	0	0	3	3	3	2	1	1	4	4	3	3	1	1	3	3	2	2	4	4	1	1	3	4	3	3	3	3	1	1	3	3	3	3	3	3	2	2	3	3	4	4	0	0	1	4	2	2	3	3	1	1	4	2	1	1	1	1	3	3	1	1	2	2	2	2	1	1	1	1	3	3	0	0	4	4	2	2	3	3	2	2	1	3	3	3	0	0	2	2	3	3	4	4	3	3	3	3	4	4	2	2	1	1	2	2	2	2	3	3	3	3	1	1	0	0	2	2	3	3	1	3	2	2	1	1	2	2	2	2	1	1	2	2	4	4
M041359_M416_3D	0	0	2	2	2	2	2	2	3	4	3	3	2	2	3	3	3	3	2	2	4	4	0	0	1	1	1	1	3	3	3	3	1	1	1	1	1	2	2	2	1	1	4	4	4	4	2	2	1	1	2	2	2	2	3	3	0	0	3	3	2	2	1	1	4	4	3	3	1	1	3	3	2	2	4	4	1	1	3	4	3	3	3	3	1	1	3	3	3	3	3	3	2	2	3	3	2	4	0	0	1	4	2	2	3	3	1	1	2	2	1	1	1	1	3	3	1	3	2	2	2	2	1	1	1	1	1	3	0	0	4	4	2	2	3	3	2	2	1	3	3	3	0	0	2	2	3	3	4	4	3	3	3	3	4	4	2	2	1	1	2	2	2	2	3	3	3	3	1	1	0	0	2	2	3	3	3	3	2	2	1	1	1	1	2	2	1	1	2	2	4	4
M041367_M416_4D	0	0	2	2	2	4	2	2	3	3	3	4	2	2	3	3	3	3	2	2	4	4	0	0	1	1	1	1	3	3	3	3	1	1	1	1	1	1	2	2	1	1	4	4	4	4	2	2	1	1	2	2	2	2	3	3	0	0	3	3	2	2	1	1	4	4	3	3	1	1	3	3	2	2	4	4	1	1	4	4	3	3	3	3	1	4	3	3	3	3	3	3	2	2	3	3	2	4	0	0	1	4	2	2	3	3	1	1	4	4	1	1	1	1	3	3	1	3	2	2	2	2	1	1	1	1	3	3	0	0	4	4	2	2	3	3	2	2	1	1	3	3	0	0	2	2	3	3	4	4	3	3	3	3	4	4	2	2	1	1	2	2	2	2	2	3	3	3	1	1	0	0	2	2	3	3	1	3	2	2	1	1	1	2	2	2	1	1	2	2	3	4
M041375_M416_5D	0	0	4	4	2	2	1	1	4	4	3	3	4	4	3	3	3	3	2	2	2	2	0	0	3	3	3	3	4	4	3	3	2	2	1	1	2	2	2	2	4	4	2	2	3	3	4	4	1	1	4	4	2	2	2	3	0	0	3	4	3	3	2	2	4	4	3	3	2	2	3	3	1	1	4	4	2	2	3	4	1	3	1	3	1	1	1	1	1	1	1	1	1	1	4	4	2	2	0	0	4	4	2	2	3	3	4	4	2	2	3	3	2	2	1	1	1	3	1	1	1	1	1	1	3	3	1	1	0	0	2	2	2	2	4	4	4	4	1	1	1	1	0	0	4	4	1	1	1	1	1	3	1	1	2	2	2	2	1	1	4	4	4	4	2	2	3	3	4	4	0	0	3	3	1	1	1	1	4	4	1	1	1	2	4	4	3	3	4	4	3	3
M041383_M416_6D	0	0	2	2	2	2	2	2	3	4	3	4	2	2	3	3	3	3	2	2	4	4	0	0	1	1	1	1	3	3	3	3	1	1	1	1	1	1	2	2	1	1	4	4	4	4	2	2	1	1	2	2	2	2	3	3	0	0	3	3	2	2	1	1	4	4	3	3	1	1	3	3	2	2	4	4	1	1	3	4	3	3	3	3	1	4	3	3	3	3	3	3	2	2	3	3	4	4	0	0	1	4	2	2	3	3	1	1	4	2	1	1	1	1	3	3	1	3	2	2	2	2	1	1	1	1	3	3	0	0	4	4	4	2	3	3	2	2	1	3	3	3	0	0	2	2	3	3	4	4	3	3	3	3	4	4	2	2	1	1	2	2	2	2	3	3	3	3	1	1	0	0	2	2	3	3	1	3	2	2	1	1	1	1	2	2	1	1	2	2	4	4
M028719_M284_7D	0	0	4	4	2	2	1	1	4	4	3	3	4	4	1	3	3	3	2	2	2	2	0	0	3	3	3	3	4	4	3	4	2	2	4	4	2	2	2	2	4	4	2	2	3	3	4	4	1	1	4	4	2	2	2	2	0	0	3	3	3	3	2	2	4	4	3	3	2	2	3	3	1	1	2	4	2	2	4	4	1	1	3	3	1	1	1	1	1	1	1	3	1	1	4	4	2	2	0	0	4	4	2	2	1	3	4	4	2	2	3	3	2	2	1	1	1	3	1	1	1	1	1	2	3	3	1	1	0	0	2	2	2	2	4	4	4	4	1	1	1	1	0	0	4	4	1	1	1	1	1	1	1	1	2	2	1	2	1	4	4	4	4	4	2	2	3	3	4	4	0	0	3	3	1	1	1	1	4	4	1	1	1	1	4	4	3	3	4	4	3	3
M028727_M284_8D	0	0	4	4	2	2	2	2	3	3	3	4	4	4	1	3	3	3	2	2	4	4	0	0	3	3	1	1	3	3	3	3	1	2	1	1	1	2	2	2	1	1	4	4	4	4	4	2	1	1	2	2	2	2	3	3	0	0	3	3	3	3	1	1	4	4	3	3	1	1	3	3	1	2	4	4	1	2	3	3	3	3	3	3	1	1	3	3	3	3	3	3	2	2	3	3	2	2	0	0	4	4	2	2	3	3	1	1	2	2	3	3	1	2	3	3	1	1	2	2	1	1	1	1	1	1	1	3	0	0	4	4	2	2	3	3	2	2	1	1	3	3	0	0	2	2	3	3	4	4	3	3	3	3	4	4	1	2	1	1	2	2	2	2	2	2	3	3	1	1	0	0	2	3	3	3	1	1	2	4	1	3	2	2	2	2	1	1	2	2	3	3
M028735_M284_9D	0	0	4	4	2	2	1	1	4	4	3	3	4	4	1	1	3	3	2	2	2	2	0	0	3	3	3	3	4	4	3	4	2	2	4	4	2	2	2	2	4	4	2	2	3	3	4	4	1	1	2	2	2	2	2	3	0	0	3	3	3	3	2	2	4	4	3	3	2	2	3	3	1	1	2	4	2	2	4	4	1	1	1	3	1	1	1	1	1	1	1	1	1	1	4	4	2	2	0	0	4	4	2	2	1	1	4	4	2	2	3	3	2	2	1	3	1	1	1	1	1	1	1	2	3	3	1	1	0	0	2	2	2	2	4	4	4	4	1	1	1	1	0	0	4	4	1	1	1	1	1	1	1	1	2	2	2	2	1	4	4	4	4	4	2	2	3	3	4	4	0	0	3	3	1	1	1	1	4	4	1	1	2	2	4	4	3	3	4	4	3	3
M028743_M284_10D	0	0	4	4	2	4	2	2	3	3	3	3	4	4	1	3	3	4	2	2	4	4	0	0	3	3	1	1	3	3	3	3	1	2	1	1	2	2	2	2	1	1	4	4	4	4	4	4	1	1	2	2	2	2	3	3	0	0	3	3	3	3	1	1	4	4	3	3	1	1	3	3	1	1	4	4	2	2	3	3	3	3	3	3	1	1	3	3	3	3	3	3	2	2	3	3	2	2	0	0	1	4	0	0	3	3	1	1	4	2	3	3	2	2	3	3	1	3	2	2	1	2	1	1	1	1	1	1	0	0	4	4	2	2	3	3	2	2	1	1	3	3	0	0	2	2	3	3	4	4	3	3	3	3	2	2	1	1	1	4	2	2	2	2	2	2	3	3	0	0	0	0	3	3	3	3	1	3	4	4	1	1	2	2	2	2	3	3	2	2	3	4
M028751_M284_11D	0	0	4	4	2	2	0	0	3	3	3	3	4	4	1	1	3	3	2	2	4	4	0	0	3	3	1	1	3	3	3	3	2	2	1	1	2	2	2	2	1	1	4	4	4	4	2	2	1	1	2	2	2	2	3	3	0	0	3	3	3	3	1	1	4	4	3	3	1	1	3	3	2	2	4	4	1	1	3	4	3	3	3	3	1	1	3	3	3	3	3	3	2	2	3	3	2	2	0	0	4	4	2	2	3	3	1	1	2	2	3	3	1	1	3	3	1	3	2	2	1	1	1	1	1	1	3	3	0	0	4	4	2	2	3	3	2	2	1	1	3	3	0	0	2	2	3	3	4	4	3	3	3	3	4	4	2	2	1	1	2	2	2	2	2	2	3	3	1	1	0	0	2	2	3	3	1	1	2	2	1	3	2	2	2	2	1	1	2	2	3	3
M028759_M284_12D	0	0	4	4	2	2	0	0	4	4	3	3	4	4	1	3	3	3	2	2	2	2	0	0	3	3	3	3	4	4	4	4	2	2	4	4	0	0	2	2	4	4	2	2	0	0	4	4	1	1	4	4	2	2	2	2	0	0	3	3	0	0	2	2	4	4	3	3	2	2	3	3	1	1	2	4	2	2	0	0	1	1	1	3	0	0	1	1	1	1	1	3	0	0	0	0	2	2	0	0	4	4	2	2	3	3	4	4	0	0	0	0	2	2	1	1	1	1	1	1	0	0	1	1	0	0	1	1	0	0	2	2	2	2	4	4	4	4	1	1	1	1	0	0	4	4	1	1	0	0	0	0	1	1	0	0	2	2	1	1	4	4	0	0	2	2	0	0	0	0	0	0	0	0	1	1	1	1	4	4	1	1	2	2	4	4	3	3	0	0	3	3
M041344_M416_1E	0	0	2	2	2	4	2	2	3	3	3	4	2	4	3	3	3	3	2	2	4	4	0	0	1	3	1	1	3	3	3	3	1	2	1	1	1	2	2	2	1	1	4	4	4	4	4	2	1	1	2	2	2	2	3	3	0	0	3	3	3	2	1	1	4	4	3	3	1	1	3	3	1	2	4	4	1	2	4	4	3	3	3	3	1	4	3	3	3	3	3	3	2	2	3	3	2	2	0	0	1	1	2	2	3	3	1	1	4	2	1	3	1	2	3	3	1	1	2	2	2	2	1	1	1	1	1	3	0	0	4	4	2	2	3	3	2	2	1	1	3	3	0	0	2	2	3	3	4	4	3	3	3	3	4	4	2	2	1	1	2	2	2	2	3	3	3	3	1	1	0	0	2	3	3	3	3	3	2	4	1	1	2	2	2	2	1	1	2	2	3	4
M041352_M416_2E	0	0	2	2	2	4	2	2	3	4	4	4	2	2	3	3	3	3	2	2	4	4	0	0	1	1	1	1	3	3	3	3	1	1	1	1	1	1	2	2	1	1	4	4	4	4	2	2	1	2	2	2	2	2	3	3	0	0	3	3	2	2	1	1	4	4	3	3	1	1	3	3	2	2	4	4	1	1	3	4	3	3	3	3	1	1	3	3	3	3	3	3	2	2	3	3	4	4	0	0	4	4	2	2	3	3	1	1	4	2	1	1	1	1	3	3	1	3	2	2	2	2	1	1	1	1	3	3	0	0	4	4	2	2	3	3	2	2	1	1	3	3	0	0	2	2	3	3	4	4	3	3	3	3	4	4	2	2	1	1	2	2	2	2	3	3	3	3	1	1	0	0	2	2	3	3	1	3	2	2	1	1	2	2	2	2	1	1	2	2	4	4
M041360_M416_3E	0	0	2	4	2	2	0	0	3	4	3	3	2	4	3	3	3	3	2	2	4	2	0	0	1	3	1	3	3	4	3	3	1	2	1	1	1	2	0	0	1	4	2	4	3	4	4	2	1	1	2	4	2	2	2	3	0	0	3	3	3	2	1	2	4	4	3	3	1	2	3	3	1	2	4	4	2	2	4	4	3	3	1	3	1	4	1	3	1	3	1	3	1	2	3	4	2	4	0	0	1	4	2	2	3	3	1	4	2	2	1	1	1	2	1	3	1	3	1	2	1	2	1	2	1	3	1	3	0	0	2	4	2	2	3	4	4	2	1	3	1	3	0	0	2	4	1	3	1	4	3	3	1	1	2	2	2	2	1	1	2	4	4	2	2	3	3	3	1	4	0	0	2	3	1	3	1	1	2	4	1	1	2	2	4	2	1	1	4	2	3	4
M041368_M416_4E	0	0	2	2	2	4	2	2	3	3	3	4	2	2	3	3	3	3	2	2	4	4	0	0	1	1	1	1	3	3	3	3	1	1	1	1	1	1	2	2	1	1	4	4	4	4	2	2	1	1	2	2	2	2	3	3	0	0	3	3	2	2	1	1	4	4	3	3	1	1	3	3	2	2	4	4	1	1	3	4	3	3	3	3	1	1	3	3	3	3	3	3	2	2	3	3	4	4	0	0	1	1	2	2	3	3	1	1	2	2	1	1	1	1	3	3	1	3	2	2	2	2	1	1	1	1	3	3	0	0	4	4	2	2	3	3	2	2	1	1	3	3	0	0	2	2	3	3	4	4	3	3	3	3	4	4	2	2	1	1	2	2	2	2	3	3	3	3	1	1	0	0	2	2	3	3	1	3	2	2	1	1	2	2	2	2	1	1	2	2	4	4
M041376_M416_5E	0	0	2	4	2	2	1	2	3	4	4	4	2	4	3	3	3	3	2	2	4	2	0	0	1	3	1	3	3	4	3	3	1	2	1	1	1	2	2	2	1	4	2	4	3	4	4	2	1	1	2	4	2	4	2	3	0	0	3	3	3	2	1	2	4	4	3	3	1	2	1	3	1	2	4	4	1	2	4	4	1	3	1	3	1	1	1	3	1	3	1	3	1	2	3	4	2	4	0	0	4	4	2	2	3	3	1	4	4	4	1	3	1	1	1	3	1	3	1	2	1	2	1	2	1	3	1	3	0	0	2	4	2	2	3	4	4	2	1	1	1	3	0	0	2	4	1	3	1	4	1	3	3	3	4	4	2	2	1	1	2	4	4	2	2	3	3	3	1	4	0	0	2	3	1	3	1	1	2	4	1	1	2	2	4	2	3	3	4	2	3	4
M041384_M416_6E	0	0	4	4	2	2	1	1	4	4	3	3	4	4	3	3	3	3	2	2	2	2	0	0	3	3	3	3	4	4	3	3	2	2	1	1	2	2	2	2	4	4	2	2	3	3	4	4	1	1	4	4	2	2	2	2	0	0	3	4	3	2	2	2	4	4	3	3	2	2	3	3	1	1	4	4	2	2	4	4	1	3	1	3	1	1	1	1	1	1	1	1	1	1	4	4	2	2	0	0	4	4	2	3	3	3	4	4	2	2	3	3	2	2	1	1	1	3	1	1	1	1	1	2	3	3	1	1	0	0	2	2	2	2	4	4	4	4	1	1	1	1	0	0	4	4	1	1	1	1	1	3	0	0	2	2	2	2	1	1	4	4	4	4	2	2	3	3	4	4	0	0	3	3	1	1	1	1	4	4	1	1	1	1	4	4	3	3	4	4	3	3
M028720_M284_7E	0	0	2	4	2	2	1	2	3	3	3	3	4	4	1	1	3	3	2	2	4	2	0	0	1	3	1	3	3	4	3	3	1	2	1	4	2	2	2	2	1	4	2	4	3	4	4	2	1	1	2	4	2	2	2	3	0	0	0	0	3	3	1	2	4	4	3	3	1	2	3	3	1	2	4	4	1	2	3	4	1	3	3	3	1	1	1	3	1	3	3	3	1	2	3	4	2	4	0	0	4	4	2	2	3	3	1	4	2	2	3	3	1	2	3	3	1	1	1	2	1	1	1	2	1	3	1	3	0	0	2	4	2	2	3	4	4	2	1	1	1	3	0	0	2	4	1	3	1	4	1	3	1	3	2	4	2	2	1	1	2	4	4	2	2	2	3	3	1	4	0	0	0	0	1	3	1	1	2	4	1	3	2	2	4	2	3	3	4	2	3	3
M028728_M284_8E	0	0	4	4	2	2	1	1	3	4	3	4	2	4	1	3	3	3	2	2	4	2	0	0	3	3	1	3	3	4	3	3	2	2	1	4	1	2	2	2	1	4	2	4	3	4	4	4	1	1	2	4	2	2	2	3	0	0	3	3	3	3	1	2	4	4	3	3	1	2	3	3	1	1	4	4	2	2	3	4	1	3	3	3	1	1	1	3	1	3	1	3	1	2	3	4	2	2	0	0	4	4	2	2	3	3	1	4	4	2	3	3	2	2	1	3	1	3	1	2	1	1	1	2	1	3	1	1	0	0	2	4	2	2	3	4	4	2	1	1	1	3	0	0	2	4	1	3	1	4	1	3	1	3	2	2	1	2	1	1	2	4	4	4	2	2	3	3	1	4	0	0	3	3	1	3	1	1	4	4	1	3	2	2	4	2	3	3	4	2	3	3
M028736_M284_9E	0	0	2	4	2	4	1	1	3	4	3	4	4	4	1	3	3	3	2	2	4	2	0	0	1	3	1	3	3	4	3	3	2	2	1	1	1	2	2	2	1	4	2	4	3	4	4	4	1	1	2	2	2	2	2	3	0	0	3	3	3	2	1	2	4	4	3	3	1	2	3	3	1	1	4	4	2	2	3	4	3	3	1	3	1	1	1	3	1	3	1	3	1	2	3	4	2	4	0	0	4	4	2	3	3	3	1	4	2	2	3	3	2	2	1	3	1	1	1	2	1	1	1	1	1	3	1	1	0	0	2	2	2	2	3	4	4	2	1	1	1	3	0	0	2	4	1	3	1	4	3	3	1	3	2	2	1	2	1	4	2	4	4	2	2	2	3	3	1	4	0	0	3	3	1	3	1	1	4	4	1	3	2	2	4	2	3	3	4	2	3	4
M028744_M284_10E	0	0	4	4	2	4	1	1	3	4	3	3	4	4	1	1	3	3	2	2	4	2	0	0	1	3	1	3	3	4	3	3	2	2	1	1	1	2	2	2	1	4	2	4	3	4	4	2	1	1	2	4	2	2	2	3	0	0	3	3	3	3	1	2	4	4	3	3	1	2	3	3	1	2	4	4	1	2	3	4	3	3	1	3	1	1	1	3	1	3	3	3	1	2	3	4	2	2	0	0	4	4	2	3	3	3	1	4	2	2	3	3	2	2	1	3	1	1	1	2	1	1	1	1	1	3	1	1	0	0	2	4	4	2	3	4	4	2	1	1	1	3	0	0	2	4	1	3	1	4	1	3	1	3	2	4	1	1	1	4	2	4	4	2	2	2	3	3	1	4	0	0	3	3	1	3	1	1	2	4	1	1	2	2	4	2	3	3	4	2	3	3
M028752_M284_11E	0	0	0	0	0	0	0	0	0	0	0	0	0	0	0	0	0	0	0	0	4	4	0	0	0	0	0	0	0	0	0	0	0	0	0	0	0	0	0	0	0	0	0	0	0	0	0	0	0	0	0	0	0	0	0	0	0	0	0	0	0	0	1	1	0	0	0	0	0	0	0	0	0	0	0	0	0	0	0	0	0	0	0	0	0	0	0	0	0	0	0	0	0	0	0	0	0	0	0	0	0	0	0	0	0	0	0	0	0	0	0	0	0	0	0	0	0	0	0	0	0	0	0	0	0	0	0	0	0	0	2	2	0	0	4	4	0	0	0	0	0	0	0	0	0	0	0	0	0	0	0	0	0	0	0	0	0	0	0	0	0	0	0	0	0	0	0	0	0	0	0	0	0	0	0	0	0	0	0	0	0	0	0	0	0	0	0	0	0	0	0	0
M028760_M284_12E	0	0	0	0	2	2	0	0	3	3	0	0	4	4	1	1	3	3	2	2	4	4	0	0	0	0	1	1	3	3	3	3	2	2	1	1	1	1	2	2	1	1	4	4	4	4	4	4	1	1	2	2	2	2	3	3	0	0	3	3	3	2	1	1	4	4	3	3	1	1	3	3	1	1	4	4	2	2	3	3	3	3	3	3	1	1	3	3	3	3	3	3	2	2	3	3	2	2	0	0	4	4	2	2	3	3	1	1	2	2	3	3	2	2	3	3	1	1	2	2	1	1	1	1	1	1	1	1	0	0	4	4	2	2	3	3	2	2	1	1	3	3	0	0	2	2	3	3	4	4	3	3	0	0	0	0	1	1	1	1	2	2	2	2	2	2	3	3	1	1	0	0	3	3	3	3	1	1	4	4	1	3	2	2	2	2	3	3	2	2	3	3
M041345_M416_1F	0	0	2	2	2	2	2	2	3	3	3	4	2	2	3	3	3	3	2	2	4	4	0	0	1	1	1	1	3	3	3	3	1	1	1	1	1	1	2	2	1	1	4	4	4	4	2	2	1	1	2	2	2	4	3	3	0	0	3	3	2	2	1	1	4	4	3	3	1	1	3	3	2	2	4	4	1	1	4	4	3	3	3	3	1	1	3	3	3	3	3	3	2	2	3	3	2	4	0	0	1	4	2	2	3	3	1	1	2	2	1	1	1	1	3	3	1	3	2	2	2	2	1	1	1	1	3	3	0	0	4	4	2	2	3	3	2	2	1	3	3	3	0	0	2	2	3	3	4	4	3	3	3	3	4	4	1	2	1	1	2	2	2	2	3	3	3	3	1	1	0	0	2	2	3	3	1	3	2	2	1	1	2	2	2	2	1	1	2	2	4	4
M041353_M416_2F	0	0	2	4	2	2	0	0	3	4	3	3	2	4	1	3	3	3	2	2	4	2	0	0	1	3	1	3	3	4	3	3	1	2	1	1	1	2	2	2	1	4	2	4	3	4	4	2	1	1	2	4	2	2	2	3	0	0	3	3	3	2	1	2	4	4	3	3	1	2	3	3	1	2	4	4	1	2	3	4	3	3	1	3	1	4	1	3	1	3	1	3	1	2	3	4	2	2	0	0	1	4	2	3	3	3	1	4	4	4	1	3	1	2	1	3	3	3	1	2	1	2	1	1	1	3	1	3	0	0	2	2	2	2	3	4	4	2	1	1	1	3	0	0	2	4	1	3	1	4	3	3	1	3	2	4	2	2	1	4	2	4	4	2	2	3	3	3	1	4	0	0	2	3	1	3	1	3	2	4	1	1	1	1	4	2	3	3	4	2	3	4
M041361_M416_3F	0	0	2	2	2	4	2	2	3	3	3	3	2	4	3	3	3	3	2	2	4	4	0	0	1	3	1	1	3	3	3	3	1	2	1	1	1	2	2	2	1	1	4	4	4	4	4	2	1	1	2	2	2	2	3	3	0	0	3	3	3	2	1	1	4	4	3	3	1	1	3	3	1	2	4	4	1	2	3	4	3	3	3	3	1	4	3	3	3	3	3	3	2	2	3	3	2	2	0	0	1	1	2	2	3	3	1	1	4	4	1	3	1	2	3	3	1	3	2	2	2	2	1	1	1	1	1	3	0	0	4	4	2	2	3	3	2	2	1	1	3	3	0	0	2	2	3	3	4	4	3	3	3	3	4	4	2	2	1	1	2	2	2	2	3	3	3	3	1	1	0	0	2	3	3	3	1	3	2	4	1	1	2	2	2	2	1	1	2	2	3	4
M041369_M416_4F	0	0	2	2	2	2	2	2	3	3	3	3	2	2	3	3	3	3	2	2	4	4	0	0	1	1	1	1	3	3	3	3	1	1	1	1	1	1	2	2	1	1	4	4	4	4	2	2	1	1	2	2	2	2	3	3	0	0	3	3	2	2	1	1	4	4	3	3	1	1	3	3	2	2	4	4	1	1	3	4	3	3	3	3	1	4	3	3	3	3	3	3	2	2	3	3	2	2	0	0	4	4	2	2	3	3	1	1	2	2	1	1	1	1	3	3	3	3	2	2	2	2	1	1	1	1	3	3	0	0	4	4	2	2	3	3	2	2	1	1	3	3	0	0	2	2	3	3	4	4	3	3	3	3	4	4	1	2	1	1	2	2	2	2	2	3	3	3	1	1	0	0	2	2	3	3	1	3	2	2	1	1	1	2	2	2	1	1	2	2	4	4
M041377_M416_5F	0	0	2	2	2	2	2	2	3	4	3	3	2	2	3	3	3	3	2	2	4	4	0	0	1	1	1	1	3	3	3	3	1	1	1	1	1	1	2	2	1	1	4	4	4	4	2	2	1	1	2	2	2	2	3	3	0	0	3	3	2	2	1	1	4	4	3	3	1	1	3	3	2	2	4	4	1	2	3	4	3	3	3	3	1	1	3	3	3	3	3	3	2	2	3	3	4	4	0	0	1	1	2	2	3	3	1	1	2	2	1	1	1	1	3	3	1	3	2	2	2	2	1	1	1	1	3	3	0	0	4	4	2	2	3	3	2	2	1	3	3	3	0	0	2	2	3	3	4	4	3	3	3	3	2	4	2	2	1	1	2	2	2	2	2	3	3	3	1	1	0	0	2	2	3	3	1	3	2	2	3	3	1	2	2	2	1	1	2	2	3	4
M041385_M416_6F	0	0	2	2	2	4	2	2	3	3	4	4	2	2	3	3	3	3	2	2	4	4	0	0	1	1	1	1	3	3	3	3	1	1	1	1	1	1	2	2	1	1	4	4	4	4	2	2	1	1	2	2	2	2	3	3	0	0	3	3	2	2	1	1	4	4	3	3	1	1	3	3	2	2	4	4	1	1	3	4	3	3	3	3	1	1	3	3	3	3	3	3	2	2	3	3	2	4	0	0	1	4	2	2	3	3	1	1	2	2	1	1	1	1	3	3	1	3	2	2	2	2	1	1	1	1	3	3	0	0	4	4	2	2	3	3	2	2	1	1	3	3	0	0	2	2	3	3	4	4	3	3	3	3	4	4	1	2	1	1	2	2	2	2	3	3	3	3	1	1	0	0	2	2	3	3	1	3	2	2	1	1	2	2	2	2	1	1	2	2	4	4
M028721_M284_7F	0	0	4	4	2	2	0	0	3	3	3	3	4	4	1	3	3	4	2	2	4	4	0	0	3	3	1	1	3	3	3	3	2	2	1	1	1	1	2	2	1	1	4	4	4	4	4	2	1	1	2	2	2	2	3	3	0	0	3	3	3	3	1	1	4	4	3	3	1	1	3	3	1	2	4	4	1	2	3	3	3	3	3	3	1	1	3	3	3	3	3	3	2	2	3	3	2	2	0	0	4	4	2	2	3	3	1	1	2	2	3	3	2	2	3	3	1	1	2	2	1	1	1	1	1	1	1	1	0	0	4	4	2	2	3	3	2	2	1	1	3	3	0	0	2	2	3	3	4	4	3	3	3	3	4	4	1	2	1	1	2	2	2	2	2	2	3	3	1	1	0	0	3	3	3	3	1	1	2	4	1	1	2	2	2	2	1	1	2	2	3	3
M028729_M284_8F	0	0	2	4	2	4	1	1	3	4	3	3	4	4	1	3	3	3	2	2	4	2	0	0	1	3	1	3	3	4	3	3	2	2	1	1	1	2	2	2	1	4	2	4	3	4	4	4	1	1	2	2	2	2	2	3	0	0	3	3	3	2	1	2	4	4	3	3	1	2	3	3	1	1	4	4	2	2	3	4	3	3	1	3	1	1	1	3	1	3	1	3	1	2	3	4	2	4	0	0	4	4	2	3	3	3	1	4	2	2	3	3	2	2	1	3	1	1	1	2	1	1	1	1	1	3	1	1	0	0	2	2	2	2	3	4	4	2	1	1	1	3	0	0	2	4	1	3	1	4	3	3	1	3	2	2	1	2	1	4	2	4	4	2	2	2	3	3	1	4	0	0	3	3	1	3	1	1	4	4	1	3	2	2	4	2	3	3	4	2	3	4
M028737_M284_9F	0	0	4	4	2	4	0	0	3	3	3	4	0	0	1	1	3	3	2	2	4	4	0	0	3	3	1	1	3	3	3	3	2	2	1	1	1	2	2	2	1	1	4	4	4	4	2	2	1	1	2	2	2	2	3	3	0	0	3	3	3	3	1	1	4	4	3	3	1	1	3	3	2	2	4	4	1	1	3	3	3	3	3	3	1	1	3	3	3	3	3	3	2	2	3	3	2	2	0	0	4	4	2	2	3	3	0	0	2	2	1	3	1	1	3	3	0	0	2	2	0	0	0	0	0	0	0	0	0	0	4	4	4	2	3	3	2	2	1	1	3	3	0	0	2	2	3	3	4	4	3	3	3	3	4	4	1	1	1	1	2	2	2	2	2	2	3	3	1	1	0	0	2	2	3	3	1	1	2	2	3	3	2	2	2	2	1	1	2	2	3	3
M028745_M284_10F	0	0	4	4	2	2	1	1	4	4	3	3	0	0	1	1	3	3	2	2	2	2	0	0	3	3	3	3	4	4	3	3	2	2	1	4	2	2	2	2	4	4	2	2	3	3	4	4	1	1	2	4	2	2	2	2	0	0	3	3	3	3	2	2	4	4	3	3	2	2	3	3	1	1	4	4	2	2	4	4	1	1	1	1	1	1	1	1	1	1	3	3	1	1	4	4	2	2	0	0	4	4	0	0	3	3	4	4	2	2	3	3	2	2	1	1	1	3	1	1	1	1	2	2	3	3	1	1	0	0	2	2	2	2	4	4	4	4	1	1	1	1	0	0	4	4	1	1	1	1	1	1	1	1	2	2	2	2	4	4	4	4	4	4	2	2	3	3	4	4	0	0	3	3	1	1	1	1	4	4	1	1	2	2	4	4	3	3	0	0	3	3
M028753_M284_11F	0	0	4	4	2	2	1	1	4	4	3	3	0	0	1	1	3	3	2	2	4	4	0	0	0	0	0	0	0	0	3	3	2	2	1	4	0	0	0	0	1	4	0	0	0	0	4	4	1	1	2	2	2	2	2	3	0	0	4	4	3	3	1	1	4	4	0	0	0	0	3	3	1	1	2	4	0	0	4	4	0	0	1	3	1	1	0	0	0	0	0	0	2	2	0	0	2	2	0	0	4	4	0	0	3	3	0	0	2	2	3	3	0	0	0	0	1	1	1	2	1	1	1	2	3	3	0	0	0	0	0	0	2	2	3	4	0	0	1	1	0	0	0	0	2	2	0	0	4	4	0	0	1	1	2	2	2	2	0	0	2	4	4	4	2	2	3	3	4	4	0	0	0	0	0	0	0	0	4	4	1	3	2	2	4	2	0	0	0	0	3	3
M028761_M284_12F	0	0	4	4	2	2	1	1	4	4	3	4	4	4	1	1	3	3	2	2	0	0	0	0	3	3	3	3	4	4	3	4	2	2	0	0	2	2	2	2	4	4	0	0	3	3	4	4	1	1	4	4	2	2	2	3	0	0	3	3	0	0	2	2	4	4	3	3	0	0	3	3	0	0	0	0	1	2	0	0	1	1	1	3	1	1	1	1	1	1	1	3	1	1	4	4	2	2	0	0	4	4	2	2	1	3	4	4	2	2	3	3	2	2	1	1	1	1	1	1	1	1	2	2	3	3	1	1	0	0	2	2	2	2	4	4	4	4	1	1	1	1	0	0	4	4	1	1	0	0	0	0	1	1	0	0	2	2	1	1	4	4	4	4	2	2	3	3	0	0	0	0	0	0	1	1	1	1	4	4	1	1	2	2	4	4	3	3	4	2	3	3
M041346_M416_1G	0	0	2	2	2	2	0	0	3	4	3	4	2	4	3	3	3	3	2	2	4	2	0	0	1	3	1	3	3	4	3	3	1	2	1	1	1	2	2	2	1	4	2	4	3	4	4	2	1	1	2	2	2	2	2	3	0	0	3	3	3	2	1	2	4	4	3	3	1	2	3	3	1	2	4	4	1	2	4	4	3	3	3	3	1	4	1	3	1	3	1	3	1	2	3	4	2	4	0	0	4	4	2	2	3	3	1	4	4	2	1	3	1	2	1	3	1	1	1	2	1	2	1	1	1	3	1	3	0	0	2	2	2	2	3	4	4	2	1	1	1	3	0	0	2	4	1	3	1	4	3	3	3	3	2	4	2	2	1	1	2	4	4	2	2	2	3	3	1	4	0	0	2	3	1	3	1	1	2	4	1	1	2	2	4	2	1	1	4	2	0	0
M041354_M416_2G	0	0	4	4	2	2	1	1	4	4	3	3	4	4	3	3	3	3	2	2	2	2	0	0	3	3	3	3	4	4	3	3	2	2	1	4	2	2	2	2	4	4	2	2	3	3	4	4	1	2	4	4	2	2	2	3	0	0	3	3	3	2	2	2	4	4	3	3	2	2	3	3	1	1	2	4	2	2	3	4	1	3	1	3	1	1	1	1	1	1	1	3	1	1	4	4	2	2	0	0	4	4	2	2	3	3	4	4	2	2	3	3	2	2	1	3	3	3	0	0	1	1	2	2	3	3	1	1	0	0	2	2	2	2	4	4	4	4	1	1	1	1	0	0	4	4	1	1	1	1	1	1	1	1	2	2	1	2	4	4	4	4	4	4	2	2	3	3	4	4	0	0	3	3	1	1	1	1	4	4	1	1	2	2	4	4	3	3	4	4	3	3
M041362_M416_3G	0	0	2	4	2	2	0	0	3	4	3	3	2	4	3	3	3	3	2	2	4	2	0	0	1	3	1	3	3	4	3	3	1	2	1	1	1	2	2	2	1	4	2	4	3	4	4	2	1	2	2	4	2	2	2	3	0	0	3	3	3	2	1	2	4	4	3	3	1	2	3	3	1	2	4	4	2	2	4	4	3	3	1	3	1	1	1	3	1	3	1	3	1	2	3	4	2	4	0	0	1	4	2	2	3	3	1	4	2	2	1	1	1	2	1	3	1	1	1	2	1	2	1	2	1	3	1	3	0	0	2	4	2	2	3	4	4	2	1	3	1	3	0	0	2	4	1	3	1	4	3	3	1	1	2	2	2	2	1	1	2	4	4	2	2	3	3	3	1	4	0	0	2	3	1	3	1	1	2	4	1	1	2	2	4	2	1	1	4	2	3	4
M041370_M416_4G	0	0	2	4	2	4	0	0	3	4	4	4	2	4	3	3	3	3	2	2	4	4	0	0	1	3	1	3	3	4	3	3	1	2	1	1	1	2	2	2	1	4	2	4	3	4	4	2	1	1	2	4	2	2	2	3	0	0	3	3	2	2	1	2	4	4	3	3	1	2	3	3	1	2	4	4	1	2	3	3	3	3	1	3	1	4	1	3	1	3	3	3	1	2	3	4	2	4	0	0	1	4	2	3	3	3	1	4	2	2	1	1	1	2	1	3	1	1	1	2	1	2	1	2	1	3	1	3	0	0	2	4	2	2	3	4	4	2	1	1	1	3	0	0	2	4	1	3	1	4	1	3	3	3	2	4	2	2	1	1	2	4	4	2	2	3	3	3	1	4	0	0	2	3	1	3	1	3	2	4	1	1	2	2	4	2	1	1	4	2	3	4
M041378_M416_5G	0	0	2	4	2	4	1	2	4	4	3	3	2	4	3	3	3	3	2	2	4	4	0	0	1	3	1	3	3	4	3	3	1	2	1	1	1	2	2	2	1	4	2	4	3	4	4	2	1	1	2	4	2	2	2	3	0	0	3	3	3	2	1	2	4	4	3	3	1	2	3	3	1	2	4	4	1	2	4	4	3	3	1	3	1	1	1	3	1	3	1	3	1	2	3	4	2	2	0	0	1	4	2	3	3	3	1	4	4	2	1	3	1	2	1	3	1	3	1	2	1	2	1	2	1	3	1	3	0	0	2	2	2	2	3	4	4	2	1	3	1	3	0	0	2	4	1	3	1	4	3	3	3	3	2	4	2	2	1	1	2	4	4	2	2	3	3	3	1	4	0	0	2	3	1	3	1	3	2	4	1	1	1	1	4	2	3	3	4	2	3	4
M041386_M416_6G	0	0	2	4	2	2	2	2	3	3	3	4	2	2	3	3	3	3	2	2	4	4	0	0	1	3	1	1	3	3	3	3	1	1	1	1	1	1	2	2	1	1	4	4	4	4	2	2	1	1	2	2	2	2	3	3	0	0	3	3	2	2	1	1	4	4	3	3	1	1	3	3	1	2	4	4	1	1	4	4	3	3	3	3	1	4	3	3	3	3	3	3	2	2	3	3	2	4	0	0	4	4	2	2	3	3	1	1	4	2	1	3	1	1	3	3	1	1	2	2	1	2	1	1	1	1	1	3	0	0	4	4	2	2	3	3	2	2	1	1	3	3	0	0	2	2	3	3	4	4	3	3	3	3	4	4	2	2	1	1	2	2	2	2	2	3	3	3	1	1	0	0	2	2	3	3	3	3	2	2	1	1	1	2	2	2	1	1	2	2	3	4
M028722_M284_7G	0	0	2	2	2	4	0	0	3	3	3	3	4	4	1	1	3	3	2	2	4	4	0	0	1	3	1	1	3	3	3	3	2	2	1	1	1	2	2	2	1	1	4	4	4	4	2	2	1	1	2	2	2	2	3	3	0	0	3	3	3	2	1	1	4	4	3	3	1	1	3	3	2	2	4	4	1	1	3	3	3	3	3	3	1	1	3	3	3	3	3	3	2	2	3	3	2	4	0	0	4	4	2	2	3	3	1	1	2	2	3	3	1	2	3	3	1	3	2	2	1	1	1	1	1	1	1	3	0	0	4	4	2	2	3	3	2	2	1	3	3	3	0	0	2	2	3	3	4	4	3	3	3	3	4	4	1	1	1	1	2	2	2	2	2	2	3	3	1	1	0	0	2	3	3	3	1	1	2	2	1	3	2	2	2	2	1	1	2	2	3	4
M028730_M284_8G	0	0	4	4	2	2	1	1	4	4	3	3	4	4	1	3	3	3	2	2	2	2	0	0	3	3	3	3	4	4	3	4	2	2	4	4	2	2	2	2	4	4	2	2	3	3	4	4	1	1	4	4	2	2	2	2	0	0	3	4	3	3	2	2	4	4	0	0	2	2	3	3	1	1	4	4	2	2	4	4	1	1	1	1	1	1	1	1	1	1	3	3	1	1	4	4	2	2	0	0	4	4	2	2	3	3	4	4	2	2	3	3	2	2	1	3	1	1	1	1	1	1	1	2	3	3	1	1	0	0	2	2	2	2	4	4	4	4	1	1	1	1	0	0	4	4	1	1	1	1	1	1	1	1	2	2	2	2	1	4	4	4	4	4	2	2	0	0	4	4	0	0	3	3	1	1	1	1	4	4	1	1	2	2	4	4	3	3	4	4	3	3
M028738_M284_9G	0	0	4	4	2	2	1	1	4	4	3	3	4	4	1	3	3	3	2	2	2	2	0	0	3	3	3	3	4	4	4	4	2	2	4	4	2	2	2	2	4	4	2	2	3	3	4	4	1	1	2	4	2	2	2	3	0	0	3	3	3	3	2	2	4	4	0	0	2	2	3	3	1	1	4	4	2	2	4	4	1	1	1	3	1	1	1	1	1	1	3	3	1	1	4	4	2	2	0	0	4	4	2	2	1	3	4	4	2	2	3	3	2	2	1	1	1	1	1	1	1	1	1	2	3	3	1	1	0	0	2	2	2	2	4	4	4	4	1	1	1	1	0	0	4	4	1	1	1	1	1	1	1	1	2	2	1	2	1	1	4	4	4	4	2	2	3	3	4	4	0	0	3	3	1	1	1	1	4	4	1	1	2	2	4	4	3	3	4	4	3	3
M028746_M284_10G	0	0	0	0	4	4	0	0	3	3	3	4	4	4	1	3	3	3	2	2	4	4	0	0	1	1	1	1	3	3	3	3	1	2	1	1	1	1	2	2	1	1	4	4	0	0	4	2	1	1	2	2	2	2	3	3	0	0	3	3	0	0	1	1	4	4	3	3	1	1	3	3	1	2	4	4	1	2	3	4	3	3	3	3	1	1	3	3	3	3	3	3	2	2	3	3	4	4	0	0	4	4	2	2	3	3	1	1	2	2	3	3	2	2	3	3	1	3	2	2	1	1	1	1	1	1	1	1	0	0	2	4	2	2	3	3	2	2	1	3	3	3	0	0	2	2	3	3	4	4	3	3	3	3	4	4	1	1	1	1	2	2	2	2	2	2	3	3	1	1	0	0	3	3	3	3	1	1	2	4	3	3	2	2	2	2	3	3	2	2	3	4
M028754_M284_11G	0	0	2	4	2	4	1	1	3	4	3	3	4	4	1	1	3	3	2	2	4	2	0	0	1	3	1	3	3	4	3	3	2	2	1	1	1	2	2	2	1	4	2	4	3	4	4	4	1	1	2	2	2	2	2	3	0	0	3	3	3	2	1	2	4	4	3	3	1	2	3	3	1	1	4	4	2	2	3	3	3	3	1	3	1	1	1	1	1	3	1	3	1	2	3	4	2	2	0	0	4	4	2	3	3	3	1	4	2	2	3	3	2	2	1	3	1	1	1	2	1	1	1	1	1	3	1	1	0	0	2	2	2	2	3	4	4	2	1	1	1	3	0	0	2	4	1	3	1	4	3	3	1	3	2	2	1	2	1	4	2	4	4	2	2	2	3	3	1	4	0	0	3	3	1	3	1	1	4	4	1	1	2	2	4	2	3	3	4	2	0	0
M028762_M284_12G	0	0	2	4	2	4	2	2	3	3	3	3	4	4	1	3	3	4	2	2	4	4	0	0	3	3	1	1	3	3	3	3	1	2	1	1	1	2	2	2	1	1	4	4	4	4	2	2	1	1	2	2	2	2	3	3	0	0	3	3	3	3	1	1	4	4	3	3	1	2	3	3	1	2	4	4	1	2	3	4	3	3	3	3	1	1	3	3	3	3	3	3	2	2	3	3	2	4	0	0	4	4	2	2	3	3	1	1	2	2	3	3	1	2	3	3	1	1	2	2	1	2	1	1	1	1	0	0	0	0	4	4	2	2	3	3	2	2	1	1	3	3	0	0	2	2	3	3	4	4	3	3	3	3	4	4	2	2	1	1	2	2	2	2	2	2	3	3	1	1	0	0	2	3	3	3	1	1	2	4	1	3	2	2	2	2	1	1	2	2	3	3
M041347_M416_1H	0	0	2	2	2	4	2	2	3	4	4	4	2	2	3	3	3	3	2	2	4	4	0	0	1	1	1	1	3	3	3	3	1	1	1	1	1	1	2	2	1	1	4	4	4	4	2	2	2	2	2	2	2	4	3	3	0	0	3	3	3	2	1	1	4	4	3	3	1	1	3	3	2	2	4	4	1	1	3	4	3	3	3	3	1	1	3	3	3	3	3	3	2	2	3	3	4	4	0	0	1	4	2	2	3	3	1	1	4	2	1	1	1	1	3	3	1	1	2	2	2	2	1	1	1	1	3	3	0	0	4	4	2	2	3	3	2	2	1	3	3	3	0	0	2	2	3	3	4	4	3	3	3	3	4	4	2	2	1	1	2	2	2	2	3	3	3	3	1	1	0	0	2	2	3	3	1	3	2	2	1	1	2	2	2	2	1	1	2	2	4	4
M041355_M416_2H	0	0	2	2	2	2	2	2	3	4	3	3	2	2	3	3	3	3	2	2	4	4	0	0	1	1	1	1	3	3	3	3	1	1	1	1	1	2	2	2	1	1	4	4	4	4	2	2	1	1	2	2	2	2	3	3	0	0	3	3	2	2	1	1	4	4	3	3	1	1	3	3	2	2	4	4	1	1	3	4	3	3	3	3	1	1	3	3	3	3	3	3	2	2	3	3	2	4	0	0	1	4	2	2	3	3	1	1	2	2	1	1	1	1	3	3	1	3	2	2	2	2	1	1	1	1	1	3	0	0	4	4	2	2	3	3	2	2	1	3	3	3	0	0	2	2	3	3	4	4	3	3	3	3	4	4	2	2	1	1	2	2	2	2	3	3	3	3	1	1	0	0	2	2	3	3	3	3	2	2	1	1	1	1	2	2	1	1	2	2	4	4
M041363_M416_3H	0	0	4	4	2	2	1	1	4	4	3	4	4	4	3	3	3	3	2	2	2	2	0	0	3	3	3	3	4	4	3	3	2	2	1	4	2	2	2	2	4	4	2	2	3	3	4	4	1	1	4	4	2	2	2	3	0	0	3	4	3	3	2	2	4	4	3	3	2	2	1	3	1	1	4	4	2	2	3	4	1	3	1	1	1	4	1	1	1	1	1	1	1	1	4	4	2	2	0	0	4	4	2	2	1	3	4	4	2	2	3	3	2	2	1	1	1	3	1	1	1	1	2	2	3	3	1	1	0	0	2	2	2	2	4	4	4	4	1	1	1	1	0	0	4	4	1	1	1	1	1	3	1	1	2	2	2	2	1	4	4	4	4	4	2	2	3	3	4	4	0	0	3	3	1	1	1	1	4	4	1	1	2	2	4	4	3	3	4	4	3	3
M041371_M416_4H	0	0	2	4	2	2	1	2	3	4	3	3	2	4	3	3	3	3	2	2	4	2	0	0	1	3	1	3	3	4	3	3	1	2	1	1	1	2	2	2	1	4	2	4	3	4	4	2	1	1	2	2	2	2	2	3	0	0	3	3	3	3	1	2	4	4	3	3	1	2	3	3	1	2	4	4	1	2	4	4	3	3	1	3	4	4	1	3	1	3	3	3	1	2	3	4	2	4	0	0	1	1	2	2	3	3	1	4	2	2	1	3	1	2	1	3	1	3	1	2	1	2	1	2	1	3	1	3	0	0	2	4	2	2	3	4	4	2	1	1	1	3	0	0	2	4	1	3	1	4	1	3	0	0	4	4	2	2	1	1	2	4	4	2	2	3	3	3	1	4	0	0	2	3	1	3	1	1	2	4	1	1	2	2	4	2	3	3	4	2	0	0
M041379_M416_5H	0	0	2	4	2	2	1	2	3	4	3	3	2	4	3	3	3	3	2	2	4	2	0	0	1	3	1	3	3	4	3	3	1	2	1	1	1	2	2	2	1	4	2	4	3	4	4	2	1	2	2	2	2	2	2	3	0	0	3	3	3	2	1	2	4	4	3	3	1	2	3	3	1	2	4	4	1	2	4	4	3	3	1	3	4	4	1	3	1	3	3	3	1	2	3	4	2	4	0	0	1	4	2	2	3	3	1	4	2	2	1	3	1	2	1	3	1	3	1	2	1	2	1	2	1	3	1	3	0	0	2	2	2	2	3	4	4	2	1	3	1	3	0	0	2	4	1	3	1	4	1	3	0	0	4	4	2	2	1	1	2	4	4	2	2	3	3	3	1	4	0	0	2	3	1	3	1	3	2	4	1	1	2	2	4	2	3	3	4	2	3	4
M041387_M416_6H	0	0	2	2	2	4	2	2	4	4	3	4	2	2	3	3	3	3	2	2	4	4	0	0	1	1	1	1	3	3	3	3	1	1	1	1	1	1	2	2	1	1	4	4	4	4	2	2	1	1	2	2	2	2	3	3	0	0	3	3	2	2	1	1	4	4	3	3	1	1	3	3	2	2	4	4	1	1	4	4	3	3	3	3	1	4	3	3	3	3	3	3	2	2	3	3	4	4	0	0	1	4	2	2	3	3	1	1	2	2	1	1	1	1	3	3	1	3	2	2	2	2	1	1	1	1	3	3	0	0	4	4	2	2	3	3	2	2	1	1	3	3	0	0	2	2	3	3	4	4	3	3	3	3	4	4	2	2	1	1	2	2	2	2	2	3	3	3	1	1	0	0	2	2	3	3	1	1	2	2	1	1	2	2	2	2	1	1	2	2	3	4
M028723_M284_7H	0	0	4	4	2	2	0	0	3	3	0	0	4	4	3	3	3	4	2	2	4	4	0	0	3	3	1	1	3	3	3	3	1	2	1	1	1	2	0	0	1	1	4	4	4	4	4	4	1	1	2	2	2	2	3	3	0	0	0	0	3	3	1	1	4	4	3	3	1	1	3	3	1	1	4	4	2	2	3	4	3	3	3	3	1	1	3	3	3	3	3	3	2	2	3	3	2	2	0	0	4	4	2	2	3	3	1	1	2	2	3	3	2	2	3	3	1	1	2	2	1	1	1	1	1	1	1	1	0	0	4	4	2	2	3	3	2	2	1	1	3	3	0	0	2	2	3	3	4	4	3	3	3	3	0	0	1	2	1	1	2	2	2	2	2	2	3	3	1	1	0	0	3	3	3	3	1	1	4	4	1	3	2	2	2	2	1	1	2	2	3	3
M028731_M284_8H	0	0	2	4	2	2	1	1	3	4	3	3	2	4	1	3	3	3	2	2	4	2	0	0	1	3	1	3	3	4	3	3	2	2	1	4	1	2	2	2	1	4	2	4	3	4	4	2	1	1	2	4	2	2	2	3	0	0	3	4	3	2	1	2	4	4	3	3	1	2	3	3	1	2	4	4	1	2	3	4	1	3	1	3	1	1	1	3	1	3	1	3	1	2	3	4	2	4	0	0	4	4	2	2	3	3	1	4	4	2	3	3	1	1	1	3	1	1	1	2	1	1	1	1	1	3	1	3	0	0	2	2	2	2	3	4	4	2	1	1	1	3	0	0	2	4	1	3	1	4	1	3	1	3	4	4	1	2	1	4	2	4	4	2	2	2	3	3	1	4	0	0	2	3	1	3	1	1	2	4	1	3	2	2	4	2	3	3	4	2	3	4
M028739_M284_9H	0	0	2	4	2	2	1	1	3	4	3	4	2	4	1	1	3	3	2	2	4	2	0	0	1	3	1	3	3	4	3	4	2	2	1	4	1	2	2	2	1	4	2	4	3	4	4	2	1	1	2	4	2	2	3	3	0	0	3	3	3	2	1	2	4	4	3	3	1	2	3	3	1	1	4	4	1	1	3	4	1	3	1	3	1	1	1	3	1	3	3	3	1	2	3	4	2	2	0	0	4	4	2	2	1	3	1	4	2	2	3	3	1	2	1	3	1	1	1	2	1	1	1	2	1	3	1	1	0	0	2	2	2	2	3	4	4	2	1	1	1	3	0	0	2	4	1	3	1	4	1	3	1	3	2	4	1	2	1	1	2	4	4	2	2	2	3	3	1	4	0	0	2	3	1	3	1	1	2	2	1	3	2	2	4	2	3	3	4	2	0	0
M028747_M284_10H	0	0	4	4	2	2	1	1	4	4	3	4	4	4	3	3	3	4	2	2	2	2	0	0	3	3	3	3	4	4	3	3	2	2	4	4	2	2	0	0	4	4	2	2	3	3	4	4	1	1	4	4	2	2	2	2	0	0	3	4	3	3	2	2	4	4	3	3	2	2	3	3	1	1	2	4	2	2	4	4	1	1	1	1	1	1	1	1	1	1	3	3	1	1	4	4	2	2	0	0	4	4	2	2	3	3	4	4	2	2	3	3	2	2	1	3	1	3	1	1	1	1	2	2	3	3	1	1	0	0	2	2	2	2	4	4	4	4	1	1	1	1	0	0	4	4	1	1	1	1	1	1	1	1	2	2	2	2	1	1	4	4	4	4	2	2	3	3	4	4	0	0	3	3	1	1	1	1	4	4	1	1	2	2	4	4	3	3	4	4	3	3
M028755_M284_11H	0	0	4	4	2	2	1	2	4	4	0	0	2	4	1	1	3	3	2	2	4	2	0	0	3	3	1	3	3	4	3	4	1	2	1	4	2	2	2	2	1	4	2	4	3	4	4	2	1	1	2	4	2	2	3	3	0	0	0	0	3	3	1	2	4	4	3	3	0	0	3	3	1	2	2	4	1	1	4	4	1	3	1	3	1	1	1	3	1	3	1	3	1	2	3	4	2	4	0	0	4	4	2	2	1	3	1	4	2	2	1	3	0	0	3	3	1	1	1	2	1	1	1	2	1	3	1	3	0	0	2	4	2	2	3	4	4	2	1	1	1	3	0	0	2	4	1	3	1	4	1	3	1	3	2	4	2	2	1	4	2	4	4	2	2	2	3	3	1	4	0	0	2	3	1	3	1	1	2	4	1	1	2	2	4	2	3	3	4	2	3	3
M028763_M284_12H	0	0	0	0	2	4	0	0	3	3	3	3	0	0	1	1	3	3	2	2	4	4	0	0	0	0	1	1	3	3	3	3	2	2	1	1	1	1	2	2	1	1	4	4	4	4	4	4	1	1	2	2	2	2	3	3	0	0	3	3	3	2	1	1	4	4	3	3	1	1	3	3	1	1	4	4	2	2	3	4	0	0	3	3	1	1	3	3	0	0	3	3	2	2	3	3	2	2	0	0	1	4	2	2	3	3	1	1	2	2	1	3	0	0	3	3	1	3	2	2	1	2	1	1	1	1	0	0	0	0	4	4	2	2	3	3	0	0	1	1	3	3	0	0	2	2	3	3	4	4	3	3	3	3	0	0	1	2	1	1	2	2	2	2	2	3	3	3	1	1	0	0	0	0	3	3	1	1	4	4	1	1	0	0	2	2	0	0	0	0	0	0
