Sample_ID	OmyY1	OmyY1	R18251	R18251	R23044	R23044	R30220	R30220	R34286	R34286	R38993	R38993	SH114448	SH114448	R000200	R000200	R033859	R033859	R09768	R09768	R12730	R12730	R24463	R24463	R00586	R00586	R19198	R19198	R23330	R23330	R30355	R30355	R34385	R34385	R39365	R39365	SH121006	SH121006	R018277	R018277	R03418	R03418	R10226	R10226	R13191	R13191	R24493	R24493	R12738	R12738	R19633	R19633	R23813	R23813	R30423	R30423	R34662	R34662	R40094	R40094	SH127236	SH127236	R02551	R02551	R03924	R03924	R10530	R10530	R16543	R16543	R26255	R26255	R13730	R13730	R19731	R19731	R24068	R24068	R30589	R30589	R35324	R35324	R40152	R40152	OMS00116	OMS00116	R02676	R02676	R04143	R04143	R11238	R11238	R19868	R19868	R27050	R27050	R14225	R14225	R21285	R21285	R24273	R24273	R30678	R30678	R37205	R37205	R40252	R40252	OMS00143	OMS00143	R02783	R02783	R04203	R04203	R11353	R11353	R19948	R19948	R30551	R30551	R14383	R14383	R21330	R21330	R24370	R24370	R33010	R33010	R37229	R37229	R40319	R40319	OMS00144	OMS00144	R02785	R02785	R04760	R04760	R11790	R11790	R20353	R20353	R32124	R32124	R14511	R14511	R21561	R21561	R28680	R28680	R33411	R33411	R37560	R37560	R40342	R40342	OMS00159	OMS00159	R03042	R03042	R04944	R04944	R12528	R12528	R21023	R21023	R32692	R32692	R14589	R14589	R22570	R22570	R30015	R30015	R33562	R33562	R38346	R38346	R40580	R40580	OMS00169	OMS00169	R03306	R03306	R08985	R08985	R12611	R12611	R22488	R22488	R36639	R36639
M030121_M299_2F	0	0	2	4	2	2	1	2	3	4	3	4	2	4	3	3	3	3	2	2	4	2	0	0	1	3	1	3	3	4	3	4	1	2	1	1	1	2	4	4	1	4	2	4	3	4	4	2	1	1	2	4	2	2	3	3	0	0	3	3	3	2	1	2	4	4	3	3	1	2	3	3	1	2	4	4	0	0	3	4	1	3	3	3	1	1	1	3	1	3	3	3	0	0	3	4	2	2	0	0	4	4	2	2	3	3	1	4	2	2	1	1	1	2	1	3	1	1	1	2	1	1	1	1	1	3	1	3	0	0	0	0	2	2	3	4	4	2	1	3	1	3	0	0	2	4	1	3	1	4	1	3	1	1	2	4	2	2	1	1	2	4	4	2	2	2	3	3	1	4	0	0	2	3	1	3	1	1	2	4	1	1	1	2	4	2	3	3	4	2	3	3
M030130_M299_3G	0	0	4	4	2	2	1	1	4	4	3	4	0	0	3	3	3	3	2	2	2	2	0	0	3	3	3	3	4	4	3	3	2	2	1	1	2	2	4	4	4	4	2	2	3	3	4	4	1	1	4	4	2	2	3	3	0	0	3	4	3	3	2	2	4	4	3	3	2	2	3	3	1	1	2	4	2	2	4	4	1	3	1	3	1	1	1	1	1	1	1	3	1	1	0	0	2	2	0	0	4	4	2	2	3	3	4	4	4	2	3	3	2	2	3	3	3	3	1	1	1	1	1	1	3	3	1	1	0	0	2	2	2	2	4	4	4	4	1	1	1	1	0	0	4	4	1	1	1	1	1	3	1	1	2	2	2	2	4	4	4	4	4	4	2	2	3	3	4	4	0	0	3	3	1	1	1	1	4	4	1	1	1	2	4	4	3	3	4	4	3	3
M030141_M299_5B	0	0	2	4	2	2	2	2	3	3	3	4	0	0	3	3	3	3	2	2	4	4	0	0	0	0	1	1	3	3	3	3	1	1	1	1	0	0	4	2	1	1	4	4	4	4	2	2	1	1	2	2	2	2	3	3	0	0	3	3	3	3	1	1	4	4	3	3	1	1	3	3	2	2	4	4	1	1	3	3	3	3	3	3	1	4	3	3	3	3	3	3	2	2	3	3	2	4	0	0	1	4	0	0	3	3	1	1	2	2	1	3	1	2	3	3	1	1	2	2	0	0	1	1	1	1	3	3	0	0	4	4	2	2	3	3	2	2	1	1	3	3	0	0	2	2	3	3	4	4	3	3	3	3	4	4	2	2	1	4	2	2	2	2	2	3	3	3	1	1	0	0	2	2	1	3	1	1	2	2	1	1	2	2	2	2	1	1	2	2	3	3
M030164_M299_8A	0	0	4	4	2	2	1	2	3	4	3	4	2	4	1	3	3	3	2	2	4	2	0	0	1	3	1	3	3	4	3	3	1	2	1	1	1	2	4	4	1	4	2	4	3	4	4	4	1	1	2	4	2	2	2	3	0	0	3	3	3	2	1	2	4	4	3	3	2	2	3	3	1	1	2	4	2	2	3	4	1	3	1	3	1	1	1	3	1	3	3	3	1	2	3	4	2	2	0	0	1	4	2	2	3	3	1	4	2	2	3	3	2	2	1	3	1	1	1	2	1	1	1	1	1	3	1	3	0	0	2	4	2	2	3	4	4	2	1	3	1	3	0	0	2	4	1	3	1	4	3	3	1	1	2	2	2	2	1	4	2	4	4	2	2	3	3	3	1	4	0	0	3	3	1	3	1	1	4	4	1	1	1	2	4	2	3	3	4	2	3	3
M030180_M299_10A	0	0	4	4	2	2	1	1	4	4	4	4	4	4	3	3	3	3	2	2	2	2	0	0	3	3	3	3	4	4	3	3	2	2	1	4	2	2	4	4	4	4	2	2	3	3	4	4	1	2	4	4	2	2	2	2	0	0	3	4	3	3	2	2	4	4	3	3	2	2	0	0	1	1	4	4	2	2	4	4	3	3	1	3	1	1	1	1	1	1	1	3	1	1	4	4	2	2	0	0	1	4	2	3	3	3	4	4	2	2	3	3	2	2	1	1	1	1	1	1	1	1	1	2	3	3	1	1	0	0	2	2	2	2	4	4	0	0	1	1	1	1	0	0	4	4	1	1	1	1	1	1	1	1	2	2	2	2	1	1	4	4	4	4	2	2	3	3	4	4	0	0	3	3	1	1	1	1	4	4	1	1	2	2	4	4	3	3	4	4	3	3
M030686_M305_1C	0	0	4	4	2	2	1	1	4	4	3	4	4	4	1	3	3	3	2	2	2	2	0	0	3	3	3	3	4	4	3	3	2	2	1	1	2	2	4	4	4	4	2	2	3	3	4	4	1	1	4	4	2	2	2	3	0	0	3	3	3	3	2	2	4	4	3	3	2	2	1	3	1	1	2	2	2	2	4	4	1	3	1	3	1	1	1	1	1	1	1	3	1	1	4	4	2	2	0	0	1	4	2	2	3	3	4	4	2	2	3	3	2	2	1	1	3	3	1	1	1	1	1	2	3	3	1	1	0	0	2	2	2	2	4	4	4	4	1	1	1	1	0	0	4	4	1	1	1	1	1	1	1	1	2	2	2	2	4	4	4	4	4	4	2	2	3	3	4	4	0	0	3	3	1	1	1	1	4	4	1	1	2	2	4	4	3	3	4	4	3	3
M030698_M305_2G	0	0	4	4	2	2	2	2	3	3	3	4	2	2	1	3	3	3	2	2	4	4	0	0	3	3	1	1	3	3	3	3	1	1	1	1	1	2	4	4	1	1	4	4	4	4	2	2	1	1	2	2	2	2	3	3	0	0	3	3	2	2	1	1	4	4	3	3	2	2	3	3	1	1	4	4	1	1	3	4	3	3	3	3	1	1	3	3	3	3	3	3	2	2	3	3	2	2	0	0	1	4	2	2	3	3	1	1	2	2	3	3	2	2	3	3	1	3	2	2	1	1	1	1	1	1	1	1	0	0	4	4	2	2	3	3	2	2	3	3	3	3	0	0	2	2	3	3	4	4	3	3	0	0	4	4	2	2	1	1	2	2	2	2	2	2	3	3	1	1	0	0	3	3	3	3	1	1	2	2	1	1	2	2	2	2	1	1	2	2	3	3
M030708_M305_4A	0	0	4	4	2	2	1	2	3	4	4	4	2	4	1	3	3	3	2	2	4	2	0	0	3	3	1	3	3	4	3	4	1	2	1	1	1	2	4	4	1	4	2	4	3	4	4	2	1	1	4	4	2	2	2	3	0	0	3	3	3	2	1	2	4	4	3	3	1	2	3	3	1	1	2	4	2	2	3	4	3	3	1	3	1	1	1	3	1	3	3	3	1	2	3	4	2	2	0	0	1	4	2	2	3	3	1	4	2	2	3	3	1	2	1	3	1	3	1	2	1	1	1	1	1	3	1	3	0	0	2	4	2	2	3	4	4	2	1	1	1	3	0	0	2	4	1	3	1	4	3	3	1	3	2	2	2	2	1	4	2	4	4	2	2	2	3	3	1	4	0	0	2	3	1	3	1	3	2	4	1	1	1	2	4	2	3	3	4	2	3	3
M030737_M305_7F	0	0	4	4	2	2	2	2	3	3	4	4	2	2	1	3	3	3	2	2	4	4	0	0	1	3	1	1	3	3	3	3	1	1	1	1	1	1	4	4	1	1	4	4	4	4	4	2	1	1	2	2	2	2	3	3	0	0	3	3	2	2	1	1	4	4	3	3	2	2	3	3	0	0	4	4	1	2	3	4	3	3	3	3	1	1	3	3	3	3	3	3	2	2	3	3	2	4	0	0	0	0	2	2	3	3	1	1	2	2	1	3	1	2	3	3	1	3	2	2	1	1	1	1	1	1	1	3	0	0	4	4	2	2	3	3	2	2	3	3	3	3	0	0	2	2	3	3	4	4	3	3	3	3	2	4	2	2	1	1	2	2	2	2	2	2	3	3	1	1	0	0	2	3	3	3	1	1	2	4	1	1	2	2	2	2	1	1	2	2	3	3
M030757_M305_10B	0	0	4	4	2	2	1	1	4	4	3	3	4	4	1	3	3	3	2	2	2	2	0	0	3	3	3	3	4	4	3	4	2	2	1	4	2	2	4	4	4	4	2	2	3	3	4	4	1	1	4	4	2	2	3	3	0	0	3	3	3	3	2	2	4	4	3	3	2	2	1	3	1	1	2	4	2	2	4	4	1	1	3	3	1	1	1	1	1	1	1	3	1	1	4	4	2	2	0	0	4	4	2	2	3	3	4	4	2	2	3	3	2	2	1	3	3	3	1	1	1	1	2	2	3	3	1	1	0	0	2	2	2	2	4	4	4	4	1	1	1	1	0	0	4	4	1	1	1	1	1	1	1	1	2	2	2	2	1	1	4	4	4	4	2	2	3	3	4	4	0	0	3	3	1	1	1	1	4	4	1	1	2	2	4	4	3	3	4	4	3	3
M030111_M299_1D	0	0	2	4	2	2	1	1	3	4	3	4	2	4	3	3	3	3	2	2	4	2	0	0	3	3	1	3	3	4	3	3	1	2	1	4	1	2	4	2	1	4	2	4	3	4	4	4	1	1	2	4	2	2	2	3	0	0	3	3	3	2	1	2	4	4	3	3	2	2	1	3	1	1	4	4	2	2	3	4	3	3	3	3	1	1	0	0	1	3	1	3	1	2	3	4	2	4	0	0	0	0	2	2	3	3	1	4	0	0	3	3	2	2	1	3	1	1	1	2	1	1	1	2	1	3	1	1	0	0	2	4	2	2	3	4	0	0	1	1	1	3	0	0	2	4	1	3	1	4	1	3	1	1	2	2	2	2	1	4	2	4	4	2	2	2	3	3	1	4	0	0	3	3	1	3	1	1	4	4	1	1	1	2	4	2	3	3	4	2	3	3
M030122_M299_2G	0	0	4	4	2	2	1	2	3	4	3	4	2	4	3	3	3	3	2	2	4	2	0	0	1	3	1	3	3	4	3	3	1	2	1	4	1	2	4	4	1	4	2	4	3	4	4	2	1	1	2	4	2	2	2	3	0	0	3	4	3	2	1	2	4	4	0	0	1	2	1	3	1	1	4	4	1	2	3	4	3	3	3	3	1	1	1	3	1	3	3	3	1	2	3	4	2	2	0	0	1	4	2	3	3	3	1	4	2	2	3	3	1	2	1	3	1	3	1	2	1	1	1	1	1	3	1	1	0	0	2	4	2	2	3	4	0	0	1	3	1	3	0	0	2	4	1	3	1	4	1	3	1	3	2	4	2	2	1	4	2	4	4	2	2	2	3	3	1	4	0	0	2	3	1	3	1	1	2	4	1	1	2	2	4	2	3	3	4	2	3	3
M030132_M299_4A	0	0	4	4	2	2	2	2	3	3	3	3	2	2	3	3	3	3	2	2	4	4	0	0	1	3	1	1	3	3	3	3	1	1	1	1	1	1	4	4	1	1	4	4	4	4	2	2	1	1	2	2	2	2	3	3	0	0	3	3	2	2	1	1	4	4	3	3	1	2	3	3	2	2	4	4	1	1	3	3	3	3	3	3	1	1	3	3	3	3	3	3	2	2	3	3	2	4	0	0	1	4	2	2	3	3	1	1	2	2	1	3	1	2	3	3	1	1	2	2	1	2	1	1	1	1	1	3	0	0	4	4	2	2	0	0	2	2	1	3	3	3	0	0	2	2	3	3	4	4	3	3	3	3	4	4	2	2	1	1	2	2	2	2	2	3	3	3	1	1	0	0	2	3	3	3	1	3	2	2	1	1	2	2	2	2	1	1	2	2	3	3
M030142_M299_5C	0	0	2	4	2	2	0	0	3	4	3	4	2	4	3	3	3	3	2	2	4	2	0	0	1	3	1	3	3	4	3	4	1	2	1	4	1	2	4	2	1	4	2	4	3	4	4	4	1	1	2	4	2	2	2	3	0	0	3	3	3	2	1	2	0	0	3	3	1	2	1	3	1	2	2	4	0	0	4	4	1	3	3	3	1	1	1	3	1	3	3	3	1	2	3	4	2	2	0	0	4	4	2	3	3	3	1	4	2	2	3	3	1	2	1	3	1	3	1	2	1	2	1	2	1	3	1	3	0	0	2	4	2	2	3	4	4	2	1	3	1	3	0	0	2	4	1	3	1	4	1	3	1	3	2	4	2	2	1	4	2	4	4	2	2	2	3	3	1	4	0	0	2	3	1	3	1	1	2	4	1	1	2	2	4	2	3	3	4	2	3	3
M030165_M299_8B	0	0	4	4	2	2	1	2	3	4	3	3	2	4	3	3	3	3	2	2	4	2	0	0	3	3	1	3	3	4	3	3	1	2	1	4	2	2	4	2	1	4	2	4	3	4	4	2	1	1	2	4	2	2	2	3	0	0	0	0	3	2	1	2	4	4	3	3	2	2	3	3	1	1	2	4	2	2	3	4	1	3	3	3	1	1	1	3	1	3	3	3	1	2	3	4	2	2	0	0	1	4	2	2	3	3	1	4	2	2	3	3	2	2	1	3	1	3	1	2	1	1	1	1	1	3	1	3	0	0	2	4	2	2	3	4	4	2	1	3	1	3	0	0	2	4	1	3	1	4	1	3	1	3	2	2	2	2	1	4	2	4	4	2	2	2	3	3	1	4	0	0	3	3	1	1	1	1	2	4	1	1	2	2	4	2	3	3	4	2	3	3
M030181_M299_10B	0	0	4	4	2	2	1	1	4	4	3	3	4	4	1	3	3	3	2	2	2	2	0	0	3	3	3	3	4	4	3	4	2	2	1	1	2	2	4	4	4	4	2	2	3	3	4	4	1	1	4	4	2	2	3	3	0	0	3	4	3	3	2	2	4	4	3	3	2	2	1	3	1	1	2	4	2	2	4	4	1	1	3	3	1	1	1	1	1	1	3	3	1	1	4	4	2	2	0	0	4	4	2	3	3	3	4	4	2	2	3	3	2	2	1	1	3	3	1	1	1	1	1	1	3	3	1	1	0	0	2	2	2	2	4	4	4	4	1	1	1	1	0	0	4	4	1	1	1	1	1	3	1	1	2	2	2	2	4	4	4	4	4	4	2	2	3	3	4	4	0	0	3	3	1	1	1	1	4	4	1	1	2	2	4	4	3	3	4	4	3	3
M030671_M304_11D	0	0	4	4	2	2	1	2	3	4	4	4	2	4	1	3	3	3	2	2	4	2	0	0	0	0	1	3	3	4	3	3	1	2	1	4	1	2	4	4	1	4	2	4	3	4	4	4	1	1	2	4	2	2	3	3	0	0	3	3	3	2	1	2	4	4	3	3	1	2	1	3	1	2	2	4	1	2	3	4	1	3	1	3	1	4	1	3	1	3	1	3	1	2	3	4	2	2	0	0	4	4	2	2	3	3	1	4	2	2	3	3	1	2	1	3	3	3	1	2	1	1	1	1	1	3	0	0	0	0	2	4	2	2	3	4	4	2	1	1	1	3	0	0	2	4	1	3	1	4	1	3	1	3	2	4	2	2	1	1	2	4	4	2	2	2	3	3	1	4	0	0	2	3	1	3	1	1	4	4	1	3	2	2	4	2	3	3	4	2	3	3
M030687_M305_1D	0	0	2	4	2	2	1	2	3	4	3	4	2	4	1	3	3	3	2	2	4	2	0	0	1	3	1	3	3	4	3	3	1	2	1	1	0	0	4	4	1	4	2	4	3	4	4	2	1	1	2	4	2	2	3	3	0	0	3	3	0	0	1	2	4	4	3	3	2	2	3	3	1	1	4	4	0	0	3	4	1	3	1	3	1	4	1	3	1	3	1	3	1	2	3	4	2	4	0	0	1	4	2	3	3	3	1	4	2	2	3	3	2	2	1	3	1	1	1	2	1	2	1	2	1	3	1	1	0	0	2	4	2	2	3	4	4	2	1	1	1	3	0	0	2	4	1	3	1	4	1	3	1	3	2	4	2	2	1	4	2	4	4	2	2	2	3	3	1	4	0	0	3	3	1	3	1	3	2	4	1	1	2	2	4	2	3	3	4	2	3	3
M030699_M305_2H	0	0	2	4	2	2	1	2	3	4	3	4	2	4	1	3	3	3	2	2	4	2	0	0	3	3	1	3	3	4	3	3	1	2	1	1	1	2	4	4	1	4	2	4	3	4	4	2	1	1	2	4	2	2	2	3	0	0	3	3	3	2	1	2	4	4	3	3	2	2	3	3	1	2	2	4	1	2	4	4	1	3	1	3	1	1	1	3	1	3	1	3	0	0	3	4	2	2	0	0	4	4	2	2	3	3	1	4	2	2	1	3	2	2	1	3	1	3	1	2	1	1	1	1	1	3	1	1	0	0	2	4	2	2	3	4	0	0	1	3	1	3	0	0	2	4	1	3	1	4	3	3	1	1	2	4	2	2	0	0	2	4	4	2	2	2	3	3	1	4	0	0	3	3	1	3	1	3	2	4	1	1	2	2	4	2	3	3	4	2	3	3
M030709_M305_4B	0	0	4	4	2	2	1	2	3	4	3	3	2	4	1	3	3	3	2	2	4	2	0	0	1	3	1	3	3	3	3	3	1	2	1	4	1	2	4	4	1	4	2	4	3	4	4	2	1	1	2	2	2	2	2	3	0	0	0	0	3	2	1	2	4	4	3	3	2	2	3	3	1	1	4	4	0	0	4	4	1	3	3	3	1	1	1	3	1	3	1	3	1	2	3	4	2	2	0	0	4	4	2	2	3	3	1	4	2	2	1	3	2	2	1	3	1	3	1	2	1	1	1	1	1	3	1	1	0	0	2	4	2	2	3	4	0	0	1	3	1	3	0	0	2	4	1	3	1	4	3	3	1	3	2	4	2	2	1	1	2	4	4	2	2	2	3	3	1	4	0	0	3	3	1	3	1	1	2	4	1	1	2	2	4	2	3	3	4	2	3	3
M030739_M305_7H	0	0	4	4	2	2	1	2	3	4	3	4	2	4	1	3	3	3	2	2	4	2	0	0	3	3	1	3	3	4	3	4	1	2	1	1	1	2	4	4	1	4	2	4	3	4	4	2	1	1	2	4	2	2	2	3	0	0	3	3	3	2	1	2	4	4	3	3	1	2	3	3	1	2	4	4	0	0	4	4	1	3	3	3	1	1	1	3	1	3	1	3	1	2	3	4	2	2	0	0	4	4	2	2	3	3	1	4	2	2	1	3	1	2	1	3	1	1	1	2	1	1	1	1	1	3	1	3	0	0	2	4	2	2	3	4	4	4	1	1	1	3	0	0	2	4	1	3	1	4	1	3	0	0	2	4	2	2	0	0	2	4	4	2	2	2	3	3	1	4	0	0	2	3	1	3	1	3	2	4	1	1	2	2	4	2	3	3	4	2	3	3
M030758_M305_10C	0	0	4	4	2	2	1	1	4	4	3	4	4	4	1	3	3	3	2	2	2	2	0	0	3	3	3	3	4	4	3	3	2	2	1	1	2	2	4	4	4	4	2	2	3	3	4	4	1	1	4	4	2	2	3	3	0	0	3	4	3	3	2	2	4	4	3	3	2	2	3	3	1	1	2	4	2	2	4	4	1	1	1	1	1	1	1	1	1	1	0	0	1	1	4	4	2	2	0	0	1	4	2	2	3	3	4	4	4	2	3	3	2	2	1	1	1	1	1	1	1	1	1	1	3	3	1	1	0	0	2	2	2	2	4	4	4	4	1	1	1	1	0	0	4	4	1	1	1	1	1	1	1	1	2	2	2	2	4	4	4	4	4	4	2	2	3	3	4	4	0	0	3	3	1	1	1	1	4	4	1	1	2	2	4	4	3	3	4	4	3	3
M030112_M299_1E	0	0	4	4	2	2	1	1	4	4	3	4	0	0	1	3	3	3	2	2	2	2	0	0	0	0	3	3	4	4	3	3	2	2	1	1	2	2	4	4	4	4	2	2	3	3	4	4	1	1	4	4	2	2	2	3	0	0	3	4	3	3	2	2	4	4	0	0	2	2	3	3	1	1	2	4	2	2	4	4	3	3	1	3	1	1	1	1	1	1	1	3	1	1	0	0	2	2	0	0	1	4	3	3	3	3	4	4	4	2	3	3	2	2	1	1	3	3	1	1	1	1	2	2	3	3	1	1	0	0	2	2	2	2	4	4	4	4	1	1	1	1	0	0	4	4	1	1	1	1	1	1	1	1	2	2	2	2	1	1	4	4	4	4	2	2	3	3	4	4	0	0	3	3	1	1	1	1	4	4	1	1	2	2	4	4	3	3	4	4	3	3
M030124_M299_3A	0	0	4	4	2	2	1	2	3	4	3	4	2	4	3	3	3	3	2	2	4	2	0	0	1	3	1	3	3	4	3	3	1	2	1	1	1	2	2	2	1	4	2	4	3	4	4	4	1	1	2	2	2	2	2	3	0	0	3	3	3	2	1	2	0	0	3	3	1	2	3	3	1	2	4	4	0	0	3	4	3	3	3	3	1	1	1	3	1	3	3	3	1	2	3	4	2	2	0	0	1	4	2	2	3	3	1	4	2	2	0	0	1	2	1	3	1	1	1	2	1	1	1	1	1	3	1	1	0	0	2	4	2	2	3	4	0	0	1	1	1	3	0	0	2	4	1	3	1	4	1	3	1	3	2	4	2	2	1	1	2	4	4	2	2	2	3	3	1	4	0	0	2	3	1	3	1	3	4	4	1	1	2	2	4	2	3	3	4	2	3	3
M030133_M299_4B	0	0	4	4	2	2	1	1	4	4	3	3	4	4	3	3	3	3	2	2	2	2	0	0	0	0	3	3	4	4	3	4	2	2	1	1	2	2	4	4	4	4	2	2	3	3	4	4	1	1	2	4	2	2	2	3	0	0	3	4	3	3	2	2	4	4	3	3	2	2	1	3	1	1	2	4	2	2	4	4	1	3	1	1	1	1	1	1	1	1	3	3	1	1	4	4	2	2	0	0	1	4	2	2	3	3	4	4	2	2	3	3	2	2	1	1	1	3	1	1	1	1	1	2	3	3	1	1	0	0	2	2	2	2	4	4	4	4	1	1	1	1	0	0	4	4	1	1	1	1	1	1	1	1	2	2	2	2	4	4	4	4	4	4	2	2	3	3	4	4	0	0	3	3	1	1	1	1	4	4	1	1	2	2	4	4	3	3	4	4	3	3
M030143_M299_5D	0	0	2	4	2	2	0	0	3	4	3	3	2	4	3	3	3	3	2	2	4	2	0	0	1	3	1	3	3	4	3	3	1	2	1	1	1	2	4	2	1	4	2	4	3	4	4	4	1	1	2	4	2	2	3	3	0	0	3	3	3	2	1	2	4	4	3	3	1	2	1	3	1	2	2	4	0	0	3	4	1	3	1	3	1	1	1	3	1	3	1	3	1	2	3	4	2	2	0	0	1	4	2	2	3	3	1	4	2	2	3	3	1	2	1	3	1	3	1	2	1	1	1	1	1	3	0	0	0	0	2	4	2	2	3	4	0	0	1	3	1	3	0	0	2	4	1	3	1	4	1	3	1	3	2	4	2	2	1	4	2	4	4	2	2	2	3	3	1	4	0	0	2	3	1	3	1	3	2	4	1	1	1	2	4	2	3	3	4	2	3	3
M030168_M299_8E	0	0	4	4	2	2	0	0	3	4	3	4	2	4	1	3	3	3	2	2	4	2	0	0	3	3	1	3	3	4	3	3	1	2	1	4	1	2	4	4	1	4	2	4	3	4	4	4	1	1	2	4	2	2	2	3	0	0	3	3	3	3	1	2	4	4	3	3	1	2	1	3	1	2	4	4	1	2	3	4	3	3	1	3	1	1	1	3	1	3	3	3	0	0	3	4	2	4	0	0	4	4	2	2	3	3	1	4	2	2	3	3	1	2	1	3	1	3	1	2	1	1	1	1	1	3	1	3	0	0	2	4	2	2	3	4	0	0	1	1	1	3	0	0	2	4	1	3	1	4	1	3	1	1	2	4	2	2	1	4	2	4	4	2	2	2	3	3	1	4	0	0	2	3	1	3	1	1	4	4	1	1	2	2	4	2	3	3	4	2	3	3
M030182_M299_10C	0	0	4	4	2	2	1	1	4	4	3	4	4	4	3	3	3	3	2	2	2	2	0	0	3	3	3	3	4	4	3	4	2	2	4	4	2	2	4	4	4	4	2	2	3	3	4	4	1	1	4	4	2	2	3	3	0	0	4	4	3	3	2	2	4	4	3	3	2	2	1	3	1	1	2	4	2	2	4	4	1	3	1	3	1	1	1	1	1	1	3	3	1	1	4	4	2	2	0	0	1	4	2	2	3	3	4	4	2	2	3	3	2	2	1	1	1	1	1	1	1	1	1	1	3	3	1	1	0	0	2	2	2	2	4	4	4	4	1	1	1	1	0	0	4	4	1	1	1	1	1	1	1	1	2	2	2	2	1	4	4	4	4	4	2	2	3	3	4	4	0	0	3	3	1	1	1	1	4	4	1	1	1	2	4	4	3	3	4	4	3	3
M030675_M304_11H	0	0	4	4	2	2	2	2	3	3	3	4	2	2	3	3	3	3	2	2	4	4	0	0	1	3	1	1	3	3	3	3	1	1	1	1	1	1	4	4	1	1	4	4	4	4	4	2	1	1	2	2	2	2	3	3	0	0	3	3	2	2	1	1	4	4	3	3	1	2	3	3	0	0	4	4	1	2	3	3	3	3	3	3	1	1	3	3	3	3	3	3	2	2	3	3	2	2	0	0	4	4	2	2	3	3	1	1	2	2	3	3	1	2	3	3	1	3	2	2	1	1	1	1	1	1	3	3	0	0	4	4	2	2	0	0	2	2	3	3	3	3	0	0	2	2	3	3	4	4	3	3	3	3	4	4	2	2	1	1	2	2	2	2	2	2	3	3	1	1	0	0	2	2	3	3	1	1	2	4	1	3	2	2	2	2	1	1	2	2	3	3
M030688_M305_1E	0	0	2	2	2	2	2	2	3	3	3	3	2	2	1	3	3	3	2	2	4	4	0	0	3	3	1	1	3	3	3	3	1	1	1	1	1	2	4	4	1	1	4	4	4	4	2	2	1	1	2	2	2	2	3	3	0	0	3	3	2	2	1	1	4	4	3	3	2	2	3	3	1	2	4	4	1	1	4	4	3	3	3	3	1	1	3	3	3	3	3	3	2	2	3	3	2	4	0	0	1	4	2	2	3	3	1	1	2	2	1	3	2	2	3	3	1	3	2	2	1	1	1	1	1	1	1	3	0	0	4	4	2	2	0	0	2	2	3	3	3	3	0	0	2	2	3	3	4	4	3	3	0	0	4	4	2	2	1	1	2	2	2	2	2	2	3	3	1	1	0	0	3	3	3	3	1	1	2	2	1	1	2	2	2	2	1	1	2	2	3	3
M030700_M305_3A	0	0	0	0	0	0	0	0	0	0	0	0	0	0	0	0	0	0	0	0	4	4	0	0	0	0	0	0	0	0	0	0	0	0	0	0	1	1	0	0	4	4	0	0	0	0	0	0	0	0	0	0	0	0	0	0	0	0	3	3	0	0	1	1	0	0	3	3	0	0	0	0	0	0	0	0	0	0	0	0	0	0	3	3	1	1	0	0	0	0	0	0	2	2	0	0	0	0	0	0	1	1	0	0	0	0	0	0	2	2	0	0	2	2	0	0	0	0	0	0	0	0	0	0	1	1	0	0	0	0	2	2	2	2	0	0	0	0	0	0	0	0	0	0	0	0	0	0	0	0	1	3	0	0	0	0	0	0	4	4	0	0	0	0	0	0	0	0	4	4	0	0	0	0	0	0	0	0	0	0	1	3	0	0	0	0	0	0	0	0	3	3
M030717_M305_5B	0	0	4	4	2	2	2	2	3	3	3	3	2	2	1	3	3	3	2	2	4	4	0	0	1	1	1	1	3	3	3	3	1	1	1	1	1	2	4	4	1	1	4	4	4	4	4	2	1	1	2	2	2	2	3	3	0	0	3	3	2	2	1	1	4	4	3	3	1	2	3	3	1	1	4	4	1	2	3	3	3	3	3	3	1	4	3	3	3	3	3	3	2	2	3	3	2	2	0	0	4	4	2	2	3	3	1	1	2	2	3	3	2	2	3	3	3	3	2	2	1	1	1	1	1	1	1	3	0	0	4	4	2	2	3	3	2	2	1	3	3	3	0	0	2	2	3	3	4	4	3	3	3	3	4	4	2	2	1	1	2	2	2	2	2	2	3	3	1	1	0	0	3	3	3	3	1	1	2	2	1	1	2	2	2	2	1	1	2	2	3	3
M030742_M305_8C	0	0	4	4	2	2	1	1	4	4	3	3	4	4	1	3	3	3	2	2	2	2	0	0	1	3	3	3	4	4	3	3	2	2	1	1	2	2	4	4	4	4	2	2	3	3	4	4	1	1	4	4	2	2	2	3	0	0	4	4	0	0	2	2	4	4	3	3	2	2	1	3	1	1	4	4	2	2	4	4	1	3	1	1	1	4	1	1	1	1	3	3	1	1	4	4	2	2	0	0	1	4	2	3	3	3	4	4	2	2	3	3	2	2	1	1	1	3	1	1	1	1	1	2	3	3	1	1	0	0	2	2	2	2	4	4	4	4	1	1	1	1	0	0	4	4	1	1	1	1	1	1	1	1	2	2	2	2	1	1	4	4	4	4	2	2	3	3	4	4	0	0	3	3	1	1	1	1	4	4	1	1	2	2	4	4	3	3	4	4	3	3
M030759_M305_10D	0	0	4	4	2	2	0	0	3	4	0	0	2	4	1	3	3	3	2	2	4	2	0	0	3	3	1	3	3	4	3	4	1	2	1	1	1	2	4	4	1	4	2	4	3	4	4	2	1	1	4	4	2	2	3	3	0	0	3	3	3	2	1	2	4	4	3	3	1	2	1	3	1	1	4	4	2	2	4	4	1	3	1	3	1	1	1	3	1	3	3	3	1	2	3	4	2	2	0	0	4	4	2	3	3	3	1	4	2	2	3	3	1	2	1	3	1	1	1	2	1	2	1	1	1	3	1	3	0	0	2	4	2	2	3	4	4	2	1	1	1	3	0	0	2	4	1	3	1	4	1	3	1	3	2	2	2	2	1	1	2	4	4	2	2	2	3	3	1	4	0	0	2	3	1	3	1	1	2	4	1	1	2	2	4	2	3	3	4	2	3	3
M030114_M299_1G	0	0	4	4	2	2	1	1	4	4	3	3	4	4	3	3	3	3	2	2	2	2	0	0	3	3	3	3	4	4	3	3	2	2	1	1	2	2	4	2	4	4	2	2	3	3	4	4	1	1	4	4	2	2	2	3	0	0	3	4	3	3	2	2	0	0	0	0	2	2	3	3	1	1	2	2	2	2	4	4	3	3	1	3	1	1	1	1	1	1	1	3	1	1	4	4	2	2	0	0	1	4	2	2	3	3	4	4	2	2	3	3	2	2	3	3	1	3	1	1	1	1	1	1	3	3	1	1	0	0	2	2	2	2	4	4	4	4	1	1	1	1	0	0	4	4	1	1	1	1	1	1	1	1	2	2	2	2	1	4	4	4	4	4	2	2	3	3	4	4	0	0	3	3	1	1	1	1	4	4	1	1	1	2	4	4	3	3	4	4	3	3
M030125_M299_3B	0	0	4	4	2	2	1	2	3	4	3	4	2	4	3	3	3	3	2	2	4	2	0	0	1	3	1	3	3	4	3	3	1	2	1	1	1	2	4	2	1	4	2	4	3	4	4	2	1	1	2	4	2	2	2	3	0	0	3	3	3	2	1	2	4	4	3	3	1	2	1	3	1	2	2	4	1	2	4	4	3	3	3	3	1	1	1	3	1	3	3	3	1	2	3	4	2	2	0	0	4	4	2	2	3	3	1	4	2	2	3	3	1	2	3	3	3	3	1	2	1	1	1	1	1	3	1	3	0	0	2	4	2	2	3	4	4	2	1	1	1	3	0	0	2	4	1	3	1	4	1	3	1	3	2	4	2	2	1	4	2	4	4	2	2	2	3	3	1	4	0	0	2	3	1	3	1	1	2	4	1	1	1	2	4	2	3	3	4	2	3	3
M030134_M299_4C	0	0	4	4	2	2	1	2	3	4	4	4	2	4	3	3	3	3	2	2	4	2	0	0	1	3	1	3	3	4	3	3	1	2	1	1	1	2	4	4	1	4	2	4	4	4	4	4	1	1	2	2	2	2	3	3	0	0	3	3	3	2	1	2	4	4	3	3	1	2	1	3	1	2	2	4	1	2	3	4	1	3	1	3	1	1	1	3	1	3	3	3	1	2	3	4	2	2	0	0	4	4	2	2	3	3	1	4	2	2	1	3	1	2	1	3	1	3	1	2	1	1	1	2	1	3	1	3	0	0	2	4	2	2	3	4	4	2	1	1	1	3	0	0	2	4	1	3	1	4	1	3	1	1	2	4	2	2	1	4	2	4	4	2	2	2	3	3	1	4	0	0	2	3	1	3	1	1	4	4	1	1	1	2	4	2	3	3	4	2	3	3
M030144_M299_5E	0	0	2	4	2	2	2	2	3	3	3	3	2	2	3	3	3	3	2	2	4	4	0	0	1	3	1	1	3	3	3	3	1	1	1	1	1	2	4	2	1	1	4	4	4	4	2	2	1	2	2	2	2	2	3	3	0	0	3	3	2	2	1	1	4	4	3	3	2	2	3	3	1	1	4	4	2	2	3	4	3	3	3	3	1	4	3	3	3	3	3	3	2	2	3	3	2	2	0	0	1	4	2	2	3	3	1	1	4	2	3	3	1	2	3	3	3	3	2	2	1	2	1	1	1	1	1	1	0	0	4	4	2	2	3	3	2	2	1	1	3	3	0	0	2	2	3	3	4	4	3	3	3	3	2	2	2	2	1	1	2	2	2	2	2	2	3	3	1	1	0	0	2	3	3	3	1	1	4	4	1	1	2	2	2	2	1	1	2	2	3	3
M030170_M299_8G	0	0	4	4	2	2	1	2	3	4	3	4	2	4	3	3	3	3	2	2	4	2	0	0	1	3	1	3	3	4	3	3	1	2	1	1	1	2	4	4	1	4	2	4	3	4	4	4	1	1	2	2	2	2	3	3	0	0	3	3	3	2	1	2	4	4	3	3	1	2	3	3	1	2	4	4	1	2	3	4	3	3	3	3	1	1	1	3	1	3	3	3	1	2	3	4	2	2	0	0	1	4	2	3	3	3	1	4	2	2	3	3	1	2	3	3	1	3	1	2	1	2	1	1	1	3	1	3	0	0	2	4	2	2	3	4	4	2	1	3	1	3	0	0	2	4	1	3	1	4	1	3	1	1	2	4	2	2	1	4	2	4	4	2	2	2	3	3	1	4	0	0	2	3	1	3	1	1	4	4	1	1	1	2	4	2	3	3	4	2	3	3
M030183_M299_10D	0	0	4	4	2	2	1	1	4	4	3	4	4	4	3	3	3	3	2	2	2	2	0	0	3	3	3	3	4	4	3	3	2	2	1	1	2	2	4	2	4	4	2	2	3	3	4	4	1	1	4	4	2	2	2	3	0	0	3	4	3	3	2	2	4	4	3	3	2	2	3	3	1	1	2	4	2	2	4	4	3	3	3	3	1	1	1	1	1	1	1	3	1	1	4	4	2	2	0	0	1	4	2	2	3	3	4	4	4	2	3	3	2	2	1	3	1	3	1	1	1	1	1	2	3	3	1	1	0	0	2	2	2	2	4	4	4	4	1	1	1	1	0	0	4	4	1	1	1	1	1	1	1	1	2	2	2	2	4	4	4	4	4	4	2	2	3	3	4	4	0	0	3	3	1	1	1	1	4	4	1	1	2	2	4	4	3	3	4	4	3	3
M030678_M304_12C	0	0	4	4	2	2	1	1	4	4	3	3	4	4	1	3	3	3	2	2	2	2	0	0	3	3	3	3	4	4	3	3	2	2	1	1	2	2	4	4	4	4	2	2	3	3	4	4	1	2	4	4	2	2	2	3	0	0	4	4	3	3	2	2	4	4	3	3	2	2	3	3	1	1	4	4	2	2	4	4	1	3	1	1	1	1	1	1	1	1	3	3	1	1	4	4	2	2	0	0	1	4	2	3	3	3	4	4	2	2	3	3	2	2	1	1	1	3	1	1	1	1	1	2	3	3	1	1	0	0	2	2	2	2	4	4	4	4	1	1	1	1	0	0	4	4	1	1	1	1	1	1	1	1	2	2	2	2	1	4	4	4	4	4	2	2	3	3	4	4	0	0	3	3	1	1	1	1	4	4	1	1	2	2	4	4	3	3	4	4	3	3
M030689_M305_1F	0	0	4	4	2	2	1	2	3	4	3	3	2	4	1	3	3	3	2	2	4	2	0	0	3	3	1	3	3	4	3	3	1	2	1	1	1	2	4	4	1	4	2	4	3	4	4	2	1	1	4	4	2	2	3	3	0	0	3	3	3	2	1	2	4	4	3	3	1	2	3	3	1	1	2	4	2	2	4	4	1	3	1	3	1	1	1	3	1	3	1	3	1	2	3	4	2	2	0	0	4	4	2	2	3	3	1	4	2	2	1	3	1	2	3	3	3	3	1	2	1	1	1	2	1	3	1	3	0	0	2	4	2	2	3	4	4	2	1	3	1	3	0	0	2	4	1	3	1	4	1	3	1	3	2	2	2	2	1	4	2	4	4	2	2	2	3	3	1	4	0	0	2	3	1	3	1	1	2	4	1	1	2	2	4	2	3	3	4	2	3	3
M030703_M305_3D	0	0	4	4	2	2	1	2	3	4	4	4	2	4	1	3	3	3	2	2	4	2	0	0	0	0	1	3	3	4	3	3	1	2	1	4	1	2	4	4	1	4	2	4	3	4	4	4	1	1	4	4	2	2	2	3	0	0	3	3	3	2	1	2	4	4	3	3	1	2	3	3	1	1	4	4	2	2	3	4	1	3	1	3	1	1	1	3	1	3	3	3	1	2	3	4	2	2	0	0	4	4	2	2	3	3	1	4	2	2	3	3	1	2	1	3	3	3	1	2	1	1	1	1	1	3	1	3	0	0	2	4	2	2	3	4	0	0	1	3	1	3	0	0	2	4	1	3	1	4	1	3	1	3	2	2	2	2	1	4	2	4	4	2	2	2	3	3	1	4	0	0	2	3	1	3	1	1	4	4	1	3	2	2	4	2	3	3	4	2	3	3
M030719_M305_5D	0	0	4	4	2	2	0	0	3	4	3	3	2	4	1	3	3	3	2	2	4	2	0	0	1	3	1	3	3	4	3	3	1	2	1	1	1	2	4	4	1	4	2	4	3	4	4	4	1	1	2	4	2	2	2	3	0	0	3	3	3	2	1	2	4	4	3	3	2	2	1	3	1	1	4	4	2	2	3	4	3	3	1	3	1	4	1	3	1	3	3	3	1	2	3	4	2	2	0	0	1	4	2	2	3	3	1	4	2	2	3	3	2	2	1	3	1	1	1	2	1	1	1	1	1	3	1	1	0	0	2	4	2	2	3	4	4	2	1	3	1	3	0	0	2	4	1	3	1	4	1	3	1	1	2	2	2	2	1	4	2	4	4	2	2	2	3	3	1	4	0	0	3	3	1	3	1	1	4	4	1	1	2	2	4	2	3	3	4	2	3	3
M030743_M305_8D	0	0	4	4	2	2	1	1	4	4	3	4	4	4	1	3	3	3	2	2	2	2	0	0	3	3	3	3	4	4	3	4	2	2	1	1	2	2	4	4	4	4	2	2	3	3	4	4	1	1	4	4	2	2	2	2	0	0	3	3	3	3	2	2	4	4	3	3	2	2	3	3	1	1	2	2	2	2	4	4	1	1	1	1	1	1	1	1	1	1	1	3	1	1	4	4	2	2	0	0	4	4	3	3	1	3	4	4	2	2	3	3	2	2	1	3	1	3	1	1	1	1	1	2	3	3	1	1	0	0	2	2	2	2	4	4	4	4	1	1	1	1	0	0	4	4	1	1	1	1	1	3	1	1	2	2	2	2	1	1	4	4	4	4	2	2	3	3	4	4	0	0	3	3	1	1	1	1	4	4	1	1	2	2	4	4	3	3	4	4	3	3
M030760_M305_10E	0	0	0	0	0	0	0	0	0	0	0	0	0	0	0	0	0	0	0	0	4	4	0	0	0	0	0	0	0	0	0	0	0	0	0	0	1	1	0	0	4	4	0	0	0	0	0	0	0	0	0	0	0	0	0	0	0	0	3	4	0	0	1	1	0	0	0	0	0	0	0	0	0	0	0	0	0	0	0	0	0	0	0	0	0	0	0	0	0	0	0	0	2	2	0	0	0	0	0	0	0	0	0	0	0	0	0	0	0	0	0	0	0	0	0	0	0	0	0	0	0	0	0	0	0	0	0	0	0	0	2	2	0	0	4	4	0	0	0	0	0	0	0	0	0	0	0	0	0	0	0	0	0	0	0	0	0	0	0	0	0	0	0	0	0	0	0	0	4	4	0	0	0	0	0	0	0	0	0	0	1	1	0	0	0	0	0	0	0	0	0	0
M030116_M299_2A	0	0	4	4	2	2	1	1	4	4	3	3	4	4	3	3	3	3	2	2	2	2	0	0	3	3	3	3	4	4	3	4	2	2	1	1	2	2	4	4	4	4	2	2	3	3	4	4	1	1	2	4	2	2	2	3	0	0	3	3	3	3	2	2	4	4	3	3	2	2	3	3	1	1	2	4	2	2	4	4	1	3	1	3	1	4	1	1	1	1	1	3	0	0	4	4	2	2	0	0	1	4	2	3	1	3	4	4	2	2	3	3	2	2	1	1	3	3	1	1	1	1	1	1	3	3	1	1	0	0	2	2	2	2	4	4	4	4	1	1	1	1	0	0	0	0	1	1	1	1	1	1	1	1	2	2	2	2	4	4	4	4	4	4	2	2	1	3	4	4	0	0	3	3	1	1	1	1	4	4	1	1	2	2	4	4	3	3	4	4	3	3
M030126_M299_3C	0	0	4	4	2	2	1	2	3	4	3	3	2	4	3	3	3	3	2	2	4	2	0	0	0	0	1	3	3	4	3	3	1	2	1	4	1	2	4	2	1	4	2	4	3	4	4	2	1	2	2	4	2	2	2	3	0	0	3	3	3	2	1	2	4	4	3	3	2	2	3	3	1	2	4	4	1	2	3	4	1	3	3	3	1	4	1	3	1	3	1	3	2	2	3	4	2	2	0	0	1	4	2	2	3	3	1	4	2	2	3	3	2	2	1	3	1	3	1	2	1	1	1	2	1	3	1	3	0	0	2	4	2	2	3	4	4	2	1	1	1	3	0	0	2	4	1	3	1	4	1	3	1	1	2	4	2	2	1	1	2	4	4	2	2	2	3	3	1	4	0	0	3	3	1	3	1	1	4	4	1	1	1	1	4	2	3	3	4	2	3	3
M030136_M299_4E	0	0	4	4	2	2	1	1	4	4	3	4	4	4	3	3	3	3	2	2	2	2	0	0	3	3	3	3	4	4	3	4	2	2	1	4	2	2	4	4	4	4	2	2	3	3	4	4	1	1	4	4	2	2	2	2	0	0	3	3	3	3	2	2	4	4	3	3	2	2	1	3	1	1	2	4	2	2	4	4	0	0	1	1	1	4	1	1	1	1	3	3	0	0	4	4	2	2	0	0	1	4	2	2	3	3	4	4	4	2	3	3	2	2	1	3	1	1	1	1	1	1	1	1	3	3	1	1	0	0	2	2	2	2	4	4	4	4	1	1	1	1	0	0	4	4	1	1	1	1	1	1	1	1	2	2	2	2	4	4	4	4	4	4	2	2	3	3	4	4	0	0	3	3	1	1	1	1	4	4	1	1	2	2	4	4	3	3	4	4	3	3
M030146_M299_5G	0	0	4	4	2	2	1	1	4	4	3	3	4	4	3	3	3	3	2	2	2	2	0	0	3	3	3	3	4	4	3	3	2	2	1	1	2	2	4	2	4	4	2	2	3	3	4	4	1	1	4	4	2	2	2	2	0	0	3	4	3	3	2	2	4	4	3	3	2	2	3	3	1	1	2	4	2	2	4	4	3	3	3	3	1	1	1	1	1	1	1	3	1	1	4	4	2	2	0	0	1	4	2	2	3	3	4	4	2	2	3	3	2	2	1	3	1	3	1	1	1	1	1	2	3	3	1	1	0	0	2	2	2	2	4	4	4	4	1	1	1	1	0	0	4	4	1	1	1	1	1	1	1	1	2	2	2	2	4	4	4	4	4	4	2	2	3	3	4	4	0	0	3	3	1	1	1	1	4	4	1	1	2	2	4	4	3	3	4	4	3	3
M030173_M299_9B	0	0	4	4	2	2	1	1	4	4	3	4	4	4	3	3	3	3	2	2	2	2	0	0	3	3	3	3	4	4	3	3	2	2	1	1	2	2	4	2	4	4	2	2	3	3	4	4	1	1	4	4	2	2	3	3	0	0	4	4	3	3	2	2	4	4	3	3	2	2	0	0	1	1	4	4	2	2	4	4	1	1	1	3	1	1	1	1	1	1	1	3	1	1	4	4	2	2	0	0	1	4	2	3	3	3	4	4	2	2	3	3	2	2	1	1	1	3	1	1	1	1	1	1	3	3	1	1	0	0	2	2	2	2	4	4	4	4	1	1	1	1	0	0	4	4	1	1	1	1	1	3	1	1	2	2	2	2	4	4	4	4	4	4	2	2	3	3	4	4	0	0	3	3	1	1	1	1	4	4	1	1	2	2	4	4	3	3	4	4	3	3
M030184_M299_10E	0	0	4	4	2	2	0	0	3	4	3	3	2	4	1	3	3	3	2	2	4	2	0	0	3	3	1	3	3	4	3	3	1	2	1	1	1	2	4	2	1	4	2	4	3	4	4	2	1	1	2	4	2	2	3	3	0	0	3	3	3	2	1	2	4	4	3	3	1	2	1	3	1	1	2	4	2	2	4	4	3	3	3	3	1	1	1	3	1	3	3	3	1	2	3	4	2	2	0	0	4	4	2	2	3	3	1	4	4	2	3	3	1	2	3	3	3	3	1	2	1	1	1	1	1	3	1	3	0	0	2	4	2	2	3	4	4	2	1	3	1	3	0	0	2	4	1	3	1	4	1	3	1	3	2	2	2	2	1	4	2	4	4	2	2	2	3	3	1	4	0	0	2	3	1	3	1	1	2	4	1	1	1	2	4	2	3	3	4	2	3	3
M030680_M304_12E	0	0	4	4	2	2	1	2	3	4	3	4	2	4	3	3	3	3	2	2	4	2	0	0	0	0	1	3	3	4	3	3	1	2	1	4	1	2	2	2	1	4	2	4	3	4	4	2	1	1	2	2	2	2	3	3	0	0	0	0	3	2	1	2	4	4	3	3	1	2	3	3	1	2	4	4	0	0	3	4	1	3	1	3	1	1	1	3	1	3	3	3	1	2	3	4	2	2	0	0	4	4	2	3	3	3	1	4	2	2	3	3	1	2	1	3	3	3	1	2	1	1	1	2	1	3	1	3	0	0	2	4	2	2	3	4	4	2	1	3	1	3	0	0	2	4	1	3	1	4	1	3	1	1	2	4	2	2	1	1	2	4	4	2	2	2	3	3	1	4	0	0	2	3	1	3	1	1	2	4	1	1	2	2	4	2	3	3	4	2	3	3
M030691_M305_1H	0	0	2	4	2	2	1	2	3	4	3	3	2	4	1	3	3	3	2	2	4	2	0	0	3	3	1	1	3	4	3	4	1	2	1	4	2	2	4	4	1	4	2	4	3	4	4	4	1	1	0	0	2	2	2	3	0	0	3	3	3	2	1	2	4	4	3	3	1	2	3	3	1	1	4	4	0	0	3	4	1	3	1	3	1	1	1	3	1	3	1	3	1	2	3	4	2	2	0	0	4	4	2	2	1	3	1	4	2	2	3	3	2	2	1	3	3	3	1	2	1	1	1	2	1	3	1	3	0	0	2	4	2	2	3	4	4	2	1	3	1	3	0	0	2	4	1	3	1	4	1	3	1	3	2	4	2	2	1	1	2	4	4	2	2	2	3	3	1	4	0	0	3	3	1	3	1	3	2	4	1	1	2	2	4	2	3	3	4	2	3	3
M030704_M305_3E	0	0	4	4	2	2	1	2	3	4	3	4	2	4	1	3	3	3	2	2	4	2	0	0	3	3	1	3	3	4	3	3	1	2	1	1	2	2	4	4	1	4	2	4	3	4	4	2	1	2	2	4	2	2	2	3	0	0	3	4	3	2	1	2	4	4	3	3	1	2	3	3	1	2	4	4	1	2	3	4	1	3	1	3	1	1	1	3	1	3	3	3	1	2	3	4	2	2	0	0	4	4	2	3	3	3	1	4	2	2	3	3	1	2	1	3	1	3	1	2	1	1	1	1	1	3	1	3	0	0	2	4	2	2	3	4	4	2	1	3	1	3	0	0	2	4	1	3	1	4	1	3	1	1	2	4	2	2	1	4	2	4	4	2	2	2	3	3	1	4	0	0	2	3	1	3	1	1	2	4	1	1	1	2	4	2	3	3	4	2	3	3
M030726_M305_6C	0	0	4	4	2	2	1	2	3	4	3	4	2	4	1	3	3	3	2	2	4	2	0	0	3	3	1	3	3	4	3	3	1	2	1	1	1	2	4	2	1	4	2	4	3	4	4	2	1	1	2	4	2	2	3	3	0	0	0	0	3	2	1	2	4	4	3	3	2	2	3	3	1	2	2	4	1	2	4	4	1	3	1	3	1	1	1	3	1	3	3	3	1	2	3	4	2	2	0	0	1	4	2	2	3	3	1	4	2	2	1	3	2	2	1	3	1	1	1	2	1	1	1	1	1	3	1	1	0	0	2	4	2	2	3	4	4	2	1	1	1	3	0	0	2	4	1	3	1	4	1	3	1	3	2	4	2	2	1	4	2	4	4	2	2	2	3	3	1	4	0	0	3	3	1	3	1	1	2	4	1	1	2	2	4	2	3	3	4	2	3	3
M030747_M305_8H	0	0	2	4	2	2	2	2	3	3	3	3	2	2	1	3	3	3	2	2	4	4	0	0	1	3	1	1	3	3	3	3	1	1	1	1	1	1	4	4	1	1	4	4	4	4	4	4	1	1	2	2	2	2	3	3	0	0	3	3	3	2	1	1	4	4	3	3	1	1	3	3	0	0	4	4	1	2	3	3	3	3	3	3	1	1	3	3	3	3	3	3	2	2	3	3	2	2	0	0	4	4	2	2	3	3	1	1	2	2	3	3	1	2	3	3	1	3	2	2	1	1	1	1	1	1	3	3	0	0	4	4	2	2	3	3	2	2	1	3	3	3	0	0	2	2	3	3	4	4	3	3	3	3	4	4	2	2	1	1	2	2	2	2	2	2	3	3	1	1	0	0	2	2	3	3	1	1	4	4	1	3	1	2	2	2	1	1	2	2	3	3
M030765_M305_11B	0	0	4	4	2	2	1	2	3	4	3	4	2	4	1	3	3	3	2	2	4	2	0	0	1	3	1	3	3	4	3	3	1	2	1	4	1	2	4	4	1	4	2	4	3	4	4	4	1	1	2	4	2	2	3	3	0	0	3	3	3	2	1	2	4	4	3	3	2	2	3	3	1	1	4	4	2	2	3	4	3	3	3	3	1	4	1	3	1	3	3	3	0	0	3	4	2	2	0	0	4	4	2	2	3	3	1	4	2	2	3	3	2	2	1	3	1	1	1	2	1	1	1	1	1	3	1	1	0	0	2	4	2	2	3	4	4	2	1	3	1	3	0	0	2	4	1	3	1	4	1	3	1	1	2	2	2	2	1	4	2	4	4	2	2	2	3	3	1	4	0	0	3	3	1	3	1	1	4	4	1	1	2	2	4	2	3	3	4	2	3	3
M030117_M299_2B	0	0	4	4	2	2	1	1	4	4	3	3	4	4	3	3	3	3	2	2	2	2	0	0	3	3	3	3	4	4	3	3	2	2	1	4	2	2	4	2	4	4	2	2	3	3	4	4	1	1	4	4	2	2	3	3	0	0	3	3	3	3	2	2	4	4	3	3	2	2	1	3	1	1	4	4	2	2	4	4	1	1	1	1	1	1	1	1	1	1	1	3	1	1	4	4	2	2	0	0	1	4	2	2	3	3	4	4	2	2	3	3	2	2	1	1	1	1	1	1	1	1	2	2	3	3	1	1	0	0	2	2	2	2	4	4	4	4	1	1	1	1	0	0	4	4	1	1	1	1	1	1	1	1	2	2	2	2	1	4	4	4	4	4	2	2	3	3	4	4	0	0	3	3	1	1	1	1	4	4	1	1	2	2	4	4	3	3	4	4	3	3
M030127_M299_3D	0	0	2	4	2	2	0	0	3	4	3	4	2	4	1	3	3	3	2	2	4	2	0	0	1	3	1	3	3	4	3	3	1	2	1	1	1	2	4	2	1	4	2	4	3	4	4	4	1	1	2	4	2	2	2	3	0	0	3	3	3	2	1	2	4	4	0	0	1	2	3	3	1	2	2	4	1	2	4	4	1	3	1	3	1	1	1	3	1	3	1	3	2	2	3	4	2	2	0	0	1	4	2	2	3	3	1	4	2	2	3	3	1	2	1	3	1	3	1	2	1	2	1	1	1	3	1	1	0	0	2	4	2	2	3	4	0	0	1	1	1	3	0	0	2	4	1	3	1	4	3	3	1	3	2	4	2	2	1	1	2	4	4	2	2	2	3	3	1	4	0	0	2	3	1	3	1	1	4	4	1	1	2	2	4	2	3	3	4	2	3	3
M030137_M299_4F	0	0	4	4	2	2	0	0	3	4	3	4	2	4	3	3	3	3	2	2	4	2	0	0	1	3	1	3	3	4	3	3	1	2	1	1	1	2	4	4	1	4	2	4	3	4	4	4	1	2	2	4	2	2	3	3	0	0	3	4	2	2	1	2	4	4	3	3	1	2	3	3	1	2	2	4	1	2	3	4	3	3	1	3	1	4	1	3	1	3	3	3	1	2	3	4	2	2	0	0	4	4	2	2	3	3	1	4	2	2	1	3	1	2	1	3	1	1	1	2	1	1	1	1	1	3	1	3	0	0	2	4	2	2	3	4	0	0	1	3	1	3	0	0	2	4	1	3	1	4	1	3	1	3	2	4	2	2	1	4	2	4	4	2	2	2	3	3	1	4	0	0	2	3	1	3	1	1	4	4	1	1	2	2	4	2	3	3	4	2	3	3
M030148_M299_6A	0	0	2	4	2	2	0	0	3	4	3	3	2	4	3	3	3	3	2	2	4	2	0	0	0	0	1	3	3	4	3	3	1	2	1	1	1	2	4	4	1	4	2	4	3	4	4	2	1	2	2	4	2	2	2	3	0	0	3	3	3	2	1	2	4	4	3	3	1	2	3	3	1	2	2	4	2	2	4	4	1	3	1	3	1	1	1	3	1	3	3	3	1	2	3	4	2	4	0	0	1	4	2	2	3	3	1	4	2	2	1	3	1	2	3	3	1	3	1	2	1	2	1	1	1	3	1	3	0	0	2	4	2	2	3	4	0	0	1	3	1	3	0	0	2	4	1	3	1	4	3	3	1	3	2	2	2	2	1	4	2	4	4	2	2	3	3	3	1	4	0	0	2	3	1	3	1	1	2	4	1	1	1	2	4	2	3	3	4	2	3	3
M030176_M299_9E	0	0	2	4	2	2	1	1	3	4	3	4	2	4	3	3	3	3	2	2	4	2	0	0	3	3	1	3	3	4	3	3	1	2	1	1	1	2	4	2	1	4	2	4	0	0	4	4	1	1	2	4	2	2	3	3	0	0	3	3	3	2	1	2	4	4	3	3	1	2	3	3	1	2	2	4	1	2	4	4	3	3	1	3	1	1	1	3	1	3	3	3	1	2	3	4	2	2	0	0	4	4	2	2	3	3	1	4	2	2	3	3	1	2	3	3	3	3	1	2	1	2	1	1	1	3	0	0	0	0	2	4	2	2	3	4	0	0	1	1	1	3	0	0	2	4	1	3	1	4	1	3	1	3	2	4	2	2	1	1	2	4	4	2	2	2	3	3	1	4	0	0	2	3	1	3	1	1	4	4	1	1	2	2	4	2	3	3	4	2	3	3
M030185_M299_10F	0	0	4	4	2	2	0	0	3	4	3	4	2	4	3	3	3	3	2	2	4	2	0	0	3	3	1	3	3	4	3	4	1	2	1	1	2	2	0	0	1	4	2	4	3	4	4	2	1	1	4	4	2	2	2	3	0	0	3	3	3	2	1	2	4	4	3	3	1	2	1	3	1	1	2	4	2	2	3	4	3	3	3	3	1	1	1	3	1	3	1	3	1	2	3	4	2	2	0	0	4	4	2	2	3	3	1	4	2	2	3	3	1	2	1	3	1	1	1	2	1	2	1	1	1	3	0	0	0	0	2	4	2	2	3	4	0	0	1	1	1	3	0	0	2	4	1	3	1	4	3	3	1	3	2	2	2	2	1	4	2	4	4	2	2	2	3	3	1	4	0	0	2	3	1	3	1	1	2	4	1	1	2	2	4	2	3	3	4	2	3	3
M030681_M304_12F	0	0	2	4	2	2	1	2	3	4	3	4	2	4	1	3	3	3	2	2	4	2	0	0	1	3	1	3	3	4	3	4	1	2	1	1	1	2	4	4	1	4	2	4	3	4	4	4	1	1	2	2	2	2	3	3	0	0	3	3	3	2	1	2	4	4	3	3	1	2	3	3	1	2	2	4	1	2	3	4	3	3	1	3	1	4	1	3	1	3	3	3	1	2	3	4	2	2	0	0	4	4	2	2	3	3	1	4	2	2	3	3	1	2	1	3	1	3	1	2	1	1	1	1	1	3	1	3	0	0	2	4	2	2	3	4	0	0	1	3	1	3	0	0	2	4	1	3	1	4	1	3	1	1	2	4	2	2	1	4	2	4	4	2	2	2	3	3	1	4	0	0	2	3	1	3	1	1	4	4	1	1	2	2	4	2	3	3	4	2	3	3
M030693_M305_2B	0	0	0	0	0	0	0	0	0	0	0	0	0	0	0	0	0	0	0	0	2	2	0	0	0	0	0	0	0	0	0	0	0	0	0	0	0	0	0	0	4	4	0	0	0	0	0	0	0	0	0	0	2	2	0	0	0	0	0	0	0	0	1	1	0	0	3	3	2	2	0	0	0	0	4	4	0	0	0	0	0	0	0	0	0	0	0	0	0	0	0	0	2	2	0	0	0	0	0	0	0	0	2	3	0	0	0	0	0	0	0	0	2	2	0	0	0	0	0	0	0	0	0	0	0	0	0	0	0	0	2	2	2	2	4	4	0	0	0	0	0	0	0	0	0	0	0	0	0	0	0	0	0	0	2	2	0	0	4	4	0	0	0	0	2	2	0	0	4	4	0	0	0	0	0	0	0	0	0	0	0	0	0	0	0	0	0	0	0	0	0	0
M030705_M305_3F	0	0	2	4	2	2	1	2	3	4	3	3	2	4	1	3	3	3	2	2	4	2	0	0	1	3	0	0	3	4	3	3	1	2	1	4	1	2	4	4	1	4	2	4	3	4	4	4	1	1	0	0	2	2	2	3	0	0	3	3	3	2	1	2	4	4	3	3	1	2	3	3	1	1	4	4	2	2	3	4	1	3	3	3	1	1	1	3	1	3	1	3	1	2	3	4	2	2	0	0	0	0	2	2	3	3	1	4	2	2	3	3	2	2	1	3	1	3	1	2	1	1	1	1	1	3	1	3	0	0	2	4	2	2	3	4	0	0	1	1	1	3	0	0	2	4	1	3	1	4	1	3	1	1	2	2	2	2	1	4	2	4	4	2	2	2	3	3	1	4	0	0	3	3	1	3	1	1	4	4	1	1	2	2	4	2	3	3	4	2	3	3
M030728_M305_6E	0	0	4	4	2	2	0	0	0	0	0	0	2	2	1	3	3	3	2	2	4	4	0	0	1	1	1	1	0	0	3	3	0	0	0	0	1	1	4	4	0	0	4	4	4	4	4	2	0	0	0	0	2	2	0	0	0	0	0	0	0	0	1	1	4	4	0	0	2	2	3	3	0	0	4	4	2	2	0	0	3	3	3	3	1	1	0	0	3	3	3	3	0	0	3	3	2	2	0	0	0	0	0	0	3	3	0	0	2	2	3	3	2	2	0	0	3	3	0	0	1	1	1	1	0	0	1	1	0	0	2	4	2	2	0	0	2	2	3	3	3	3	0	0	0	0	3	3	0	0	3	3	0	0	2	2	2	2	0	0	2	2	2	2	2	2	3	3	0	0	0	0	3	3	3	3	1	1	2	4	1	3	0	0	2	2	0	0	2	2	3	3
M030750_M305_9C	0	0	4	4	2	2	1	2	3	4	4	4	2	4	1	3	3	3	2	2	4	2	0	0	3	3	1	3	3	4	3	4	1	2	1	4	1	2	4	4	1	4	2	4	3	4	4	2	1	1	2	4	2	2	2	3	0	0	0	0	3	2	1	2	4	4	3	3	2	2	3	3	1	1	4	4	2	2	4	4	1	3	1	3	1	1	1	3	1	3	3	3	1	2	3	4	2	2	0	0	1	1	2	2	3	3	1	4	2	2	3	3	2	2	1	3	3	3	1	2	1	2	1	1	1	3	1	1	0	0	2	4	2	2	3	4	0	0	1	1	1	3	0	0	2	4	1	3	1	4	3	3	1	3	2	2	2	2	1	1	2	4	4	2	2	3	3	3	1	4	0	0	3	3	1	3	1	1	2	4	1	1	2	2	4	2	3	3	4	2	3	3
M030768_M305_11E	0	0	4	4	2	2	2	2	3	3	3	3	2	2	3	3	3	3	2	2	4	4	0	0	1	3	1	1	3	3	3	3	1	1	1	1	1	1	4	4	1	1	4	4	4	4	4	4	1	1	2	2	2	2	3	3	0	0	3	3	2	2	1	1	4	4	3	3	1	1	3	3	2	2	4	4	1	1	3	3	3	3	3	3	1	1	3	3	3	3	3	3	2	2	3	3	2	2	0	0	4	4	2	2	3	3	1	1	4	2	3	3	1	1	3	3	1	1	2	2	1	1	1	1	1	1	3	3	0	0	4	4	2	2	3	3	2	2	1	3	3	3	0	0	2	2	3	3	4	4	3	3	3	3	4	4	2	2	1	1	2	2	2	2	2	2	3	3	1	1	0	0	2	2	3	3	1	1	4	4	1	3	2	2	2	2	1	1	2	2	3	3
M030119_M299_2D	0	0	4	4	2	2	1	1	4	4	3	3	4	4	3	3	3	3	2	2	2	2	0	0	3	3	3	3	4	4	3	3	2	2	1	4	2	2	2	2	4	4	2	2	3	3	4	4	1	1	4	4	2	2	2	2	0	0	3	4	3	3	2	2	4	4	3	3	2	2	3	3	1	1	4	4	2	2	4	4	1	1	1	1	1	1	1	1	1	1	1	3	1	1	4	4	2	2	0	0	1	4	2	3	3	3	4	4	2	2	3	3	2	2	1	1	1	1	1	1	1	1	1	1	3	3	1	1	0	0	2	2	2	2	4	4	4	4	1	1	1	1	0	0	4	4	1	1	1	1	1	1	1	1	2	2	2	2	1	1	4	4	4	4	2	2	3	3	4	4	0	0	3	3	1	1	1	1	4	4	1	1	2	2	4	4	3	3	4	4	3	3
M030128_M299_3E	0	0	2	4	2	2	1	1	3	4	3	4	2	4	3	3	3	3	2	2	4	2	0	0	1	3	1	3	3	4	3	4	1	2	1	1	1	2	4	4	1	4	2	4	3	4	4	2	1	1	2	4	2	2	2	3	0	0	3	3	3	2	1	2	4	4	3	3	1	2	3	3	1	2	2	4	1	2	3	4	1	3	3	3	1	4	1	3	1	3	3	3	1	2	3	4	2	4	0	0	4	4	2	2	3	3	1	4	2	2	3	3	1	2	3	3	1	3	1	2	1	1	1	1	1	3	0	0	0	0	2	4	2	2	3	4	4	4	1	1	1	3	0	0	2	4	1	3	1	4	3	3	0	0	2	4	2	2	1	4	2	4	4	2	2	2	3	3	1	4	0	0	2	3	1	3	1	1	2	4	1	1	1	1	4	2	3	3	4	2	3	3
M030138_M299_4G	0	0	4	4	2	2	2	2	3	3	3	4	2	2	1	3	3	3	2	2	4	4	0	0	1	3	1	1	3	3	3	3	1	1	1	1	1	1	4	4	1	1	4	4	4	4	2	2	1	1	2	2	2	2	3	3	0	0	3	3	2	2	1	1	4	4	3	3	2	2	3	3	2	2	4	4	1	1	3	3	3	3	3	3	1	1	3	3	3	3	3	3	2	2	3	3	2	2	0	0	1	4	2	2	3	3	1	1	2	2	3	3	2	2	3	3	1	1	2	2	1	2	1	1	1	1	1	3	0	0	4	4	2	2	3	3	2	2	1	1	3	3	0	0	2	2	3	3	4	4	3	3	0	0	4	4	2	2	1	1	2	2	2	2	2	2	3	3	1	1	0	0	3	3	3	3	1	1	2	2	1	1	2	2	2	2	1	1	2	2	3	3
M030156_M299_7A	0	0	4	4	2	2	1	1	4	4	3	3	4	4	3	3	3	3	2	2	2	2	0	0	3	3	3	3	4	4	3	3	2	2	1	1	2	2	2	2	4	4	2	2	3	3	4	4	1	1	4	4	2	2	2	2	0	0	3	4	3	3	2	2	4	4	3	3	2	2	3	3	1	1	2	4	2	2	4	4	1	1	3	3	1	1	1	1	1	1	1	3	1	1	4	4	2	2	0	0	1	4	2	2	3	3	4	4	4	2	3	3	2	2	1	1	3	3	1	1	1	1	1	2	3	3	1	1	0	0	2	2	2	2	4	4	4	4	1	1	1	1	0	0	4	4	1	1	1	1	1	1	1	1	2	2	1	2	1	4	4	4	4	4	2	2	3	3	4	4	0	0	3	3	1	1	1	1	4	4	1	1	2	2	4	4	3	3	4	4	3	3
M030177_M299_9F	0	0	4	4	2	2	1	2	3	4	3	4	2	4	3	3	3	3	2	2	4	2	0	0	1	3	1	3	3	4	3	3	1	2	1	1	1	2	4	2	1	4	2	4	3	4	4	2	1	1	4	4	2	2	3	3	0	0	3	4	3	2	1	2	4	4	3	3	1	2	1	3	1	1	4	4	2	2	3	4	1	3	1	3	1	1	1	3	1	3	3	3	1	2	3	4	2	2	0	0	4	4	2	3	3	3	1	4	2	2	3	3	1	2	1	3	1	1	1	2	1	2	1	1	1	3	1	3	0	0	2	4	2	2	3	4	4	4	1	1	1	3	0	0	2	4	1	3	1	4	1	3	1	3	2	2	2	2	1	1	2	4	4	2	2	2	3	3	1	4	0	0	2	3	1	3	1	1	2	4	1	1	2	2	4	2	3	3	4	2	3	3
M030186_M299_10G	0	0	4	4	2	2	1	1	4	4	3	4	4	4	3	3	3	3	2	2	2	2	0	0	3	3	3	3	3	4	3	4	2	2	1	1	2	2	4	2	4	4	2	2	3	3	4	4	1	1	4	4	2	2	2	3	0	0	3	3	3	3	2	2	4	4	3	3	2	2	1	3	1	1	4	4	2	2	4	4	3	3	1	3	1	1	1	1	1	1	3	3	1	1	4	4	2	2	0	0	1	4	2	2	3	3	4	4	2	2	3	3	2	2	1	3	1	1	1	1	1	1	1	2	3	3	1	1	0	0	2	2	2	2	4	4	4	4	1	1	1	1	0	0	4	4	1	1	1	1	1	1	1	1	2	2	2	2	4	4	4	4	4	4	2	2	3	3	4	4	0	0	3	3	1	1	1	1	4	4	1	1	1	2	4	4	3	3	4	4	3	3
M030682_M304_12G	0	0	4	4	2	2	1	2	3	4	3	3	2	4	1	3	3	3	2	2	4	2	0	0	1	3	1	3	3	4	3	4	1	2	1	1	1	2	4	4	1	4	2	4	3	4	4	4	1	1	2	4	2	2	2	3	0	0	3	3	3	2	1	2	4	4	3	3	2	2	3	3	1	2	2	4	1	2	4	4	3	3	1	3	1	1	1	3	1	3	3	3	1	2	3	4	2	2	0	0	1	4	2	2	3	3	1	4	2	2	1	3	2	2	1	3	1	3	1	2	1	1	1	1	1	3	1	1	0	0	2	4	2	2	3	4	4	2	1	3	1	3	0	0	2	4	1	3	1	4	3	3	1	1	2	4	2	2	1	4	2	4	4	2	2	2	3	3	1	4	0	0	3	3	1	3	1	1	4	4	1	3	1	2	4	2	3	3	4	2	3	3
M030696_M305_2E	0	0	4	4	2	2	1	1	4	4	3	4	4	4	1	3	3	3	2	2	2	2	0	0	3	3	3	3	4	4	3	4	2	2	1	1	2	2	4	4	4	4	2	2	3	3	4	4	1	1	4	4	2	2	2	3	0	0	3	4	0	0	2	2	4	4	3	3	2	2	1	3	1	1	2	4	2	2	4	4	1	3	1	1	1	1	1	1	1	1	3	3	1	1	4	4	2	2	0	0	1	1	0	0	3	3	4	4	2	2	3	3	2	2	1	1	1	3	1	1	1	1	1	1	3	3	1	1	0	0	2	2	2	2	4	4	0	0	1	1	1	1	0	0	4	4	1	1	1	1	1	3	1	1	2	2	2	2	4	4	4	4	4	4	2	2	3	3	0	0	0	0	3	3	1	1	1	1	4	4	1	1	1	2	4	4	3	3	0	0	3	3
M030706_M305_3G	0	0	4	4	2	2	0	0	0	0	3	4	4	4	1	3	3	3	2	2	2	2	0	0	3	3	3	3	4	4	3	3	2	2	1	4	2	2	4	4	4	4	0	0	0	0	4	4	1	1	4	4	2	2	0	0	0	0	0	0	0	0	2	2	4	4	3	3	0	0	3	3	1	1	4	4	2	2	4	4	1	1	1	1	1	1	0	0	1	1	1	3	1	1	4	4	2	2	0	0	4	4	2	2	3	3	0	0	2	2	3	3	2	2	0	0	1	3	1	1	1	1	1	2	3	3	1	1	0	0	2	2	2	2	4	4	0	0	1	1	1	1	0	0	0	0	1	1	1	1	0	0	1	1	0	0	2	2	1	4	4	4	4	4	2	2	3	3	0	0	0	0	3	3	1	1	1	1	4	4	1	1	2	2	4	4	3	3	0	0	3	3
M030730_M305_6G	0	0	4	4	2	2	1	2	3	4	3	4	2	4	1	3	3	3	2	2	4	2	0	0	3	3	1	3	3	4	3	3	1	2	1	1	1	2	4	4	1	4	2	4	3	4	4	2	1	1	4	4	2	2	3	3	0	0	3	3	3	2	1	2	4	4	0	0	1	2	3	3	1	1	2	4	2	2	3	4	3	3	3	3	1	1	1	3	1	3	3	3	1	2	3	4	2	2	0	0	4	4	2	2	3	3	1	4	2	2	3	3	1	2	1	3	1	3	1	2	1	1	1	1	1	3	1	3	0	0	2	4	2	2	3	4	4	2	1	1	1	3	0	0	2	4	1	3	1	4	1	3	1	3	2	2	2	2	1	1	2	4	4	2	2	2	3	3	1	4	0	0	2	3	1	3	1	3	2	4	1	1	2	2	4	2	3	3	4	2	3	3
M030753_M305_9F	0	0	4	4	2	2	1	2	3	4	3	4	2	4	1	3	3	3	2	2	4	2	0	0	1	3	1	3	3	4	3	3	1	2	1	1	0	0	4	4	1	4	2	4	3	4	4	4	1	1	4	4	2	2	2	3	0	0	0	0	3	2	1	2	4	4	3	3	1	2	3	3	1	1	2	4	1	2	3	4	3	3	1	3	1	1	1	3	1	3	3	3	1	2	3	4	2	2	0	0	4	4	2	2	3	3	1	4	2	2	3	3	2	2	1	3	1	1	1	2	1	1	1	2	1	3	1	3	0	0	2	4	2	2	3	4	4	2	1	3	1	3	0	0	2	4	1	3	1	4	1	3	1	3	2	4	2	2	1	1	2	4	4	2	2	2	3	3	1	4	0	0	3	3	1	3	1	1	2	4	1	1	2	2	4	2	3	3	4	2	3	3
M030770_M305_11G	0	0	4	4	2	2	0	0	3	4	3	4	2	4	1	3	3	3	2	2	4	2	0	0	1	3	1	3	3	4	3	3	1	2	1	1	1	2	4	4	1	4	2	4	3	4	4	2	1	1	2	4	2	2	3	3	0	0	3	4	3	2	1	2	4	4	3	3	1	2	1	3	1	2	2	4	1	2	3	4	1	3	1	3	4	4	1	3	1	3	3	3	1	2	3	4	2	2	0	0	4	4	2	2	3	3	1	4	4	2	3	3	1	2	1	3	1	1	1	2	1	1	1	1	1	3	1	3	0	0	2	4	2	2	3	4	4	2	1	1	1	3	0	0	2	4	1	3	1	4	1	3	1	1	2	4	2	2	1	1	2	4	4	2	2	2	3	3	1	4	0	0	2	3	1	3	1	1	2	4	1	1	2	2	4	2	3	3	4	2	3	3
M030120_M299_2E	0	0	4	4	2	2	1	2	3	4	3	4	2	4	3	3	3	3	2	2	4	2	0	0	3	3	1	3	3	4	3	3	1	2	1	1	1	2	4	4	1	4	2	4	3	4	4	2	1	1	2	4	2	2	3	3	0	0	3	3	3	2	1	2	4	4	3	3	1	2	3	3	1	2	4	4	0	0	3	4	1	3	1	3	1	1	1	3	1	3	3	3	1	2	3	4	2	2	0	0	4	4	2	3	3	3	1	4	2	2	3	3	1	2	1	3	1	1	1	2	1	1	1	1	1	3	1	3	0	0	2	4	2	2	3	4	4	2	1	3	1	3	0	0	2	4	1	3	1	4	1	3	1	1	2	4	2	2	1	4	2	4	4	2	2	2	3	3	1	4	0	0	2	3	1	3	1	1	2	4	1	1	2	2	4	2	3	3	4	2	3	3
M030129_M299_3F	0	0	2	4	2	2	1	2	3	4	3	3	2	4	3	3	3	3	2	2	4	2	0	0	1	3	1	3	3	4	3	3	1	2	1	1	1	2	4	4	1	4	2	4	3	4	4	4	1	1	2	4	2	2	3	3	0	0	3	3	3	2	1	2	4	4	3	3	1	2	3	3	1	2	2	4	1	2	3	4	1	3	3	3	1	1	1	3	1	3	3	3	0	0	3	4	2	4	0	0	1	4	2	3	3	3	1	4	2	2	3	3	1	2	3	3	1	3	1	2	1	2	1	2	1	3	1	3	0	0	2	4	2	2	3	4	4	2	1	3	1	3	0	0	2	4	1	3	1	4	3	3	1	3	2	4	2	2	1	4	2	4	4	2	2	2	3	3	1	4	0	0	2	3	1	3	1	3	4	4	1	1	2	2	4	2	3	3	4	2	3	3
M030140_M299_5A	0	0	4	4	2	2	1	1	4	4	3	3	4	4	3	3	3	3	2	2	2	2	0	0	3	3	3	3	4	4	3	3	2	2	1	1	2	2	4	4	4	4	2	2	3	3	4	4	1	1	4	4	2	2	2	3	0	0	3	3	3	3	2	2	0	0	3	3	2	2	3	3	1	1	2	2	2	2	4	4	0	0	1	1	1	4	1	1	1	1	3	3	1	1	4	4	2	2	0	0	1	4	2	2	3	3	4	4	4	2	3	3	2	2	1	1	1	1	1	1	1	1	1	1	3	3	0	0	0	0	2	2	2	2	4	4	0	0	1	1	1	1	0	0	4	4	1	1	1	1	1	3	1	1	2	2	2	2	4	4	4	4	4	4	2	2	3	3	4	4	0	0	3	3	1	1	1	1	4	4	1	1	2	2	4	4	3	3	4	4	3	3
M030157_M299_7B	0	0	4	4	2	2	1	1	4	4	3	4	4	4	3	3	3	3	2	2	2	2	0	0	3	3	3	3	4	4	3	3	2	2	1	1	2	2	2	2	4	4	2	2	3	3	4	4	1	1	4	4	2	2	2	3	0	0	3	3	3	3	2	2	4	4	3	3	2	2	1	3	1	1	2	2	2	2	4	4	1	3	1	3	1	1	1	1	1	1	1	3	1	1	4	4	2	2	0	0	4	4	2	2	3	3	4	4	2	2	3	3	2	2	1	1	1	3	1	1	1	1	1	2	3	3	1	1	0	0	2	2	2	2	4	4	4	4	1	1	1	1	0	0	4	4	1	1	1	1	1	1	1	1	2	2	2	2	1	1	4	4	4	4	2	2	3	3	4	4	0	0	3	3	1	1	1	1	4	4	1	1	1	2	4	4	3	3	4	4	3	3
M030178_M299_9G	0	0	4	4	2	2	1	1	4	4	3	3	4	4	3	3	3	3	2	2	2	2	0	0	3	3	3	3	4	4	0	0	2	2	1	1	2	2	4	2	4	4	2	2	3	3	4	4	1	1	4	4	2	2	3	3	0	0	3	3	0	0	2	2	4	4	0	0	2	2	3	3	1	1	2	2	2	2	4	4	1	3	1	3	1	1	1	1	1	1	1	3	1	1	4	4	2	2	0	0	4	4	2	3	3	3	4	4	4	2	3	3	2	2	1	1	1	3	1	1	1	1	2	2	3	3	0	0	0	0	2	2	2	2	4	4	4	4	1	1	1	1	0	0	4	4	1	1	1	1	1	1	1	1	2	2	2	2	1	4	4	4	4	4	2	2	3	3	4	4	0	0	3	3	1	1	1	1	4	4	1	1	2	2	4	4	3	3	4	4	3	3
M030187_M299_10H	0	0	4	4	2	2	1	1	4	4	3	3	4	4	3	3	3	3	2	2	2	2	0	0	3	3	3	3	4	4	3	3	2	2	1	1	2	2	4	4	4	4	2	2	3	3	4	4	1	1	4	4	2	2	3	3	0	0	4	4	3	3	2	2	4	4	3	3	2	2	1	3	1	1	4	4	2	2	4	4	1	1	1	3	1	1	1	1	1	1	1	3	1	1	4	4	2	2	0	0	1	4	2	3	3	3	4	4	2	2	3	3	2	2	1	1	1	3	1	1	1	1	1	1	3	3	1	1	0	0	2	2	2	2	4	4	4	4	1	1	1	1	0	0	4	4	1	1	1	1	1	3	1	1	2	2	2	2	4	4	4	4	4	4	2	2	3	3	4	4	0	0	3	3	1	1	1	1	4	4	1	1	2	2	4	4	3	3	4	4	3	3
M030685_M305_1B	0	0	0	0	2	2	2	2	3	3	3	4	2	2	1	3	3	3	2	2	4	4	0	0	1	1	1	1	3	3	3	3	1	1	1	1	1	1	4	4	1	1	4	4	4	4	2	2	1	1	2	2	2	2	3	3	0	0	3	3	2	2	1	1	4	4	3	3	1	2	3	3	1	2	4	4	1	2	3	4	3	3	3	3	1	4	3	3	3	3	3	3	2	2	3	3	2	2	0	0	4	4	2	2	3	3	1	1	2	2	3	3	1	2	3	3	1	3	2	2	1	1	1	1	1	1	3	3	0	0	4	4	2	2	0	0	2	2	1	3	3	3	0	0	2	2	3	3	4	4	3	3	0	0	2	4	2	2	1	4	2	2	2	2	2	2	3	3	1	1	0	0	2	3	3	3	1	1	2	4	1	1	2	2	2	2	1	1	2	2	3	3
M030697_M305_2F	0	0	4	4	2	2	1	2	3	4	3	4	2	4	1	3	3	3	2	2	4	2	0	0	0	0	1	3	3	4	3	4	1	2	1	4	0	0	4	4	1	4	2	4	3	4	4	2	1	1	2	4	2	2	2	3	0	0	3	3	3	2	1	2	4	4	3	3	0	0	3	3	1	1	4	4	0	0	3	4	1	3	1	3	1	4	1	3	1	3	1	3	1	2	3	4	2	4	0	0	4	4	0	0	1	3	1	4	2	2	3	3	2	2	1	3	1	3	1	2	1	1	1	2	1	3	1	1	0	0	2	4	2	2	3	4	0	0	1	1	1	3	0	0	2	4	1	3	1	4	1	3	1	3	2	4	2	2	1	1	2	4	4	2	2	2	3	3	1	4	0	0	0	0	1	3	1	1	2	4	1	3	2	2	4	2	3	3	4	2	3	3
M030707_M305_3H	0	0	2	4	2	2	1	2	3	4	3	4	2	4	1	3	3	3	2	2	4	2	0	0	0	0	1	3	3	4	3	3	1	2	1	1	1	2	4	4	1	4	2	4	3	4	4	2	1	1	2	4	2	2	2	3	0	0	3	3	3	2	1	2	4	4	3	3	0	0	1	3	1	2	4	4	1	2	3	4	1	3	1	3	1	1	1	3	1	3	1	3	0	0	3	4	2	2	0	0	1	4	2	2	3	3	1	4	2	2	3	3	1	2	1	3	0	0	1	2	1	1	1	1	1	3	0	0	0	0	2	4	2	2	3	4	4	2	1	1	1	3	0	0	2	4	1	3	1	4	0	0	1	1	2	4	2	2	1	4	2	4	4	2	2	3	3	3	1	4	0	0	2	3	1	3	1	1	2	4	1	1	2	2	4	2	3	3	4	2	0	0
M030734_M305_7C	0	0	2	4	2	2	2	2	3	3	4	4	0	0	1	3	3	3	2	2	4	4	0	0	0	0	1	1	3	3	3	3	1	1	1	1	1	1	4	4	1	1	4	4	4	4	4	2	1	1	2	2	2	2	3	3	0	0	3	3	2	2	0	0	4	4	0	0	1	2	3	3	0	0	4	4	1	2	3	4	3	3	3	3	1	1	3	3	3	3	3	3	2	2	0	0	2	2	0	0	1	4	2	2	3	3	1	1	2	2	3	3	1	2	3	3	3	3	2	2	1	2	1	1	1	1	1	3	0	0	4	4	2	2	0	0	2	2	1	3	3	3	0	0	2	2	3	3	4	4	3	3	3	3	2	4	2	2	1	1	2	2	2	2	2	2	3	3	1	1	0	0	2	3	3	3	1	3	2	4	1	1	2	2	2	2	1	1	2	2	0	0
M030756_M305_10A	0	0	2	4	2	2	0	0	3	4	3	3	2	4	1	3	3	3	2	2	4	2	0	0	1	3	1	3	3	4	3	3	1	2	1	4	1	2	4	4	1	4	2	4	3	4	4	2	1	1	4	4	2	2	2	3	0	0	3	3	3	2	1	2	4	4	3	3	1	2	1	3	1	1	4	4	2	2	4	4	1	3	1	3	1	1	1	3	1	3	1	3	1	2	3	4	2	2	0	0	4	4	2	2	3	3	1	4	2	2	1	3	1	2	1	3	1	3	1	2	1	1	1	1	1	3	0	0	0	0	2	4	2	2	3	4	0	0	1	1	1	3	0	0	2	4	1	3	1	4	1	3	1	1	2	2	2	2	4	4	2	4	4	2	2	2	3	3	1	4	0	0	2	3	1	3	1	1	2	4	1	1	2	2	4	2	3	3	4	2	3	3
M030772_M305_12A	0	0	4	4	2	2	2	2	3	3	4	4	2	2	1	3	3	3	2	2	4	4	0	0	0	0	1	1	3	3	3	3	1	1	1	1	1	1	4	4	1	1	4	4	4	4	2	2	1	1	2	2	2	2	3	3	0	0	3	3	2	2	1	1	4	4	3	3	1	2	3	3	1	2	4	4	1	2	3	4	3	3	3	3	1	1	3	3	3	3	3	3	2	2	3	3	2	2	0	0	1	4	2	2	3	3	1	1	2	2	1	3	1	2	3	3	1	3	2	2	1	1	1	1	1	1	3	3	0	0	4	4	2	2	3	3	2	2	1	1	3	3	0	0	2	2	3	3	4	4	3	3	3	3	2	4	2	2	1	1	2	2	2	2	0	0	3	3	1	1	0	0	2	3	3	3	1	1	2	2	1	1	1	2	2	2	1	1	2	2	3	3
