Sample_ID	OmyY1	OmyY1	R18251	R18251	R23044	R23044	R30220	R30220	R34286	R34286	R38993	R38993	SH114448	SH114448	R000200	R000200	R033859	R033859	R09768	R09768	R12730	R12730	R24463	R24463	R00586	R00586	R19198	R19198	R23330	R23330	R30355	R30355	R34385	R34385	R39365	R39365	SH121006	SH121006	R018277	R018277	R03418	R03418	R10226	R10226	R13191	R13191	R24493	R24493	R12738	R12738	R19633	R19633	R23813	R23813	R30423	R30423	R34662	R34662	R40094	R40094	SH127236	SH127236	R02551	R02551	R03924	R03924	R10530	R10530	R16543	R16543	R26255	R26255	R13730	R13730	R19731	R19731	R24068	R24068	R30589	R30589	R35324	R35324	R40152	R40152	OMS00116	OMS00116	R02676	R02676	R04143	R04143	R11238	R11238	R19868	R19868	R27050	R27050	R14225	R14225	R21285	R21285	R24273	R24273	R30678	R30678	R37205	R37205	R40252	R40252	OMS00143	OMS00143	R02783	R02783	R04203	R04203	R11353	R11353	R19948	R19948	R30551	R30551	R14383	R14383	R21330	R21330	R24370	R24370	R33010	R33010	R37229	R37229	R40319	R40319	OMS00144	OMS00144	R02785	R02785	R04760	R04760	R11790	R11790	R20353	R20353	R32124	R32124	R14511	R14511	R21561	R21561	R28680	R28680	R33411	R33411	R37560	R37560	R40342	R40342	OMS00159	OMS00159	R03042	R03042	R04944	R04944	R12528	R12528	R21023	R21023	R32692	R32692	R14589	R14589	R22570	R22570	R30015	R30015	R33562	R33562	R38346	R38346	R40580	R40580	OMS00169	OMS00169	R03306	R03306	R08985	R08985	R12611	R12611	R22488	R22488	R36639	R36639
M083397_M846_2A	0	0	4	4	2	2	1	1	4	4	0	0	4	4	1	1	0	0	4	4	2	2	0	0	3	3	3	3	4	4	3	3	2	2	4	4	0	0	2	2	4	4	2	2	3	3	4	4	1	1	4	4	2	2	2	2	0	0	3	3	3	3	2	2	4	4	0	0	2	2	1	3	1	1	4	4	2	2	4	4	1	1	1	3	1	1	1	1	1	1	1	3	1	1	4	4	2	2	0	0	4	4	2	3	3	3	4	4	0	0	3	3	2	2	1	3	3	3	1	1	1	1	2	2	3	3	1	1	0	0	2	2	2	2	4	4	4	4	1	1	1	1	0	0	4	4	1	1	1	1	1	1	1	1	2	2	2	2	1	4	4	4	4	4	2	2	3	3	4	4	0	0	3	3	1	1	1	1	4	4	1	1	2	2	4	4	3	3	4	4	3	3
M083405_M846_3A	0	0	4	4	2	2	1	2	3	4	3	3	0	0	1	3	0	0	2	2	4	2	0	0	1	3	1	3	3	4	3	3	1	2	1	4	1	2	2	2	1	4	2	4	3	4	4	4	1	1	2	2	2	2	3	3	0	0	3	3	3	2	1	2	4	4	0	0	2	2	1	3	1	1	4	4	2	2	3	3	1	3	1	3	1	1	1	3	1	3	3	3	1	2	3	4	2	2	2	4	4	4	2	3	3	3	1	4	2	2	3	3	2	2	3	3	3	3	1	1	1	1	1	2	1	3	1	1	0	0	2	4	2	2	3	4	4	2	1	1	1	3	0	0	2	4	1	3	1	4	1	3	1	3	2	2	2	2	1	1	2	4	4	2	2	2	3	3	1	4	0	0	3	3	1	3	1	1	4	4	1	1	2	2	4	2	3	3	4	2	3	3
M083413_M846_4A	0	0	4	4	2	2	1	1	4	4	3	4	4	4	1	1	0	0	4	2	2	2	0	0	3	3	3	3	4	4	4	4	2	2	4	4	2	2	2	2	4	4	2	2	3	3	4	4	1	1	4	4	2	2	3	3	0	0	3	3	3	3	2	2	4	4	0	0	2	2	1	3	1	1	4	4	2	2	4	4	1	1	1	3	1	1	1	1	1	1	1	3	1	1	4	4	2	2	0	0	4	4	2	2	3	3	4	4	2	2	3	3	2	2	1	3	3	3	1	1	1	1	2	2	3	3	1	1	0	0	2	2	2	2	4	4	0	0	1	1	1	1	0	0	4	4	1	1	1	1	1	1	1	1	2	2	2	2	1	4	4	4	4	4	2	2	3	3	4	4	0	0	3	3	1	1	1	1	4	4	1	1	2	2	4	4	3	3	4	4	3	3
M083421_M846_5A	0	0	4	4	2	2	1	1	4	4	3	3	4	4	1	1	0	0	4	2	2	2	0	0	3	3	3	3	4	4	3	4	2	2	1	4	2	2	2	2	4	4	2	2	3	3	4	4	1	1	2	4	2	2	2	2	0	0	3	3	3	3	2	2	4	4	0	0	2	2	1	3	1	1	4	4	2	2	4	4	1	1	1	3	1	1	1	1	1	1	1	3	1	1	4	4	2	2	2	2	0	0	2	2	3	3	4	4	2	2	3	3	2	2	1	3	3	3	1	1	1	1	2	2	3	3	1	1	0	0	2	2	2	2	4	4	4	4	1	1	1	1	0	0	4	4	1	1	1	1	1	1	1	1	2	2	2	2	4	4	4	4	4	4	2	2	3	3	4	4	0	0	3	3	1	1	1	1	4	4	1	1	2	2	4	4	3	3	4	4	3	3
M083429_M846_6A	0	0	4	4	2	2	1	1	4	4	3	3	4	4	0	0	0	0	4	2	2	2	0	0	3	3	3	3	4	4	3	3	2	2	4	4	2	2	2	2	4	4	2	2	3	3	4	4	1	1	2	4	2	2	2	2	0	0	3	3	3	3	2	2	4	2	0	0	2	2	1	1	1	1	2	4	2	2	4	4	1	1	3	3	1	1	1	1	1	1	1	3	1	1	4	4	2	2	2	2	4	4	2	3	3	3	4	4	2	2	3	3	2	2	3	3	3	3	0	0	1	1	0	0	3	3	1	1	0	0	2	2	2	2	4	4	4	4	1	1	1	1	0	0	4	4	1	1	1	1	1	1	1	1	2	2	2	2	1	1	4	4	4	4	2	2	3	3	4	4	0	0	3	3	1	1	1	1	4	4	1	1	2	2	0	0	3	3	4	4	3	3
M083445_M846_8A	0	0	4	4	2	2	1	1	4	4	3	3	4	4	1	1	0	0	2	2	2	2	0	0	3	3	3	3	4	4	3	4	2	2	4	4	2	2	2	2	4	4	2	2	3	3	4	4	1	1	4	4	2	2	2	3	0	0	3	3	3	3	2	2	4	2	0	0	2	2	1	1	1	1	4	4	2	2	4	4	1	1	1	3	1	1	1	1	1	1	1	3	1	1	4	4	2	2	2	2	4	4	2	2	3	3	4	4	2	2	3	3	2	2	3	3	3	3	1	1	1	1	1	2	3	3	1	1	0	0	2	2	2	2	4	4	4	4	1	1	1	1	0	0	4	4	1	1	1	1	1	1	1	1	2	2	2	2	1	4	4	4	4	4	2	2	3	3	4	4	0	0	3	3	1	1	1	1	4	4	1	1	2	2	4	4	3	3	4	4	3	3
M083453_M846_9A	0	0	4	4	2	2	1	1	4	4	3	3	4	4	1	1	0	0	4	2	2	2	0	0	3	3	3	3	4	4	3	3	2	2	4	4	2	2	2	2	4	4	2	2	3	3	4	4	1	1	4	4	2	2	2	2	0	0	3	3	3	3	2	2	4	4	0	0	2	2	3	3	1	1	4	4	2	2	4	4	1	1	1	3	1	1	1	1	1	1	1	3	1	1	4	4	2	2	2	2	4	4	2	3	3	3	4	4	2	2	3	3	2	2	1	3	3	3	1	1	1	1	2	2	3	3	1	1	0	0	2	2	2	2	4	4	4	4	1	1	1	1	0	0	4	4	1	1	1	1	1	1	1	1	2	2	2	2	1	1	4	4	4	4	2	2	3	3	4	4	0	0	3	3	1	1	1	1	4	4	1	1	2	2	4	4	3	3	4	4	3	3
M083461_M846_10A	0	0	4	4	2	2	1	1	4	4	3	3	4	4	1	1	0	0	2	2	2	2	0	0	3	3	3	3	4	4	4	4	2	2	1	4	2	2	2	2	4	4	2	2	3	3	4	4	1	1	4	4	2	2	2	2	0	0	3	3	3	3	2	2	4	4	0	0	2	2	1	1	1	1	4	4	2	2	3	4	1	1	1	1	1	1	1	1	1	1	3	3	1	1	4	4	2	2	2	2	4	4	2	2	3	3	4	4	2	2	3	3	2	2	1	3	3	3	1	1	1	1	2	2	3	3	1	1	0	0	2	2	2	2	4	4	4	4	1	1	1	1	0	0	4	4	1	1	1	1	1	1	1	1	2	2	2	2	4	4	4	4	4	4	2	2	3	3	4	4	0	0	3	3	1	1	1	1	4	4	1	1	2	2	4	4	3	3	4	4	3	3
M079646_M807_1B	0	0	2	2	2	2	2	2	3	3	3	4	0	0	3	3	0	0	2	2	4	4	0	0	1	1	1	1	3	3	3	3	1	1	1	1	1	2	2	2	1	1	4	4	4	4	4	2	1	1	2	2	2	2	3	3	0	0	3	3	3	2	1	1	4	4	0	0	1	1	3	3	1	2	4	4	2	2	3	4	3	3	3	3	1	1	3	3	3	3	3	3	2	2	3	3	4	4	4	4	1	4	2	2	3	3	1	1	4	2	1	1	1	2	3	3	1	1	2	2	2	2	1	1	1	1	1	3	0	0	0	0	2	2	3	3	2	2	1	3	3	3	0	0	2	2	3	3	4	4	3	3	3	3	0	0	2	2	1	1	2	2	2	2	0	0	3	3	1	1	0	0	2	3	3	3	3	3	2	4	1	1	1	2	2	2	0	0	2	2	3	4
M079654_M807_2B	0	0	4	4	2	2	1	1	4	4	3	4	4	4	3	3	0	0	2	2	2	2	0	0	3	3	3	3	4	4	3	3	2	2	1	1	2	2	0	0	4	4	2	2	3	3	4	4	1	1	4	4	2	2	2	2	0	0	3	3	3	3	2	2	4	4	0	0	2	2	3	3	1	1	4	4	2	2	4	4	1	3	1	3	1	4	1	1	1	1	1	1	1	1	4	4	2	2	2	2	4	4	2	3	3	3	4	4	2	2	3	3	2	2	1	1	1	3	1	1	1	1	1	1	3	3	1	1	0	0	2	2	2	2	4	4	4	4	1	1	1	1	0	0	4	4	1	1	1	1	1	3	1	1	2	2	1	2	1	4	4	4	4	4	2	2	3	3	4	4	0	0	3	3	1	1	1	1	4	4	1	1	2	2	4	4	3	3	4	4	3	3
M083390_M846_1B	0	0	4	4	2	2	1	1	4	4	3	3	4	4	1	1	0	0	2	2	2	2	0	0	3	3	3	3	4	4	3	3	2	2	4	4	2	2	2	2	4	4	2	2	3	3	4	4	1	2	4	4	2	2	2	2	0	0	3	3	3	3	2	2	4	4	0	0	2	2	0	0	1	1	2	4	2	2	4	4	1	1	1	3	1	1	1	1	1	1	1	3	1	1	4	4	2	2	2	2	4	4	2	2	3	3	4	4	2	2	3	3	2	2	1	1	3	3	1	1	1	1	1	1	3	3	1	1	0	0	2	2	2	2	4	4	4	4	1	1	1	1	0	0	4	4	1	1	1	1	1	1	1	1	2	2	2	2	4	4	4	4	4	4	2	2	3	3	4	4	0	0	3	3	1	1	1	1	4	4	1	1	2	2	4	4	3	3	4	4	3	3
M083398_M846_2B	0	0	4	4	2	2	1	1	4	4	3	3	4	4	1	1	0	0	4	2	2	2	0	0	3	3	3	3	4	4	3	3	2	2	1	4	0	0	2	2	4	4	2	2	3	3	4	4	1	1	4	4	2	2	3	3	0	0	3	3	3	3	2	2	4	4	0	0	2	2	1	3	1	1	4	4	2	2	4	4	1	1	1	3	1	1	1	1	1	3	1	3	1	1	4	4	2	2	2	2	4	4	2	2	3	3	4	4	2	2	3	3	2	2	1	1	3	3	1	1	1	1	2	2	3	3	1	1	0	0	2	2	2	2	4	4	4	4	1	1	1	1	0	0	4	4	1	3	1	1	1	1	1	1	2	2	2	2	4	4	4	4	4	4	2	2	3	3	4	4	0	0	3	3	1	1	1	1	4	4	1	1	2	2	4	4	3	3	4	4	3	3
M083406_M846_3B	0	0	4	4	2	2	1	1	0	0	3	3	4	4	0	0	0	0	2	2	2	2	0	0	3	3	3	3	4	4	3	3	2	2	4	4	2	2	2	2	4	4	2	2	3	3	4	4	1	1	2	4	2	2	2	3	0	0	3	3	3	3	2	2	4	4	0	0	2	2	1	1	1	1	4	4	2	2	4	4	1	1	1	1	1	1	1	1	1	1	1	1	1	1	4	4	2	2	2	2	0	0	2	2	3	3	4	4	4	2	3	3	2	2	1	3	3	3	1	1	1	1	2	2	3	3	1	1	0	0	2	2	2	2	4	4	4	4	1	1	1	1	0	0	4	4	1	1	1	1	1	1	1	1	2	2	2	2	1	4	4	4	4	4	2	2	3	3	4	4	0	0	3	3	1	1	1	1	4	4	1	1	2	2	4	4	3	3	0	0	3	3
M083414_M846_4B	0	0	2	4	2	2	1	2	4	4	3	3	2	4	1	1	0	0	2	2	4	2	0	0	3	3	1	3	3	4	3	3	1	2	1	4	1	2	2	2	1	4	2	4	3	4	4	4	1	1	2	4	2	2	2	3	0	0	3	3	3	2	1	2	4	4	0	0	1	2	1	3	1	1	4	4	2	2	3	4	1	3	1	3	1	1	0	0	1	3	1	3	1	2	3	4	2	2	2	4	0	0	2	2	3	3	1	4	2	2	3	3	1	2	1	3	3	3	1	2	1	1	1	2	1	3	1	1	0	0	2	2	2	2	3	4	4	2	1	1	1	3	0	0	2	4	1	3	1	4	1	3	1	3	2	2	2	2	1	4	2	4	4	2	2	3	3	3	1	4	0	0	2	3	1	3	1	1	2	4	1	1	2	2	4	2	3	3	4	2	3	3
M083422_M846_5B	0	0	4	4	2	2	1	2	0	0	3	3	2	4	1	1	0	0	4	2	4	2	0	0	0	0	1	3	3	4	3	3	1	2	1	4	1	2	0	0	1	4	2	4	3	4	4	4	1	1	2	4	2	2	2	3	0	0	3	3	3	2	1	2	4	4	0	0	2	2	1	3	1	1	4	4	2	2	3	4	1	3	0	0	1	1	0	0	1	3	3	3	1	2	3	4	2	2	2	4	4	4	2	2	3	3	0	0	2	2	3	3	2	2	1	3	3	3	1	2	1	1	1	2	1	3	1	1	0	0	2	2	2	2	0	0	0	0	1	1	1	3	0	0	2	4	0	0	1	4	0	0	1	3	2	2	2	2	1	1	2	4	4	2	0	0	3	3	1	4	0	0	3	3	1	3	1	1	4	4	1	1	2	2	0	0	3	3	0	0	3	3
M083430_M846_6B	0	0	4	4	2	2	1	1	4	4	3	3	4	4	1	1	0	0	2	2	2	2	0	0	3	3	3	3	4	4	3	3	2	2	4	4	2	2	2	2	4	4	2	2	3	3	4	4	1	1	2	4	2	2	2	2	0	0	3	3	3	3	2	2	4	4	0	0	2	2	1	1	1	1	4	4	2	2	4	4	1	1	1	3	1	1	1	1	1	1	1	3	1	1	4	4	2	2	2	2	0	0	2	3	3	3	4	4	2	2	3	3	2	2	1	3	3	3	1	1	1	1	1	2	3	3	1	1	0	0	2	2	2	2	4	4	4	4	1	1	1	1	0	0	4	4	1	1	1	1	1	1	1	1	2	2	2	2	4	4	4	4	4	4	2	2	3	3	4	4	0	0	3	3	1	1	1	1	4	4	1	1	2	2	4	4	3	3	4	4	3	3
M083438_M846_7B	0	0	4	4	2	2	1	2	3	4	3	3	2	4	1	1	0	0	4	2	4	2	0	0	1	3	1	3	3	4	3	3	1	2	1	4	2	2	2	2	1	4	2	4	3	4	4	2	1	1	2	4	2	2	2	3	0	0	3	3	3	2	1	2	4	4	0	0	1	2	1	3	1	2	4	4	1	2	3	4	1	3	1	3	1	1	1	3	1	3	3	3	1	2	3	4	2	2	2	4	4	4	2	2	3	3	1	4	2	2	3	3	1	2	1	3	3	3	1	2	1	1	1	2	1	3	1	3	0	0	2	4	2	2	3	4	4	2	1	1	1	3	0	0	2	4	1	3	1	4	1	3	1	3	2	4	2	2	1	1	2	4	4	2	2	3	3	3	1	4	0	0	2	3	1	3	1	1	2	4	1	1	2	2	4	2	3	3	4	2	3	3
M083446_M846_8B	0	0	4	4	2	2	1	1	4	4	3	3	4	4	1	1	0	0	4	4	2	2	0	0	3	3	3	3	4	4	3	4	2	2	1	4	2	2	2	2	4	4	2	2	3	3	4	4	1	1	2	4	2	2	3	3	0	0	3	3	3	3	2	2	4	4	0	0	2	2	1	1	1	1	2	2	2	2	4	4	1	1	1	1	1	1	1	1	1	1	3	3	1	1	4	4	2	2	2	2	4	4	2	2	3	3	4	4	2	2	3	3	2	2	1	3	3	3	1	1	1	1	2	2	3	3	1	1	0	0	2	2	2	2	4	4	4	4	1	1	1	1	0	0	4	4	1	1	1	1	1	1	1	1	2	2	2	2	1	4	4	4	4	4	2	2	3	3	4	4	0	0	3	3	1	1	1	1	4	4	1	1	2	2	4	4	3	3	4	4	3	3
M083454_M846_9B	0	0	4	4	2	2	1	2	0	0	3	3	2	4	1	1	0	0	2	2	4	2	0	0	1	3	1	3	3	4	3	4	1	2	1	4	1	2	2	2	1	4	2	4	3	4	4	2	1	1	2	4	2	2	2	3	0	0	3	3	3	2	1	2	4	4	0	0	1	2	1	3	1	2	4	4	1	2	3	4	1	3	1	3	1	1	0	0	1	3	3	3	1	2	3	4	2	2	2	4	4	4	2	3	3	3	1	4	4	2	3	3	1	1	3	3	3	3	1	2	1	1	1	2	1	3	1	1	0	0	2	2	2	2	0	0	4	2	1	3	1	3	0	0	2	4	1	3	1	4	1	3	1	3	2	4	2	2	1	4	2	4	4	2	2	3	3	3	1	4	0	0	2	3	1	3	1	1	2	4	1	1	2	2	4	2	3	3	4	2	3	3
M083462_M846_10B	0	0	4	4	2	2	1	1	4	4	3	3	4	4	1	1	0	0	2	2	2	2	0	0	3	3	3	3	4	4	3	3	2	2	4	4	2	2	2	2	4	4	2	2	3	3	4	4	1	1	2	4	2	2	2	3	0	0	3	3	3	3	2	2	4	4	0	0	2	2	1	1	1	1	4	4	2	2	3	4	1	1	1	3	1	1	1	1	1	1	1	3	1	1	4	4	2	2	2	2	4	4	2	3	3	3	4	4	2	2	3	3	2	2	1	3	1	3	1	1	1	1	1	2	3	3	1	1	0	0	2	2	2	2	4	4	4	4	1	1	1	1	0	0	4	4	1	1	1	1	1	1	1	1	2	2	2	2	1	1	4	4	4	4	2	2	3	3	4	4	0	0	3	3	1	1	1	1	4	4	1	1	2	2	4	4	3	3	4	4	3	3
M079647_M807_1C	0	0	2	2	2	2	1	2	4	4	3	4	2	4	3	3	0	0	2	2	4	4	0	0	1	3	1	3	3	4	3	3	1	2	1	1	1	2	2	2	1	4	2	4	3	4	4	2	1	1	2	4	2	2	2	3	0	0	3	3	2	2	1	2	4	4	0	0	1	2	3	3	1	2	4	4	1	2	3	4	3	3	1	3	1	4	1	3	1	3	1	3	1	2	3	4	2	4	4	4	0	0	2	3	3	3	1	4	0	0	1	3	1	2	1	3	1	3	1	2	1	2	1	2	1	3	1	3	0	0	2	4	2	2	3	4	4	2	1	1	1	3	0	0	2	4	1	3	1	4	1	3	3	3	4	4	2	2	1	1	2	4	4	2	2	2	3	3	1	4	0	0	2	3	1	3	1	3	2	4	1	1	1	2	4	2	3	3	4	2	3	3
M079655_M807_2C	0	0	4	4	2	2	1	1	4	4	3	4	4	4	3	3	0	0	2	2	2	2	0	0	3	3	3	3	4	4	3	3	2	2	1	1	2	2	2	2	4	4	2	2	3	3	4	4	1	1	2	4	2	2	2	2	0	0	3	3	3	3	2	2	4	4	0	0	2	2	3	3	1	1	4	4	2	2	3	4	1	1	1	1	1	4	1	1	1	1	1	3	1	1	4	4	2	2	4	4	1	4	2	3	3	3	4	4	4	2	3	3	2	2	1	1	1	3	1	1	1	1	1	2	3	3	1	1	0	0	2	2	2	2	4	4	4	4	1	1	1	1	0	0	4	4	1	1	1	1	1	3	1	1	2	2	2	2	1	1	4	4	4	4	2	2	3	3	4	4	0	0	3	3	1	1	1	1	4	4	1	1	1	1	4	4	3	3	4	4	3	3
M083391_M846_1C	0	0	4	4	2	2	1	1	4	4	3	3	4	4	1	1	0	0	2	2	2	2	0	0	3	3	3	3	4	4	3	4	2	2	4	4	2	2	2	2	4	4	2	2	3	3	4	4	1	2	4	4	2	2	2	3	0	0	3	3	3	3	2	2	4	4	0	0	2	2	1	1	1	1	4	4	2	2	4	4	1	1	1	3	1	1	1	1	1	1	1	3	1	1	4	4	2	2	2	2	4	4	2	3	3	3	4	4	2	2	3	3	2	2	3	3	3	3	1	1	1	1	2	2	3	3	1	1	0	0	2	2	2	2	3	4	4	4	1	1	1	1	0	0	4	4	1	1	1	1	1	1	1	1	0	0	2	2	4	4	4	4	4	4	2	2	3	3	4	4	0	0	3	3	1	1	1	1	4	4	1	1	2	2	4	4	3	3	4	4	3	3
M083399_M846_2C	0	0	4	4	2	2	1	2	3	4	3	3	2	4	1	3	0	0	2	2	4	2	0	0	3	3	1	3	3	4	3	3	1	2	1	4	1	2	2	2	1	4	2	4	3	4	4	4	1	1	2	2	2	2	3	3	0	0	3	3	3	2	1	2	4	4	0	0	2	2	1	3	1	1	2	4	2	2	4	4	1	3	3	3	1	1	1	3	1	3	3	3	1	2	3	4	2	2	2	4	4	4	2	2	3	3	1	4	2	2	3	3	2	2	1	3	3	3	1	2	1	1	1	2	1	3	1	1	0	0	2	4	2	2	3	4	0	0	1	1	1	3	0	0	2	4	1	3	1	4	1	3	1	3	2	2	2	2	1	1	2	4	4	2	2	3	3	3	1	4	0	0	3	3	1	3	1	1	4	4	1	1	2	2	4	2	3	3	4	2	3	3
M083407_M846_3C	0	0	4	4	2	2	1	1	4	4	3	3	4	4	1	1	0	0	2	2	2	2	0	0	3	3	3	3	4	4	3	3	2	2	4	4	2	2	2	2	4	4	2	2	3	3	4	4	1	2	4	4	2	2	2	3	0	0	3	3	3	3	2	2	4	4	0	0	2	2	1	1	1	1	4	4	2	2	4	4	1	1	1	3	1	1	1	1	1	1	1	3	1	1	4	4	2	2	2	2	4	4	2	3	3	3	4	4	2	2	3	3	2	2	3	3	1	3	1	1	1	1	1	1	3	3	1	1	0	0	2	2	2	2	4	4	4	4	1	1	1	1	0	0	4	4	1	1	1	1	1	1	1	1	2	2	2	2	4	4	4	4	4	4	2	2	3	3	4	4	0	0	3	3	1	1	1	1	4	4	1	1	2	2	4	4	3	3	4	4	3	3
M083415_M846_4C	0	0	4	4	2	2	1	1	4	4	3	3	4	4	1	3	0	0	2	2	2	2	0	0	3	3	3	3	4	4	3	3	2	2	4	4	2	2	2	2	4	4	2	2	3	3	4	4	1	2	4	4	2	2	3	3	0	0	3	3	3	3	2	2	4	4	0	0	2	2	1	1	1	1	4	4	2	2	4	4	1	1	1	1	1	1	1	1	1	1	1	3	1	1	4	4	2	2	2	2	4	4	2	3	3	3	4	4	2	2	3	3	2	2	1	1	3	3	1	1	1	1	2	2	3	3	1	1	0	0	2	2	2	2	4	4	4	4	1	1	1	1	0	0	4	4	1	1	1	1	1	1	1	1	2	2	2	2	4	4	4	4	4	4	2	2	3	3	4	4	0	0	3	3	1	1	1	1	4	4	1	1	2	2	4	4	3	3	4	4	3	3
M083423_M846_5C	0	0	4	4	2	2	1	1	4	4	3	3	4	4	1	1	0	0	2	2	2	2	0	0	3	3	3	3	4	4	3	3	2	2	4	4	2	2	2	2	4	4	2	2	3	3	4	4	1	1	4	4	2	2	2	2	0	0	3	3	3	3	2	2	4	4	0	0	2	2	0	0	1	1	4	4	2	2	4	4	1	1	0	0	1	1	1	1	1	1	1	3	1	1	4	4	2	2	2	2	4	4	2	2	3	3	4	4	2	2	3	3	2	2	3	3	1	3	1	1	1	1	2	2	3	3	1	1	0	0	2	2	2	2	4	4	4	4	1	1	1	1	0	0	4	4	1	1	1	1	1	1	1	1	2	2	2	2	1	4	4	4	4	4	2	2	3	3	4	4	0	0	3	3	1	1	1	1	4	4	1	1	2	2	4	4	3	3	4	4	3	3
M083431_M846_6C	0	0	4	4	2	2	1	1	4	4	3	3	4	4	1	1	0	0	4	2	2	2	0	0	3	3	3	3	4	4	3	4	2	2	4	4	2	2	2	2	4	4	2	2	3	3	4	4	1	1	4	4	2	2	2	3	0	0	3	3	3	3	2	2	4	4	0	0	2	2	0	0	1	1	4	4	2	2	4	4	1	1	3	3	1	1	1	1	1	1	3	3	1	1	4	4	2	2	2	2	4	4	2	2	3	3	4	4	2	2	3	3	2	2	1	1	1	3	1	1	1	1	2	2	3	3	1	1	0	0	2	2	2	2	4	4	4	4	1	1	1	1	0	0	4	4	1	1	1	1	1	1	1	1	2	2	2	2	1	4	4	4	4	4	2	2	3	3	4	4	0	0	3	3	1	1	1	1	4	4	1	1	2	2	4	4	3	3	4	4	3	3
M083439_M846_7C	0	0	4	4	2	2	1	2	3	4	0	0	2	4	1	1	0	0	2	2	4	2	0	0	1	3	1	3	3	4	3	3	1	2	1	4	1	2	2	2	1	4	2	4	3	4	4	4	1	1	2	4	2	2	2	3	0	0	3	3	3	2	1	2	4	4	0	0	2	2	3	3	1	1	4	4	2	2	4	4	1	3	3	3	1	1	1	3	1	3	3	3	1	2	3	4	2	2	2	4	4	4	2	2	3	3	1	4	2	2	1	3	2	2	3	3	3	3	1	2	1	1	1	1	1	3	1	1	0	0	2	4	2	2	3	4	4	2	1	1	1	3	0	0	2	4	1	3	1	4	1	3	1	3	2	2	2	2	1	1	2	4	4	2	2	3	3	3	1	4	0	0	3	3	1	3	1	1	4	4	1	1	2	2	4	2	3	3	4	2	3	3
M083447_M846_8C	0	0	4	4	2	2	1	1	4	4	3	3	4	4	1	3	0	0	2	2	2	2	0	0	3	3	3	3	4	4	3	3	2	2	4	4	2	2	2	2	4	4	2	2	3	3	4	4	1	1	4	4	2	2	2	3	0	0	3	3	3	3	2	2	4	4	0	0	2	2	0	0	1	1	2	4	2	2	3	4	1	1	1	3	1	1	1	1	1	1	3	3	1	1	4	4	2	2	2	2	4	4	3	3	3	3	4	4	2	2	3	3	2	2	3	3	3	3	1	1	1	1	2	2	3	3	1	1	0	0	2	2	2	2	4	4	4	4	1	1	1	1	0	0	4	4	1	1	1	1	1	1	1	1	2	2	2	2	1	4	4	4	4	4	2	2	3	3	4	4	0	0	3	3	1	1	1	1	4	4	1	1	2	2	4	4	3	3	4	4	3	3
M083455_M846_9C	0	0	0	0	2	2	1	2	0	0	3	3	2	4	1	1	0	0	0	0	4	2	0	0	1	3	1	3	3	4	3	3	1	2	1	4	1	2	2	2	1	4	2	4	3	4	4	4	0	0	2	4	2	2	0	0	0	0	3	3	3	2	1	2	4	4	0	0	1	2	1	3	0	0	4	4	2	2	0	0	1	3	1	3	1	1	0	0	1	3	0	0	1	2	3	4	2	2	2	4	4	4	2	3	3	3	0	0	2	2	0	0	1	1	0	0	3	3	1	2	1	1	0	0	1	3	1	1	0	0	2	2	2	2	0	0	4	2	1	1	1	3	0	0	2	4	0	0	1	4	1	3	1	3	0	0	2	2	0	0	2	4	4	2	2	3	3	3	1	4	0	0	2	3	1	3	1	1	0	0	1	1	2	2	4	2	3	3	4	2	3	3
M083463_M846_10C	0	0	4	4	2	2	1	1	4	4	3	3	4	4	1	1	0	0	4	2	2	2	0	0	3	3	3	3	4	4	3	3	2	2	4	4	2	2	2	2	4	4	2	2	3	3	4	4	1	2	4	4	2	2	2	3	0	0	3	3	3	3	2	2	4	4	0	0	2	2	1	1	1	1	2	4	2	2	3	4	1	1	1	3	1	1	1	1	1	1	1	3	1	1	4	4	2	2	2	2	4	4	2	2	3	3	4	4	2	2	3	3	2	2	1	3	3	3	1	1	1	1	2	2	3	3	1	1	0	0	2	2	2	2	4	4	4	4	1	1	1	1	0	0	4	4	1	1	1	1	1	1	1	1	2	2	2	2	1	4	4	4	4	4	2	2	3	3	4	4	0	0	3	3	1	1	1	1	4	4	1	1	2	2	4	4	3	3	4	4	3	3
M079648_M807_1D	0	0	2	2	2	2	2	2	3	4	3	4	2	4	3	3	0	0	2	2	4	4	0	0	1	1	1	1	3	3	3	3	1	1	1	1	1	2	2	2	1	1	4	4	4	4	4	2	1	1	2	2	2	2	3	3	0	0	3	3	3	2	1	1	4	4	0	0	1	1	3	3	1	2	4	4	1	2	3	4	3	3	3	3	1	4	3	3	3	3	3	3	2	2	3	3	2	4	4	4	1	4	2	2	3	3	1	1	4	2	1	1	1	2	3	3	1	1	2	2	2	2	1	1	1	1	1	3	0	0	4	4	2	2	3	4	2	2	3	3	3	3	0	0	2	2	3	3	4	4	3	3	3	3	4	4	1	2	1	1	2	2	2	2	0	0	3	3	1	1	0	0	2	3	3	3	1	3	2	4	1	3	1	1	2	2	1	1	2	2	0	0
M079656_M807_2D	0	0	2	4	2	2	1	1	3	3	3	4	2	4	3	3	0	0	2	2	4	2	0	0	1	3	1	3	3	4	3	3	1	2	1	1	1	2	2	2	1	4	2	4	3	4	4	2	1	1	2	4	2	4	3	3	0	0	3	3	3	2	1	2	4	4	0	0	1	2	3	3	1	2	4	4	1	2	4	4	1	3	1	3	4	4	1	3	1	3	1	3	1	2	3	4	2	4	2	4	1	4	2	2	3	3	1	4	4	2	1	3	1	2	1	3	3	3	1	2	1	2	1	2	1	3	1	3	0	0	2	4	2	2	3	4	4	2	1	1	1	3	0	0	2	4	1	3	1	4	3	3	3	3	2	4	2	2	1	1	2	4	4	2	2	3	3	3	1	4	0	0	2	3	1	3	1	1	2	4	1	1	2	2	4	2	3	3	4	2	0	0
M083392_M846_1D	0	0	4	4	2	2	1	1	4	4	3	3	4	4	1	1	0	0	2	2	2	2	0	0	3	3	3	3	4	4	3	4	2	2	4	4	2	2	2	2	4	4	2	2	3	3	4	4	1	1	4	4	2	2	2	3	0	0	3	3	3	3	2	2	4	4	0	0	2	2	1	1	1	1	2	4	2	2	4	4	1	1	1	1	1	1	1	1	1	1	3	3	1	1	4	4	2	2	2	2	4	4	2	2	3	3	4	4	2	2	3	3	2	2	1	3	3	3	1	1	1	1	2	2	3	3	1	1	0	0	2	2	2	2	4	4	4	4	1	1	1	1	0	0	4	4	1	1	1	1	1	1	1	1	2	2	2	2	1	1	4	4	4	4	2	2	3	3	4	4	0	0	3	3	1	1	1	1	4	4	1	1	2	2	4	4	3	3	4	4	3	3
M083400_M846_2D	0	0	4	4	2	2	1	2	3	4	3	3	2	4	1	1	0	0	2	2	4	2	0	0	1	3	1	3	3	4	3	3	1	2	1	4	1	2	2	2	1	4	2	4	3	4	4	2	1	1	2	4	2	2	3	3	0	0	3	3	3	2	1	2	4	4	0	0	1	2	1	3	1	2	4	4	1	2	4	4	1	3	3	3	1	1	0	0	1	3	1	3	1	2	0	0	2	2	2	4	4	4	2	2	3	3	0	0	2	2	0	0	0	0	1	3	1	3	1	2	1	1	1	2	1	3	1	1	0	0	2	2	2	2	0	0	4	2	1	1	1	3	0	0	2	4	0	0	1	4	1	3	0	0	2	4	2	2	1	4	2	4	4	2	2	2	3	3	1	4	0	0	2	3	1	3	1	1	0	0	1	1	2	2	4	2	3	3	0	0	3	3
M083408_M846_3D	0	0	4	4	2	2	1	1	4	4	3	3	4	4	1	1	0	0	4	2	2	2	0	0	3	3	3	3	4	4	3	4	2	2	1	4	2	2	2	2	4	4	2	2	3	3	4	4	1	1	4	4	2	2	2	3	0	0	3	3	3	3	2	2	4	4	0	0	2	2	1	3	1	1	4	4	2	2	4	4	1	1	1	3	1	1	1	1	1	1	3	3	1	1	4	4	2	2	2	2	4	4	2	2	3	3	4	4	2	2	3	3	2	2	3	3	3	3	1	1	1	1	2	2	3	3	1	1	0	0	2	2	2	2	4	4	4	4	1	1	1	1	0	0	4	4	1	1	1	1	1	1	1	1	2	2	2	2	1	4	4	4	4	4	2	2	3	3	4	4	0	0	3	3	1	1	1	1	4	4	1	1	2	2	4	4	3	3	4	4	3	3
M083416_M846_4D	0	0	4	4	2	2	1	1	4	4	3	3	4	4	1	1	0	0	2	2	2	2	0	0	3	3	3	3	4	4	3	3	2	2	4	4	2	2	2	2	4	4	2	2	3	3	4	4	1	1	2	4	2	2	2	2	0	0	3	3	3	3	2	2	4	2	0	0	2	2	1	1	1	1	4	4	2	2	3	4	1	1	1	3	1	1	1	1	1	1	1	3	1	1	4	4	2	2	2	2	4	4	2	2	3	3	4	4	2	2	3	3	2	2	3	3	1	3	1	1	1	1	2	2	3	3	1	1	0	0	2	2	2	2	4	4	4	4	1	1	1	1	0	0	4	4	1	1	1	1	1	1	1	1	2	2	1	2	1	1	4	4	4	4	2	2	3	3	4	4	0	0	3	3	1	1	1	1	4	4	1	1	2	2	4	4	3	3	4	4	3	3
M083424_M846_5D	0	0	2	2	2	2	2	2	3	3	3	4	2	2	1	3	0	0	2	2	4	4	0	0	1	1	1	1	3	3	3	3	1	1	1	1	1	1	2	2	1	1	4	4	4	4	4	4	1	1	2	2	2	2	3	3	0	0	3	3	2	2	1	1	4	4	0	0	2	2	3	3	1	1	4	4	2	2	3	4	3	3	3	3	1	1	3	3	3	3	3	3	2	2	3	3	2	2	4	4	4	4	2	2	3	3	1	1	2	2	3	3	2	2	3	3	3	3	2	2	1	2	1	1	1	1	1	1	0	0	4	4	2	2	0	0	2	2	1	1	3	3	0	0	2	2	3	3	4	4	3	3	3	3	2	2	2	2	1	1	2	2	2	2	2	3	3	3	1	1	0	0	3	3	3	3	1	1	4	4	1	1	2	2	2	2	1	1	2	2	3	3
M083432_M846_6D	0	0	4	4	2	2	1	1	4	4	3	3	4	4	1	1	0	0	2	2	2	2	0	0	3	3	3	3	4	4	3	3	2	2	4	4	2	2	2	2	4	4	2	2	3	3	4	4	1	1	4	4	2	2	2	2	0	0	3	3	3	3	2	2	4	4	0	0	2	2	1	1	1	1	2	4	2	2	3	4	1	1	3	3	1	1	1	1	1	1	1	3	1	1	4	4	2	2	2	2	4	4	2	3	3	3	4	4	2	2	3	3	2	2	1	3	1	3	1	1	1	1	2	2	3	3	1	1	0	0	2	2	2	2	4	4	4	4	1	1	1	1	0	0	4	4	1	1	1	1	1	1	1	1	2	2	2	2	1	1	4	4	4	4	2	2	3	3	4	4	0	0	3	3	1	1	1	1	4	4	1	1	2	2	4	4	3	3	4	4	3	3
M083440_M846_7D	0	0	4	4	2	2	1	1	4	4	3	3	4	4	1	1	0	0	2	2	2	2	0	0	3	3	3	3	4	4	3	3	2	2	4	4	2	2	2	2	4	4	2	2	3	3	4	4	1	1	2	4	2	2	2	2	0	0	3	4	3	3	2	2	4	4	0	0	2	2	0	0	1	1	4	4	2	2	4	4	1	1	3	3	1	1	1	1	1	1	1	3	1	1	4	4	2	2	2	2	0	0	0	0	3	3	4	4	2	2	3	3	2	2	3	3	1	3	1	1	1	1	1	2	3	3	1	1	0	0	2	2	2	2	4	4	4	4	1	1	1	1	0	0	4	4	1	1	1	1	1	1	1	1	2	2	2	2	1	1	4	4	4	4	2	2	3	3	4	4	0	0	3	3	1	1	1	1	4	4	1	1	2	2	4	4	3	3	4	4	3	3
M083448_M846_8D	0	0	4	4	2	2	1	1	4	4	3	3	4	4	1	1	0	0	2	2	2	2	0	0	3	3	3	3	4	4	3	3	2	2	4	4	2	2	2	2	4	4	2	2	3	3	4	4	1	1	2	4	2	2	2	2	0	0	3	3	3	3	2	2	4	4	0	0	2	2	0	0	1	1	4	4	2	2	4	4	1	1	3	3	1	1	1	1	1	1	1	3	1	1	4	4	2	2	2	2	4	4	3	3	3	3	4	4	2	2	3	3	2	2	3	3	3	3	1	1	1	1	2	2	3	3	1	1	0	0	2	2	2	2	4	4	4	4	1	1	1	1	0	0	4	4	1	1	1	1	1	1	1	1	2	2	2	2	1	4	4	4	4	4	2	2	3	3	4	4	0	0	3	3	1	1	1	1	4	4	1	1	2	2	4	4	3	3	4	4	3	3
M083456_M846_9D	0	0	4	4	2	2	1	2	3	4	3	3	2	4	1	1	0	0	2	2	4	2	0	0	1	3	1	3	3	4	3	3	1	2	1	4	1	2	2	2	1	4	2	4	3	4	4	2	1	1	2	2	2	2	3	3	0	0	3	3	3	2	1	2	4	4	0	0	1	2	1	3	1	2	2	4	1	2	3	4	1	3	1	3	1	1	1	3	1	3	3	3	1	2	3	4	2	2	2	4	4	4	2	2	3	3	1	4	0	0	3	3	1	2	1	3	3	3	1	2	1	1	1	2	1	3	1	1	0	0	2	4	2	2	3	4	4	2	1	1	1	3	0	0	2	4	1	3	1	4	1	3	1	3	4	4	2	2	1	4	2	4	4	2	2	3	3	3	1	4	0	0	2	3	1	3	1	1	2	4	1	1	2	2	4	2	3	3	4	2	3	3
M083464_M846_10D	0	0	4	4	2	2	1	1	3	3	3	4	2	4	1	1	0	0	2	2	4	2	0	0	1	3	1	3	3	4	3	3	1	2	1	4	1	2	2	2	1	4	2	4	3	4	4	4	1	1	2	4	2	2	2	3	0	0	3	3	3	2	1	2	4	2	0	0	2	2	1	3	1	1	4	4	2	2	3	4	1	3	3	3	1	1	1	3	1	3	1	3	1	2	3	4	2	2	2	4	4	4	2	2	3	3	1	4	2	2	3	3	2	2	3	3	3	3	1	1	1	1	1	2	1	3	1	1	0	0	2	4	2	2	3	4	4	2	1	1	1	3	0	0	2	4	1	3	1	4	1	3	1	1	2	2	2	2	1	1	2	4	4	2	2	3	3	3	1	4	0	0	3	3	1	3	1	1	4	4	1	1	2	2	4	2	3	3	4	2	3	3
M079649_M807_1E	0	0	2	2	2	4	2	2	3	3	3	4	2	2	3	3	0	0	2	2	4	4	0	0	1	1	1	1	3	3	3	3	1	1	1	1	1	1	2	2	1	1	4	4	4	4	2	2	1	1	2	2	2	2	3	3	0	0	3	3	2	2	1	1	4	4	0	0	1	1	3	3	2	2	4	4	1	1	4	4	3	3	3	3	4	4	3	3	3	3	3	3	2	2	3	3	4	4	4	4	1	4	2	2	3	3	1	1	2	2	1	1	0	0	3	3	1	3	2	2	2	2	1	1	1	1	3	3	0	0	4	4	2	2	3	4	2	2	1	1	3	3	0	0	2	2	3	3	4	4	3	3	3	3	4	4	2	2	1	1	2	2	2	2	0	0	3	3	1	1	0	0	2	2	3	3	3	3	2	2	1	3	1	1	2	2	1	1	2	2	4	4
M079657_M807_2E	0	0	2	4	2	2	1	1	3	4	3	4	2	4	3	3	0	0	2	2	4	2	0	0	1	3	1	3	3	4	3	3	1	2	1	1	1	2	2	2	1	4	2	4	3	4	4	2	1	1	2	4	2	4	2	3	0	0	3	3	3	2	1	2	4	4	0	0	1	2	3	3	1	2	4	4	1	2	3	4	1	3	1	3	1	4	1	3	1	3	1	3	1	2	3	4	2	4	4	4	4	4	2	2	3	3	1	4	4	2	1	3	1	2	1	3	1	3	1	2	1	2	1	1	1	3	1	3	0	0	2	4	2	2	3	4	4	2	1	1	1	3	0	0	2	4	1	3	1	4	1	3	1	3	2	4	2	2	1	1	2	4	4	2	2	3	3	3	1	4	0	0	2	3	1	3	1	3	2	4	1	1	2	2	4	2	3	3	4	2	3	3
M083393_M846_1E	0	0	4	4	2	2	1	2	3	4	3	3	2	4	1	1	0	0	4	2	4	2	0	0	3	3	1	3	3	4	3	3	1	2	1	4	1	2	2	2	1	4	2	4	3	4	4	4	1	2	2	4	2	2	2	3	0	0	3	3	3	2	1	2	4	4	0	0	2	2	1	3	1	1	4	4	2	2	3	4	1	3	3	3	1	1	0	0	1	3	1	3	1	2	3	4	2	2	2	4	4	4	2	3	3	3	1	4	2	2	3	3	2	2	1	3	3	3	1	2	1	1	1	2	1	3	1	1	0	0	2	4	2	2	0	0	4	2	1	1	1	3	0	0	2	4	1	3	1	4	1	3	1	3	2	2	2	2	1	4	2	4	4	2	2	2	3	3	1	4	0	0	3	3	1	3	1	1	4	4	1	1	2	2	4	2	3	3	4	2	3	3
M083401_M846_2E	0	0	4	4	2	2	1	1	4	4	3	3	4	4	1	1	0	0	2	2	2	2	0	0	1	3	3	3	4	4	3	4	2	2	4	4	0	0	2	2	4	4	2	2	3	3	4	4	1	1	4	4	2	2	3	3	0	0	3	3	3	3	2	2	4	4	0	0	2	2	1	3	1	1	4	4	2	2	3	4	1	1	1	3	1	1	1	1	1	1	3	3	1	1	4	4	2	2	0	0	4	4	2	3	3	3	4	4	2	2	3	3	2	2	1	3	3	3	1	1	1	1	2	2	3	3	1	1	0	0	2	2	2	2	4	4	4	4	1	1	1	1	0	0	4	4	1	1	1	1	1	1	1	1	2	2	2	2	1	1	4	4	4	4	2	2	3	3	4	4	0	0	3	3	1	1	1	1	4	4	1	1	2	2	4	4	3	3	4	4	3	3
M083409_M846_3E	0	0	4	4	2	2	1	2	3	4	3	3	2	4	1	1	0	0	4	2	4	2	0	0	1	3	1	3	3	4	3	3	1	2	1	1	2	2	2	2	1	4	2	4	3	4	4	2	1	1	2	4	2	2	3	3	0	0	3	3	3	2	1	2	4	4	0	0	1	2	1	3	1	2	4	4	1	2	3	4	1	3	1	3	1	1	1	3	1	3	1	3	1	2	3	4	2	2	2	4	4	4	2	2	3	3	1	4	2	2	1	3	1	2	3	3	1	3	1	2	1	1	1	2	1	3	1	3	0	0	2	4	2	2	3	4	4	2	1	1	1	3	0	0	2	4	1	3	1	4	1	3	1	3	2	4	2	2	1	4	2	4	4	2	2	2	3	3	1	4	0	0	2	3	1	3	1	1	2	4	1	1	2	2	4	2	3	3	4	2	3	3
M083417_M846_4E	0	0	4	4	2	2	1	1	0	0	3	3	4	4	1	1	0	0	4	2	2	2	0	0	3	3	3	3	4	4	3	3	2	2	1	4	2	2	2	2	4	4	2	2	3	3	4	4	1	2	2	4	2	2	2	3	0	0	3	3	3	3	2	2	4	2	0	0	2	2	1	1	1	1	4	4	2	2	4	4	1	1	3	3	1	1	1	1	1	1	3	3	1	1	4	4	2	2	2	2	0	0	2	2	3	3	4	4	2	2	3	3	2	2	3	3	3	3	1	1	1	1	1	2	3	3	1	1	0	0	2	2	2	2	4	4	4	4	1	1	1	1	0	0	4	4	1	1	1	1	1	1	1	1	2	2	2	2	1	4	4	4	4	4	2	2	3	3	4	4	0	0	3	3	1	1	1	1	4	4	1	1	2	2	4	4	3	3	4	4	3	3
M083425_M846_5E	0	0	4	4	2	2	1	1	0	0	3	3	4	4	1	1	0	0	4	2	2	2	0	0	3	3	3	3	4	4	3	4	2	2	1	4	2	2	2	2	4	4	2	2	3	3	4	4	1	1	4	4	2	2	2	2	0	0	3	4	3	3	2	2	4	4	0	0	2	2	1	1	1	1	4	4	2	2	4	4	1	1	3	3	1	1	1	1	1	1	1	1	0	0	4	4	2	2	2	2	4	4	2	3	3	3	4	4	2	2	3	3	2	2	3	3	3	3	1	1	1	1	2	2	3	3	1	1	0	0	2	2	2	2	0	0	4	4	1	1	1	1	0	0	4	4	1	1	1	1	1	1	1	1	2	2	2	2	4	4	4	4	4	4	2	2	3	3	4	4	0	0	3	3	1	1	1	1	4	4	1	1	2	2	4	4	3	3	4	4	3	3
M083433_M846_6E	0	0	4	4	2	2	1	1	4	4	3	3	4	4	1	1	0	0	4	4	2	2	0	0	3	3	3	3	4	4	3	3	2	2	4	4	2	2	2	2	4	4	2	2	3	3	4	4	1	1	4	4	2	2	3	3	0	0	3	4	3	3	2	2	4	4	0	0	2	2	0	0	1	1	4	4	2	2	3	4	1	1	1	3	1	1	1	1	1	1	3	3	1	1	4	4	2	2	2	2	0	0	2	3	3	3	4	4	2	2	3	3	2	2	1	3	3	3	1	1	1	1	2	2	3	3	1	1	0	0	2	4	2	2	4	4	4	4	1	1	1	1	0	0	4	4	1	1	1	1	1	1	1	1	2	2	2	2	1	4	4	4	4	4	2	2	3	3	4	4	0	0	3	3	1	1	1	1	4	4	1	1	2	2	4	4	3	3	4	4	3	3
M083441_M846_7E	0	0	4	4	2	2	1	1	4	4	3	3	4	4	1	3	0	0	4	2	2	2	0	0	3	3	3	3	4	4	3	3	2	2	4	4	2	2	0	0	4	4	2	2	3	3	4	4	1	1	2	4	2	2	2	3	0	0	3	3	3	3	2	2	4	4	0	0	2	2	0	0	1	1	4	4	2	2	4	4	1	1	1	1	1	1	1	1	1	1	1	3	1	1	4	4	2	2	2	2	1	4	2	3	3	3	4	4	0	0	3	3	2	2	1	3	3	3	1	1	1	1	2	2	3	3	1	1	0	0	2	2	2	2	4	4	4	4	1	1	1	1	0	0	4	4	1	1	1	1	1	1	1	1	2	2	2	2	1	1	4	4	4	4	2	2	3	3	4	4	0	0	3	3	1	1	1	1	4	4	1	1	2	2	4	4	3	3	4	4	3	3
M083449_M846_8E	0	0	4	4	2	2	1	1	4	4	3	3	4	4	1	1	0	0	4	2	2	2	0	0	3	3	3	3	4	4	3	3	2	2	4	4	2	2	2	2	4	4	2	2	3	3	4	4	1	1	2	4	2	2	3	3	0	0	3	3	3	3	2	2	0	0	0	0	2	2	0	0	1	1	2	4	2	2	3	4	1	1	0	0	1	1	1	1	1	1	1	3	1	1	4	4	2	2	2	2	0	0	2	2	3	3	4	4	2	2	3	3	2	2	1	1	3	3	1	1	1	1	1	2	3	3	1	1	0	0	2	2	2	2	4	4	4	4	1	1	1	1	0	0	4	4	1	1	1	1	1	1	1	1	2	2	2	2	1	4	4	4	4	4	2	2	3	3	4	4	0	0	3	3	1	1	1	1	4	4	1	1	2	2	4	4	3	3	4	4	3	3
M083457_M846_9E	0	0	4	4	2	2	1	1	4	4	3	3	4	4	1	1	0	0	4	2	2	2	0	0	3	3	3	3	4	4	3	3	2	2	1	4	2	2	2	2	4	4	2	2	3	3	4	4	1	1	4	4	2	2	2	2	0	0	3	3	3	3	2	2	4	4	0	0	2	2	1	1	1	1	4	4	2	2	4	4	1	1	1	1	1	1	1	1	1	1	1	1	1	1	4	4	2	2	2	2	4	4	2	2	3	3	4	4	2	2	3	3	2	2	1	3	3	3	1	1	1	1	1	2	3	3	1	1	0	0	2	2	2	2	4	4	4	4	1	1	1	1	0	0	4	4	1	1	1	1	1	1	1	1	2	2	2	2	1	1	4	4	4	4	2	2	3	3	4	4	0	0	3	3	1	1	1	1	4	4	1	1	2	2	4	4	3	3	4	4	3	3
M083465_M846_10E	0	0	2	4	2	2	1	1	3	3	3	3	2	4	1	1	0	0	4	2	4	2	0	0	1	3	1	1	3	4	3	3	1	2	1	4	1	2	2	2	1	4	2	4	3	4	4	2	1	2	2	4	2	2	2	3	0	0	3	3	3	2	1	2	4	4	0	0	1	2	1	3	1	2	4	4	1	2	3	4	1	3	3	3	1	1	1	3	1	3	1	3	1	2	3	4	2	2	2	4	4	4	2	3	3	3	1	4	2	2	1	3	1	2	1	3	3	3	1	2	1	1	1	2	1	3	1	1	0	0	2	4	2	2	3	4	4	2	1	1	1	3	0	0	2	4	1	3	1	4	1	3	1	3	2	4	2	2	1	4	2	4	4	2	2	3	3	3	1	4	0	0	2	3	1	3	1	1	2	4	1	1	2	2	4	2	3	3	4	2	3	3
M079650_M807_1F	0	0	2	4	2	4	1	1	3	4	3	3	4	4	3	3	0	0	2	2	4	2	0	0	1	3	1	3	3	4	3	3	1	2	1	1	1	2	2	2	1	4	2	4	3	4	4	2	1	1	2	4	2	2	2	3	0	0	3	3	3	2	1	2	4	4	0	0	1	2	3	3	1	2	4	4	1	2	4	4	3	3	1	3	1	4	1	3	1	3	1	3	1	2	3	4	2	4	2	4	1	4	2	2	3	3	1	4	2	2	1	1	1	2	1	3	1	3	1	2	1	2	1	2	1	3	1	3	0	0	2	4	2	2	3	4	4	2	1	1	1	3	0	0	2	4	1	3	1	4	3	3	1	3	2	4	2	2	1	1	2	4	4	2	2	2	3	3	1	4	0	0	2	3	1	3	1	3	2	4	1	1	2	2	4	2	1	1	4	2	0	0
M079658_M807_2F	0	0	2	4	2	2	1	1	3	4	3	4	2	4	3	3	0	0	2	2	4	2	0	0	1	3	1	3	3	4	3	3	1	2	1	1	1	2	2	2	1	4	2	4	3	4	4	2	1	1	2	4	2	4	2	3	0	0	3	3	3	2	1	2	4	4	0	0	1	2	3	3	1	2	4	4	1	2	3	4	1	3	1	3	1	4	1	3	1	3	1	3	1	2	3	4	2	4	4	4	0	0	2	2	3	3	1	4	2	2	1	3	1	2	1	3	1	3	1	2	1	2	1	1	1	3	1	3	0	0	2	4	2	2	3	4	4	2	1	1	1	3	0	0	2	4	1	3	1	4	1	3	1	3	2	4	2	2	1	1	2	4	4	2	2	3	3	3	1	4	0	0	2	3	1	3	1	3	2	4	1	1	2	2	4	2	3	3	4	2	3	3
M083394_M846_1F	0	0	4	4	2	2	1	1	4	4	3	3	4	4	1	1	0	0	2	2	2	2	0	0	3	3	3	3	4	4	3	3	2	2	4	4	2	2	2	2	4	4	2	2	3	3	4	4	1	1	2	4	2	2	2	3	0	0	3	3	3	3	2	2	4	2	0	0	2	2	1	1	1	1	2	4	2	2	3	4	1	1	1	3	1	1	1	1	1	1	3	3	1	1	4	4	2	2	2	2	4	4	3	3	0	0	4	4	2	2	3	3	2	2	1	3	3	3	1	1	1	1	1	2	3	3	1	1	0	0	2	2	2	2	4	4	0	0	1	1	1	1	0	0	4	4	1	1	1	1	1	1	1	1	2	2	2	2	1	4	4	4	4	4	2	2	3	3	4	4	0	0	3	3	1	1	1	1	4	4	1	1	2	2	4	4	3	3	4	4	3	3
M083402_M846_2F	0	0	2	4	2	4	1	1	4	4	0	0	2	4	1	1	0	0	2	2	4	2	0	0	1	3	1	3	3	4	3	3	1	2	1	4	1	2	2	2	1	4	2	4	3	4	4	4	1	1	2	4	2	2	3	3	0	0	3	3	3	2	1	2	4	4	0	0	2	2	1	3	1	1	4	4	2	2	3	4	1	3	3	3	1	1	0	0	1	3	3	3	1	2	3	4	2	2	2	4	4	4	2	2	3	3	0	0	2	2	3	3	2	2	1	3	3	3	1	2	1	1	1	2	1	3	1	1	0	0	2	2	2	2	0	0	4	2	1	1	1	3	0	0	2	4	0	0	1	4	1	3	1	3	2	2	2	2	1	4	2	4	4	2	2	3	3	3	1	4	0	0	3	3	1	3	1	1	4	4	1	1	2	2	4	2	3	3	0	0	3	3
M083410_M846_3F	0	0	4	4	2	2	1	1	4	4	3	3	4	4	1	1	0	0	2	2	2	2	0	0	3	3	3	3	4	4	4	4	2	2	4	4	2	2	2	2	4	4	2	2	3	3	4	4	1	1	4	4	2	2	2	3	0	0	3	4	3	3	2	2	4	4	0	0	2	2	1	1	1	1	4	4	2	2	3	4	1	1	1	1	1	1	1	1	1	1	1	3	1	1	4	4	2	2	2	2	4	4	2	3	3	3	4	4	2	2	3	3	2	2	3	3	3	3	1	1	1	1	2	2	3	3	1	1	0	0	2	2	2	2	4	4	4	4	1	1	1	1	0	0	4	4	1	1	1	1	1	1	1	1	2	2	2	2	1	4	4	4	4	4	2	2	3	3	4	4	0	0	3	3	1	1	1	1	4	4	1	1	2	2	4	4	3	3	4	4	3	3
M083418_M846_4F	0	0	4	4	2	4	2	2	3	4	3	4	2	2	1	1	0	0	2	2	4	4	0	0	1	1	1	1	3	3	3	3	1	1	1	1	1	1	2	2	1	1	4	4	4	4	4	2	1	1	2	2	2	2	3	3	0	0	3	3	2	2	1	1	4	4	0	0	1	1	3	3	1	2	4	4	1	2	3	3	3	3	3	3	1	1	3	3	3	3	3	3	2	2	3	3	2	2	4	4	4	4	2	2	3	3	1	1	2	2	1	3	0	0	3	3	3	3	2	2	1	1	1	1	1	1	1	3	0	0	4	4	2	2	3	3	2	2	1	1	3	3	0	0	2	2	3	3	4	4	3	3	3	3	2	4	2	2	1	1	2	2	2	2	2	3	3	3	1	1	0	0	2	2	3	3	1	1	2	4	1	1	2	2	2	2	1	1	2	2	3	3
M083426_M846_5F	0	0	4	4	2	2	1	2	3	3	3	3	2	4	1	3	0	0	2	2	4	2	0	0	1	3	1	3	3	4	3	4	1	2	1	4	1	2	2	2	1	4	2	4	3	4	4	4	1	2	2	4	2	2	2	3	0	0	3	3	3	2	1	2	4	4	0	0	2	2	3	3	1	1	4	4	2	2	3	3	1	3	1	3	1	1	1	3	1	3	3	3	1	2	3	4	2	2	2	4	4	4	2	2	3	3	1	4	2	2	3	3	2	2	3	3	3	3	1	2	1	1	1	2	1	3	1	1	0	0	2	4	2	2	3	4	4	2	1	1	1	3	0	0	2	4	1	3	1	4	1	3	1	3	2	2	2	2	1	1	2	4	4	2	2	3	3	3	1	4	0	0	3	3	1	3	1	1	4	4	1	1	2	2	4	2	3	3	4	2	3	3
M083434_M846_6F	0	0	4	4	2	2	1	1	4	4	3	3	4	4	1	1	0	0	2	2	2	2	0	0	3	3	3	3	4	4	3	4	2	2	4	4	2	2	2	2	4	4	2	2	3	3	4	4	1	1	4	4	2	2	2	3	0	0	3	3	3	3	2	2	4	4	0	0	2	2	1	3	1	1	4	4	2	2	4	4	1	1	3	3	1	1	1	1	1	1	1	1	1	1	4	4	2	2	2	2	4	4	2	2	3	3	4	4	2	2	3	3	2	2	1	1	3	3	1	1	1	1	1	2	3	3	1	1	0	0	2	2	2	2	4	4	4	4	1	1	1	1	0	0	4	4	1	1	1	1	1	1	1	1	2	2	2	2	4	4	4	4	4	4	2	2	3	3	4	4	0	0	3	3	1	1	1	1	4	4	1	1	2	2	4	4	3	3	4	4	3	3
M083442_M846_7F	0	0	4	4	2	2	1	1	4	4	3	3	4	4	1	1	0	0	2	2	2	2	0	0	3	3	3	3	4	4	3	3	2	2	4	4	2	2	2	2	4	4	2	2	3	3	4	4	1	1	4	4	2	2	2	2	0	0	3	3	3	3	2	2	4	4	0	0	2	2	1	1	1	1	4	4	2	2	3	4	1	1	3	3	1	1	1	1	1	1	1	1	1	1	4	4	2	2	2	2	4	4	2	3	3	3	4	4	2	2	3	3	2	2	1	3	3	3	1	1	1	1	2	2	3	3	1	1	0	0	2	2	2	2	4	4	4	4	1	1	1	1	0	0	4	4	1	1	1	1	1	1	1	1	2	2	2	2	4	4	4	4	4	4	2	2	3	3	4	4	0	0	3	3	1	1	1	1	4	4	1	1	2	2	4	4	3	3	4	4	3	3
M083450_M846_8F	0	0	4	4	2	2	1	1	4	4	3	3	4	4	1	1	0	0	4	2	2	2	0	0	3	3	3	3	4	4	3	3	2	2	4	4	2	2	2	2	4	4	2	2	3	3	4	4	1	1	4	4	2	2	2	3	0	0	3	4	3	3	2	2	4	4	0	0	2	2	1	1	1	1	2	4	2	2	4	4	1	1	1	1	1	1	1	1	1	1	1	1	1	1	4	4	2	2	2	2	4	4	0	0	3	3	4	4	2	2	3	3	2	2	1	3	3	3	1	1	1	1	1	2	3	3	1	1	0	0	2	2	2	2	4	4	4	4	1	1	1	1	0	0	4	4	1	1	1	1	1	1	1	1	2	2	2	2	1	4	4	4	4	4	2	2	3	3	4	4	0	0	3	3	1	1	1	1	4	4	1	1	2	2	4	4	3	3	4	4	3	3
M083458_M846_9F	0	0	4	4	2	2	1	1	4	4	3	3	4	4	1	1	0	0	4	4	2	2	0	0	3	3	3	3	4	4	3	4	2	2	4	4	2	2	2	2	4	4	2	2	3	3	4	4	1	1	2	4	2	2	2	3	0	0	3	3	3	3	2	2	4	4	0	0	2	2	1	1	1	1	4	4	2	2	4	4	1	1	1	3	1	1	1	1	1	1	3	3	1	1	4	4	2	2	2	2	4	4	2	2	3	3	4	4	2	2	3	3	2	2	1	3	3	3	1	1	1	1	2	2	3	3	1	1	0	0	2	2	2	2	4	4	4	4	1	1	1	1	0	0	4	4	1	1	1	1	1	1	1	1	2	2	2	2	1	4	4	4	4	4	2	2	3	3	4	4	0	0	3	3	1	1	1	1	4	4	1	1	2	2	4	4	3	3	4	4	3	3
M083466_M846_10F	0	0	4	4	2	2	1	2	3	4	3	3	2	4	1	1	0	0	2	2	4	2	0	0	1	3	1	3	3	4	3	3	1	2	1	4	1	2	2	2	1	4	2	4	3	4	4	4	1	1	2	4	2	2	2	3	0	0	3	3	3	2	1	2	4	4	0	0	1	2	1	3	1	1	2	4	2	2	3	4	1	3	3	3	1	1	1	3	1	3	1	3	1	2	3	4	2	2	2	4	4	4	2	3	3	3	1	4	2	2	3	3	1	2	1	3	3	3	1	2	1	1	1	2	1	3	0	0	0	0	2	4	2	2	3	4	4	2	1	1	1	3	0	0	2	4	1	3	1	4	1	3	1	3	2	2	2	2	1	4	2	4	4	2	2	2	3	3	1	4	0	0	2	3	1	3	1	1	4	4	1	1	2	2	4	4	3	3	4	2	3	3
M079651_M807_1G	0	0	2	4	2	4	1	1	3	3	3	4	2	4	3	3	0	0	2	2	4	2	0	0	1	3	1	3	3	4	3	3	1	2	1	1	1	2	2	2	1	4	2	4	3	4	4	2	1	1	2	4	2	2	3	3	0	0	3	3	3	2	1	2	4	4	0	0	1	2	1	1	1	2	2	4	1	1	3	4	1	3	1	3	1	4	1	3	1	3	1	3	1	2	3	4	2	4	2	4	1	4	2	2	3	3	1	4	2	2	1	3	1	2	3	3	1	3	1	2	1	2	1	1	1	3	1	3	0	0	0	0	2	2	3	4	4	2	1	1	1	3	0	0	2	4	1	3	1	4	1	3	1	3	2	4	2	2	1	4	2	4	4	2	2	3	3	3	1	4	0	0	2	3	1	3	1	3	2	4	1	1	1	2	4	2	3	3	4	2	3	3
M079659_M807_2G	0	0	2	4	2	4	1	2	3	4	3	4	2	4	1	3	0	0	2	2	4	4	0	0	1	3	1	3	3	4	3	3	1	2	1	1	1	2	2	2	1	4	2	4	3	4	4	2	1	1	2	4	2	2	2	3	0	0	3	3	0	0	1	2	4	4	0	0	1	2	3	3	1	2	4	4	1	2	4	4	3	3	1	3	1	4	1	3	1	3	3	3	1	2	3	4	2	4	4	4	1	4	2	3	3	3	1	4	4	2	1	3	1	2	1	3	1	1	1	2	1	2	1	2	1	3	1	3	0	0	0	0	2	2	3	4	4	2	1	1	1	3	0	0	2	4	1	3	1	4	1	3	0	0	2	4	2	2	0	0	2	4	4	2	2	3	3	3	1	4	0	0	2	3	1	3	1	3	2	4	1	1	0	0	4	2	3	3	4	2	3	3
M083395_M846_1G	0	0	4	4	2	2	1	1	4	4	3	3	4	4	1	3	0	0	2	2	2	2	0	0	3	3	3	3	4	4	3	3	2	2	4	4	2	2	2	2	4	4	2	2	3	3	4	4	1	1	2	4	2	2	2	3	0	0	3	3	3	3	2	2	4	4	0	0	2	2	1	3	1	1	4	4	2	2	3	4	1	1	1	3	1	1	1	1	1	1	3	3	1	1	4	4	2	2	2	2	1	4	2	3	3	3	4	4	2	2	3	3	2	2	3	3	3	3	1	1	1	1	1	2	3	3	1	1	0	0	2	2	2	2	4	4	4	4	1	1	1	1	0	0	4	4	1	1	1	1	1	1	1	1	2	2	2	2	1	1	4	4	4	4	2	2	3	3	4	4	0	0	3	3	1	1	1	1	4	4	1	1	2	2	4	4	3	3	4	4	3	3
M083403_M846_2G	0	0	4	4	2	2	1	1	4	4	3	3	4	4	1	1	0	0	2	2	2	2	0	0	3	3	3	3	4	4	3	3	2	2	4	4	2	2	2	2	4	4	2	2	3	3	4	4	1	1	2	4	2	2	2	3	0	0	3	3	3	3	2	2	4	4	0	0	2	2	1	3	1	1	2	4	2	2	4	4	1	1	3	3	1	1	1	1	1	1	1	3	1	1	4	4	2	2	2	2	4	4	2	2	3	3	4	4	0	0	3	3	2	2	1	3	3	3	1	1	1	1	2	2	3	3	1	1	0	0	2	2	2	2	4	4	4	4	1	1	1	1	0	0	4	4	1	1	1	1	1	1	1	1	2	2	2	2	1	4	4	4	4	4	2	2	3	3	4	4	0	0	3	3	1	1	1	1	4	4	1	1	2	2	4	4	3	3	4	4	3	3
M083411_M846_3G	0	0	4	4	2	2	1	1	4	4	3	3	4	4	1	1	0	0	2	2	2	2	0	0	3	3	3	3	4	4	3	3	2	2	4	4	2	2	2	2	4	4	2	2	3	3	4	4	1	1	2	4	2	2	2	2	0	0	3	4	3	3	2	2	4	4	0	0	2	2	1	3	1	1	4	4	2	2	4	4	1	1	1	3	1	1	1	1	1	1	3	3	1	1	4	4	2	2	2	2	4	4	2	3	3	3	4	4	2	2	3	3	2	2	3	3	3	3	1	1	1	1	1	2	3	3	1	1	0	0	2	2	2	2	4	4	4	4	1	1	1	1	0	0	4	4	1	1	1	1	1	1	1	1	2	2	2	2	1	4	4	4	4	4	2	2	3	3	4	4	0	0	3	3	1	1	1	1	4	4	1	1	2	2	4	4	3	3	4	4	3	3
M083419_M846_4G	0	0	4	4	2	2	1	1	4	4	3	3	0	0	1	1	0	0	2	2	2	2	0	0	3	3	3	3	4	4	3	3	2	2	4	4	2	2	2	2	4	4	2	2	3	3	4	4	1	2	4	4	2	2	2	2	0	0	3	3	3	3	2	2	4	4	0	0	2	2	1	1	1	1	4	4	2	2	4	4	1	1	1	1	1	1	1	1	1	1	1	1	1	1	4	4	2	2	2	2	4	4	2	3	3	3	4	4	2	2	3	3	2	2	1	1	3	3	1	1	1	1	2	2	3	3	1	1	0	0	2	2	2	2	0	0	4	4	1	1	1	1	0	0	4	4	1	1	1	1	1	1	1	1	2	2	2	2	1	1	4	4	4	4	2	2	3	3	4	4	0	0	3	3	1	1	1	1	4	4	1	1	2	2	4	4	3	3	0	0	3	3
M083427_M846_5G	0	0	4	4	2	4	1	2	3	3	3	3	2	4	1	1	0	0	2	2	4	2	0	0	3	3	1	3	3	4	3	3	1	2	1	4	2	2	2	2	1	4	2	4	3	4	4	2	1	2	2	2	2	2	2	3	0	0	3	3	3	2	1	2	4	4	0	0	1	2	1	3	1	2	4	4	1	2	3	4	1	3	3	3	1	1	1	3	1	3	3	3	1	2	3	4	2	2	2	4	4	4	2	2	3	3	1	4	2	2	3	3	1	2	3	3	3	3	1	2	1	1	1	1	1	3	0	0	0	0	2	4	2	2	3	4	4	2	1	1	1	3	0	0	2	4	1	3	1	4	1	3	1	3	2	4	2	2	1	1	2	4	4	2	2	2	3	3	1	4	0	0	2	3	1	3	1	1	2	4	1	1	2	2	4	2	3	3	4	2	3	3
M083435_M846_6G	0	0	4	4	2	2	1	1	4	4	3	3	4	4	1	1	0	0	2	2	2	2	0	0	3	3	3	3	4	4	3	4	2	2	1	4	2	2	2	2	4	4	2	2	3	3	4	4	1	2	2	4	2	2	2	3	0	0	3	3	3	3	2	2	4	2	0	0	2	2	1	3	1	1	4	4	2	2	3	4	1	1	3	3	1	1	1	1	1	1	3	3	1	1	4	4	2	2	2	2	4	4	2	2	3	3	4	4	2	2	3	3	2	2	1	1	1	3	1	1	1	1	2	2	3	3	1	1	0	0	2	2	2	2	4	4	4	4	1	1	1	1	0	0	4	4	1	1	1	1	1	1	1	1	2	2	2	2	1	1	4	4	4	4	2	2	3	3	4	4	0	0	3	3	1	1	1	1	4	4	1	1	2	2	4	4	3	3	4	4	3	3
M083443_M846_7G	0	0	4	4	2	2	1	1	4	4	3	4	4	4	1	3	0	0	4	2	2	2	0	0	3	3	3	3	4	4	3	3	2	2	4	4	2	2	2	2	4	4	2	2	3	3	4	4	1	1	2	4	2	2	3	3	0	0	3	3	3	3	2	2	4	2	0	0	2	2	1	3	1	1	2	4	2	2	3	4	1	1	1	3	1	1	1	1	1	1	1	3	1	1	4	4	2	2	2	2	4	4	3	3	3	3	4	4	2	2	3	3	2	2	1	3	3	3	1	1	1	1	2	2	3	3	1	1	0	0	2	2	2	2	4	4	4	4	1	1	1	1	0	0	4	4	1	1	1	1	1	1	1	1	2	2	2	2	1	4	4	4	4	4	2	2	3	3	4	4	0	0	3	3	1	1	1	1	4	4	1	1	2	2	4	4	3	3	4	4	3	3
M083451_M846_8G	0	0	4	4	2	2	1	1	0	0	3	3	4	4	1	1	0	0	4	2	2	2	0	0	3	3	3	3	4	4	3	3	2	2	4	4	0	0	2	2	4	4	2	2	3	3	4	4	1	1	2	4	2	2	2	3	0	0	3	3	3	3	1	2	4	4	0	0	2	2	1	3	1	1	4	4	2	2	4	4	1	1	1	3	1	1	1	1	1	1	3	3	1	1	4	4	2	2	0	0	0	0	2	3	0	0	4	4	2	2	3	3	2	2	1	1	1	3	1	1	1	1	2	2	3	3	1	1	0	0	2	2	2	2	4	4	0	0	1	1	1	1	0	0	4	4	1	1	1	1	1	1	1	1	2	2	2	2	4	4	4	4	4	4	2	2	3	3	4	4	0	0	3	3	1	1	1	1	4	4	1	1	2	2	4	4	3	3	4	4	3	3
M083459_M846_9G	0	0	4	4	2	2	1	2	4	4	3	3	2	4	1	1	0	0	2	2	4	2	0	0	1	3	1	3	3	4	3	4	1	2	1	4	2	2	2	2	1	4	2	4	3	4	4	4	1	1	2	4	2	2	2	3	0	0	3	3	3	2	1	2	4	4	0	0	2	2	3	3	1	1	4	4	2	2	3	4	1	3	0	0	1	1	1	3	1	3	1	3	1	2	3	4	2	2	2	4	4	4	0	0	3	3	1	4	2	2	1	3	2	2	3	3	3	3	1	2	1	1	1	2	1	3	1	1	0	0	2	4	2	2	3	4	4	2	1	1	1	3	0	0	2	4	1	3	1	4	1	3	1	1	2	2	2	2	1	4	2	4	4	2	2	3	3	3	1	4	0	0	3	3	1	3	1	1	2	4	1	1	2	2	4	2	3	3	4	2	3	3
M083467_M846_10G	0	0	4	4	2	2	1	2	3	4	3	3	2	4	1	1	0	0	4	2	4	2	0	0	1	3	1	3	3	4	3	3	1	2	1	4	1	2	2	2	1	4	2	4	3	4	4	2	1	2	2	4	2	2	2	3	0	0	3	3	3	2	1	2	4	2	0	0	1	2	1	3	1	2	4	4	1	2	4	4	1	3	3	3	1	1	1	3	1	3	1	3	1	2	3	4	2	2	2	4	0	0	2	3	3	3	1	4	2	2	3	3	1	2	1	3	3	3	1	2	1	1	1	1	1	3	1	1	0	0	2	4	2	2	3	4	4	2	1	1	1	3	0	0	2	4	1	3	1	4	1	3	1	3	2	4	0	0	1	1	2	4	4	2	2	3	3	3	1	4	0	0	2	3	1	3	1	1	2	4	1	1	0	0	4	2	3	3	4	2	3	3
M079652_M807_1H	0	0	2	4	2	2	1	2	3	4	3	4	2	4	3	3	0	0	2	2	4	4	0	0	1	3	1	3	3	4	3	3	1	2	1	1	1	2	2	2	1	4	2	4	3	4	4	2	1	1	2	4	2	2	2	3	0	0	3	3	3	2	1	2	4	4	0	0	1	2	3	3	1	2	2	4	1	2	3	3	1	3	3	3	1	4	1	3	1	3	1	3	1	2	3	4	2	2	4	4	4	4	2	2	3	3	1	4	4	2	1	3	1	2	1	3	1	1	1	2	1	2	1	1	1	3	1	3	0	0	2	4	2	2	3	4	4	2	1	1	1	3	0	0	2	4	1	3	1	4	3	3	3	3	2	4	2	2	1	1	2	4	4	2	2	3	3	3	1	4	0	0	2	3	1	3	1	1	2	4	1	3	2	2	4	2	3	3	4	2	3	3
M079660_M807_2H	0	0	0	0	0	0	0	0	0	0	0	0	0	0	0	0	0	0	0	0	0	0	0	0	0	0	0	0	0	0	0	0	0	0	0	0	0	0	0	0	0	0	0	0	0	0	0	0	0	0	0	0	0	0	0	0	0	0	0	0	0	0	0	0	0	0	0	0	0	0	0	0	0	0	0	0	0	0	0	0	0	0	0	0	0	0	0	0	0	0	0	0	0	0	0	0	0	0	0	0	0	0	0	0	0	0	0	0	0	0	0	0	0	0	0	0	0	0	0	0	0	0	0	0	0	0	0	0	0	0	0	0	0	0	0	0	0	0	0	0	0	0	0	0	0	0	0	0	0	0	0	0	0	0	0	0	0	0	0	0	0	0	0	0	0	0	0	0	0	0	0	0	0	0	0	0	0	0	0	0	0	0	0	0	0	0	0	0	0	0	0	0
M083396_M846_1H	0	0	4	4	2	4	1	2	3	4	3	3	2	4	1	3	0	0	2	2	4	2	0	0	1	3	1	3	3	4	3	3	1	2	1	4	1	2	2	2	1	4	2	4	3	4	4	2	1	2	2	4	2	2	2	3	0	0	3	3	3	2	1	2	4	4	0	0	1	2	1	3	1	2	4	4	1	2	3	3	1	3	3	3	1	1	1	3	1	3	3	3	1	2	3	4	2	2	2	4	4	4	2	2	3	3	1	4	2	2	1	3	1	2	3	3	3	3	1	2	1	1	1	2	1	3	1	1	0	0	2	4	2	2	3	4	4	2	1	3	1	3	0	0	2	4	1	3	1	4	1	3	1	3	4	4	2	2	1	1	2	4	4	2	2	2	3	3	1	4	0	0	2	3	1	3	1	1	2	4	1	1	0	0	4	2	3	3	4	2	3	3
M083404_M846_2H	0	0	4	4	2	2	1	1	0	0	3	3	4	4	1	1	0	0	4	2	2	2	0	0	0	0	3	3	4	4	3	3	2	2	4	4	1	2	2	2	4	4	2	2	3	3	4	4	1	1	4	4	2	2	2	3	0	0	3	3	3	3	0	0	4	4	0	0	2	2	1	3	1	1	4	4	2	2	4	4	0	0	0	0	1	1	0	0	1	1	1	1	1	1	0	0	2	2	2	4	4	4	0	0	3	3	4	4	2	2	3	3	0	0	1	1	3	3	1	1	1	1	2	2	3	3	1	1	0	0	2	2	2	2	4	4	0	0	1	1	1	1	0	0	4	4	1	1	1	1	1	1	1	1	2	2	2	2	1	1	4	4	4	4	2	2	3	3	4	4	0	0	3	3	1	1	1	1	4	4	1	1	2	2	4	4	3	3	0	0	3	3
M083412_M846_3H	0	0	4	4	2	2	1	1	4	4	3	3	4	4	1	1	0	0	2	2	2	2	0	0	3	3	3	3	4	4	3	3	2	2	4	4	2	2	2	2	4	4	2	2	3	3	4	4	1	1	4	4	2	2	2	2	0	0	3	3	3	3	2	2	4	4	0	0	2	2	1	1	1	1	4	4	2	2	4	4	1	1	1	1	1	1	1	1	1	1	1	1	1	1	4	4	2	2	2	2	0	0	2	3	3	3	4	4	2	2	3	3	2	2	1	3	3	3	1	1	1	1	1	2	3	3	1	1	0	0	2	2	2	2	4	4	4	4	1	1	1	1	0	0	4	4	1	1	1	1	1	1	1	1	2	2	2	2	1	4	4	4	4	4	2	2	3	3	4	4	0	0	3	3	1	1	1	1	4	4	1	1	2	2	4	4	3	3	4	4	3	3
M083420_M846_4H	0	0	4	4	2	2	1	1	4	4	3	3	4	4	1	1	0	0	2	2	2	2	0	0	3	3	3	3	4	4	3	3	2	2	4	4	2	2	2	2	4	4	2	2	3	3	4	4	1	1	4	4	2	2	2	3	0	0	3	3	3	3	2	2	4	4	0	0	2	2	1	1	1	1	2	4	2	2	4	4	1	1	1	3	1	1	1	1	1	1	1	1	1	1	4	4	2	2	2	2	4	4	2	3	3	3	4	4	2	2	3	3	2	2	1	3	3	3	1	1	1	1	1	2	3	3	1	1	0	0	2	2	2	2	4	4	4	4	1	1	1	1	0	0	4	4	1	1	1	1	1	1	1	1	2	2	2	2	1	1	4	4	4	4	2	2	3	3	4	4	0	0	3	3	1	1	1	1	4	4	1	1	2	2	4	4	3	3	4	4	3	3
M083428_M846_5H	0	0	4	4	2	2	1	1	4	4	3	3	4	4	1	3	0	0	4	2	2	2	0	0	3	3	3	3	4	4	3	3	2	2	4	4	2	2	2	2	4	4	2	2	3	3	4	4	1	1	2	4	2	2	2	3	0	0	3	3	3	3	2	2	4	4	0	0	2	2	1	1	1	1	4	4	2	2	4	4	1	1	3	3	1	1	1	1	1	1	1	3	1	1	4	4	2	2	2	2	4	4	2	2	3	3	4	4	2	2	3	3	2	2	3	3	3	3	1	1	1	1	2	2	3	3	1	1	0	0	2	2	2	2	4	4	4	4	1	1	1	1	0	0	4	4	1	1	1	1	1	1	1	1	2	2	2	2	1	4	4	4	4	4	2	2	3	3	4	4	0	0	3	3	1	1	1	1	4	4	1	1	2	2	4	4	3	3	4	4	3	3
M083436_M846_6H	0	0	2	4	2	2	1	2	3	3	3	3	0	0	1	1	0	0	2	2	4	2	0	0	1	3	1	3	3	4	3	3	1	2	1	4	1	2	2	2	1	4	2	4	3	4	4	4	1	1	2	2	2	2	2	3	0	0	3	3	3	2	1	2	4	4	0	0	2	2	1	3	1	1	4	4	2	2	3	4	1	3	1	3	1	1	1	3	1	3	3	3	1	2	3	4	2	2	2	4	4	4	0	0	3	3	1	4	2	2	3	3	1	2	1	3	1	3	1	2	1	1	1	1	1	3	1	1	0	0	2	4	2	2	3	4	4	2	1	1	1	3	0	0	2	4	1	3	1	4	1	3	1	3	2	2	2	2	1	1	2	4	4	2	2	3	3	3	1	4	0	0	2	3	1	3	1	1	4	4	1	1	2	2	4	2	3	3	4	2	3	3
M083444_M846_7H	0	0	4	4	2	2	1	1	0	0	3	3	2	4	1	1	0	0	4	2	4	2	0	0	1	3	1	3	3	4	3	3	1	2	1	4	1	2	2	2	1	4	2	4	3	4	4	4	1	1	2	4	2	2	3	3	0	0	3	3	3	2	1	2	4	4	0	0	1	2	1	3	1	1	4	4	2	2	3	4	1	3	3	3	1	1	1	1	1	3	1	3	1	2	0	0	2	2	2	4	4	4	2	3	3	3	0	0	2	2	3	3	0	0	1	3	3	3	1	2	1	1	1	2	1	3	1	1	0	0	2	2	2	2	0	0	0	0	1	1	1	3	0	0	2	4	0	0	1	4	1	3	1	3	2	2	2	2	1	1	2	4	4	2	2	3	3	3	1	4	0	0	2	3	1	3	1	1	0	0	1	1	2	2	4	2	3	3	4	2	3	3
M083452_M846_8H	0	0	4	4	2	2	1	1	4	4	3	3	4	4	1	1	0	0	4	2	2	2	0	0	3	3	3	3	4	4	3	4	2	2	1	4	2	2	2	2	4	4	2	2	3	3	4	4	2	2	2	4	2	2	2	2	0	0	3	3	3	3	2	2	4	4	0	0	2	2	1	1	1	1	4	4	2	2	4	4	1	1	3	3	1	1	1	1	1	1	1	3	1	1	4	4	2	2	2	2	4	4	2	2	3	3	4	4	2	2	3	3	2	2	1	3	3	3	1	1	1	1	2	2	3	3	1	1	0	0	2	2	2	2	4	4	4	4	1	1	1	1	0	0	4	4	1	1	1	1	1	1	1	1	4	4	2	2	1	1	4	4	4	4	2	2	3	3	4	4	0	0	3	3	1	1	1	1	4	4	1	1	2	2	4	4	3	3	4	4	3	3
M083460_M846_9H	0	0	4	4	2	2	1	1	4	4	3	3	4	4	1	1	0	0	2	2	2	2	0	0	3	3	3	3	4	4	3	3	2	2	4	4	2	2	2	2	4	4	2	2	3	3	4	4	1	1	2	4	2	2	2	2	0	0	3	4	3	3	2	2	4	4	0	0	2	2	1	1	1	1	4	4	2	2	4	4	1	1	3	3	1	1	1	1	1	1	1	3	1	1	4	4	2	2	2	2	4	4	2	3	3	3	4	4	2	2	3	3	2	2	1	3	3	3	1	1	1	1	2	2	3	3	1	1	0	0	2	2	2	2	4	4	4	4	1	1	1	1	0	0	4	4	1	1	1	1	1	1	1	1	2	2	2	2	1	1	4	4	4	4	2	2	3	3	4	4	0	0	3	3	1	1	1	1	4	4	1	1	2	2	4	4	3	3	4	4	3	3
M079645_M807_1A	0	0	2	4	2	2	1	2	4	4	3	4	0	0	1	3	0	0	2	2	4	2	0	0	1	3	1	3	3	4	3	3	1	2	1	1	1	2	2	2	1	4	2	4	3	4	4	2	1	1	2	2	2	2	0	0	0	0	3	4	3	2	1	2	4	4	0	0	1	2	3	3	1	2	4	4	1	2	3	4	1	3	1	3	1	1	1	3	1	3	1	3	1	2	3	4	2	4	2	4	0	0	0	0	0	0	0	0	4	2	1	3	1	2	1	3	3	3	1	2	1	2	0	0	1	3	1	3	0	0	2	4	2	2	3	4	4	2	0	0	1	3	0	0	2	4	1	3	1	4	1	3	0	0	2	4	1	2	1	4	2	4	4	2	2	3	3	3	1	4	0	0	2	3	1	3	1	3	2	4	1	1	0	0	4	2	3	3	4	2	3	3
M079653_M807_2A	0	0	4	4	2	2	1	1	4	4	3	4	4	4	3	3	0	0	2	2	2	2	0	0	3	3	3	3	4	4	3	3	2	2	1	1	2	2	2	2	4	4	2	2	3	3	4	4	1	1	4	4	2	2	2	3	0	0	3	3	3	3	2	2	4	4	0	0	2	2	3	3	1	1	4	4	2	2	4	4	1	3	1	3	1	1	1	1	1	1	1	1	1	1	4	4	2	2	2	2	4	4	2	2	3	3	4	4	2	2	3	3	2	2	1	1	1	3	1	1	1	1	1	2	3	3	1	1	0	0	2	2	2	2	4	4	4	4	1	1	1	1	0	0	4	4	1	1	1	1	1	1	0	0	2	2	1	2	1	4	4	4	4	4	2	2	3	3	4	4	0	0	3	3	1	1	1	1	4	4	1	1	2	2	4	4	3	3	4	4	3	3
M079661_M807_3A	0	0	0	0	0	0	0	0	0	0	0	0	0	0	0	0	0	0	0	0	0	0	0	0	0	0	0	0	0	0	0	0	0	0	0	0	0	0	0	0	0	0	0	0	0	0	0	0	0	0	0	0	0	0	0	0	0	0	0	0	0	0	0	0	0	0	0	0	0	0	0	0	0	0	0	0	0	0	0	0	0	0	0	0	0	0	0	0	0	0	0	0	0	0	0	0	0	0	0	0	0	0	0	0	0	0	0	0	0	0	0	0	0	0	0	0	0	0	0	0	0	0	0	0	0	0	0	0	0	0	0	0	0	0	0	0	0	0	0	0	0	0	0	0	0	0	0	0	0	0	0	0	0	0	0	0	0	0	0	0	0	0	0	0	0	0	0	0	0	0	0	0	0	0	0	0	0	0	0	0	0	0	0	0	0	0	0	0	0	0	0	0
